9.359999999999999432e+01
1.035000000000000000e+02
1.761999999999999886e+02
1.538000000000000114e+02
1.370000000000000000e+02
1.435000000000000000e+02
1.510000000000000000e+02
1.475999999999999943e+02
1.610999999999999943e+02
1.741999999999999886e+02
1.855999999999999943e+02
1.421999999999999886e+02
1.656999999999999886e+02
1.889000000000000057e+02
1.115999999999999943e+02
1.480000000000000000e+02
1.769000000000000057e+02
2.000000000000000000e+02
1.980999999999999943e+02
2.000000000000000000e+02
2.000000000000000000e+02
