-1.642318174485030340e+03
-8.742109931242703169e+02
-8.889498595157483578e+02
-1.193724010165206209e+03
-1.531476489594004534e+03
-1.638826738651652022e+03
-1.253389441215115312e+03
-1.315072468030565915e+03
-9.648183446352226156e+02
-1.491358077560946640e+03
-1.457202246556377077e+03
-1.440356997290770778e+03
-1.314425864552571056e+03
-8.857247565019522426e+02
-9.477171112659930259e+02
-1.347402453655216050e+03
-8.627355528538623730e+02
-9.174830343734183771e+02
-1.149196487716457113e+03
-8.589256567678961574e+02
-8.972478283658178952e+02
-1.036234151073561179e+03
-5.053248275873282296e+02
-6.283578435804810169e+02
-7.180294327699240284e+02
-7.376044840349600236e+02
-6.273755248177016028e+02
-6.133813516301033815e+02
-5.036910193236217879e+02
-3.766158090034773522e+02
-4.992634459896016779e+02
-2.525814214898017838e+02
-6.341505374379928526e+02
-1.277192961862094762e+02
-6.142341368405648154e+02
-2.495050697703523781e+02
-3.607603647528730448e+02
-2.505355195029087270e+02
-2.468805876935523429e+02
-2.498849447367641687e+02
-2.328608599244021775e+02
-2.440739920680682360e+02
-2.291368181177460883e+02
-3.664247428113654905e+02
-1.167441607549570790e+02
-2.435076434919185715e+02
-2.301112525650986811e+02
-1.245537036800038209e+02
-3.503796257602465971e+02
-1.156862869659690745e+02
-1.197850898672405009e+02
-1.198214611184434233e+02
-2.424287121988220122e+02
-1.177159050467093460e+00
-2.344528295521682821e+02
-1.234018234903705178e+02
-1.194370162601527596e+02
-2.624994104955592888e+02
-3.524698588134737065e+02
-1.314344617317799475e+02
-1.186763815594609923e+02
-3.346602188824413702e+02
-1.187044111569154836e+02
-2.434553128666332498e+02
-3.280297129636083220e+00
-3.133516121735996762e+02
-1.207790196017680415e+02
-1.349293194422410469e+00
-2.293747662145617312e+02
-1.207504812733334916e+02
-1.241327654782946865e+02
-1.212469764762026045e+02
