-1.426331641342438616e+03
-1.199027903190286452e+03
-1.260635781220499439e+03
-1.133164770105666321e+03
-1.272749609672626548e+03
-1.623430699952783698e+03
-1.277280810427844472e+03
-9.051861981687543448e+02
-1.629955591309822921e+03
-1.426340684438288463e+03
-1.176564735839070863e+03
-1.168220656352803871e+03
-1.400638234871378927e+03
-1.372457372948862258e+03
-1.325939681562731721e+03
-1.432713710843414901e+03
-1.302745253217230811e+03
-1.602170123941242764e+03
-1.298217781027141427e+03
-1.265192691188184199e+03
-1.093446511124893959e+03
-1.349298665282354477e+03
-1.235951146033830810e+03
-1.427274893485864595e+03
-1.517221764414348399e+03
-1.386584110120872083e+03
-1.473986259379519424e+03
-1.154736276592197100e+03
-1.117280096719950052e+03
-1.196165356071134966e+03
-1.167512648991262722e+03
-1.063107141049377105e+03
-1.119518106478293248e+03
-1.323318374241673155e+03
-1.293676533732676262e+03
-1.285826002725441185e+03
-1.310878055003503050e+03
-1.362777099703381509e+03
-1.296345538993519085e+03
-1.237285705499944015e+03
-1.367705221141831544e+03
-1.310136616371098171e+03
-1.170826375070116228e+03
-1.566066039940360952e+03
-1.579814250571414732e+03
-1.360532351711787214e+03
-1.058278408224061195e+03
-1.301909025243257020e+03
-1.163323986657107753e+03
-1.390589231872362234e+03
-9.255527712749948250e+02
-1.391839003436904477e+03
-1.199953144742011546e+03
-1.208482001242042088e+03
-1.260809747120468273e+03
-1.131079917815560293e+03
-1.173498076744113632e+03
-1.267031822346389617e+03
-1.503413325139634935e+03
-1.126706663431161815e+03
-1.316284042488703335e+03
-1.187342026758800102e+03
-1.187319172664701455e+03
-1.385499048060338055e+03
-1.476282581327306616e+03
-1.247437677378612307e+03
-1.241851829394129254e+03
-1.349314411385384346e+03
-1.186357527310040041e+03
-1.322165158425517802e+03
-9.520292422029496038e+02
-1.318816546315867072e+03
-1.108408017118632188e+03
-1.127202959948300077e+03
-9.995569680855238630e+02
-1.075197650050692118e+03
-9.676317226443936761e+02
-1.101252867458511446e+03
-9.713024742359826860e+02
-1.100879104075278292e+03
-1.139317885261203855e+03
-1.117205163120804627e+03
-1.186360138416403743e+03
-9.791470940168480865e+02
-9.596178100829768027e+02
-1.118107285680477389e+03
-1.030211961896473213e+03
-1.207969850538745050e+03
-9.043704313369805732e+02
-1.060047921117219175e+03
-1.049731854460923159e+03
-1.178582654338827524e+03
-1.115343044595343599e+03
-9.175973162676616539e+02
-9.592225945367998747e+02
-1.208170095723654413e+03
-1.053010381138608409e+03
-1.112055300421691072e+03
-1.064107886951102273e+03
-9.737581014321360726e+02
-1.156159854555467973e+03
-9.712851068367760945e+02
-1.103462140209525160e+03
-8.971477646864893813e+02
-1.073021582228292800e+03
-1.118293193489995929e+03
-1.182323216666252847e+03
-9.921938657446473826e+02
-9.669731517517784596e+02
-9.799672328171301388e+02
-8.653619374405440112e+02
-9.905248030098222216e+02
-1.040796759241904056e+03
-1.050524112627301974e+03
-1.038097823065961393e+03
-9.320218012796766516e+02
-1.011935030844647031e+03
-1.161924730356745840e+03
-9.760225284421896959e+02
-1.000075826077834904e+03
-8.295669603183202980e+02
-8.593651118320603928e+02
-1.096051097478410838e+03
-8.585139241241644186e+02
-8.846754773618127956e+02
-8.591229475327908176e+02
-9.875334426689945531e+02
-1.001035079832420138e+03
-8.694535186269547467e+02
-9.010173768795650631e+02
-8.895464035982332689e+02
-8.739027990309697316e+02
-9.940508741241868620e+02
-9.904885030686375558e+02
-1.059804925165282611e+03
-9.617872425977778903e+02
-8.334617310606147385e+02
-8.798763715222316932e+02
-8.719932412933254682e+02
-9.028001956179616627e+02
-1.056672992985884321e+03
-9.985237774915940463e+02
-1.006327704975187999e+03
-8.402578298199300662e+02
-7.649424084051511272e+02
-8.828612758557200095e+02
-7.693947514055174679e+02
-9.541311977893062704e+02
-8.748815226597020001e+02
-8.080647247815389846e+02
-8.690955219609386404e+02
-7.289886900322213705e+02
-7.641953036980434035e+02
-8.574918094471413497e+02
-8.723509350038106049e+02
-8.836889181062007310e+02
-1.005751965235919329e+03
-7.583537138555680031e+02
-8.698842254109558780e+02
-8.567985714358712812e+02
-8.206008385126187932e+02
-8.625803224576078492e+02
-7.553198435147454575e+02
-7.518701257449072273e+02
-9.799775423147327729e+02
-8.510802135940641620e+02
-9.808229428836546049e+02
-7.434762525571767355e+02
-6.299373399350625959e+02
-7.344202436517689421e+02
-6.354686208617553120e+02
-7.627645306371882725e+02
-7.442967238391762521e+02
-6.204999519275219200e+02
-5.895081190777499387e+02
-7.500131627913333432e+02
-8.798623807256710734e+02
-7.502351366124158858e+02
-7.740719684330543942e+02
-7.485556051065109386e+02
-9.622348426356362552e+02
-6.280879581189002465e+02
-6.335487096627739447e+02
-7.347668407560137211e+02
-8.513238693422621282e+02
-7.241262475036807018e+02
-6.226668980554173913e+02
-6.224775141667618072e+02
-6.366334160404456952e+02
-8.576140175442970985e+02
-6.579895970863453840e+02
-6.358358765532537973e+02
-6.573201941901864984e+02
-5.661631165091065441e+02
-7.491451220125493364e+02
-7.480086974276201772e+02
-6.102454155454224747e+02
-3.819205349401331091e+02
-7.353922100899582119e+02
-6.129788679231998003e+02
-7.579197251490761573e+02
-6.326810272878050228e+02
-7.006893039879153093e+02
-7.372945152614042854e+02
-6.238355076145837756e+02
-5.060615744248947294e+02
-4.994372153351999941e+02
-6.320709377715809296e+02
-6.319382568706316761e+02
-3.881797602568017282e+02
-8.205334416635030266e+02
-6.263312768064733973e+02
-6.265901621739501479e+02
-6.947781471337250423e+02
-8.341760745000044608e+02
-6.306023254037914967e+02
-5.951124865710377208e+02
-5.247843541922668464e+02
-5.083038254614995139e+02
-5.758703289617840255e+02
-6.325326400344364401e+02
-5.072254826716254001e+02
-3.838367991394882210e+02
-4.891080081095017249e+02
-5.214446107557466803e+02
-5.931123740129470434e+02
-6.967324153208423922e+02
-5.244093152761721512e+02
-6.176226237500658272e+02
-5.033697600203026923e+02
-5.065691149666106980e+02
-3.805187906537790354e+02
-6.148086069154746838e+02
-3.744531978237535554e+02
-5.127811063258440072e+02
-6.104483523730729075e+02
-4.826793737906766069e+02
-6.050554675628623045e+02
-7.219125480977650113e+02
-5.024606047983690473e+02
-6.205270408044550550e+02
-2.559263546579682043e+02
-4.901434376946230600e+02
-3.791915520165649696e+02
-5.094134690775871945e+02
-2.603669827950689069e+02
-4.907468422400917802e+02
-4.878733204975110880e+02
-2.552963736469290268e+02
-3.819466273904765785e+02
-4.891410193110741034e+02
-5.086601783067434894e+02
-4.694289913123588462e+02
-4.922764196423723320e+02
-4.844186053982730300e+02
-2.614504999294786103e+02
-4.014797186720013542e+02
-3.691502950249471269e+02
-6.218315155407254906e+02
-4.829024289060534443e+02
-6.074005513007500667e+02
-4.855310917899382730e+02
-3.751715945657399516e+02
-3.766374829624686527e+02
-4.782898696717920757e+02
-3.710119572004912243e+02
-2.534094777373306613e+02
-3.724957816209980592e+02
-2.562923553893201642e+02
-2.489711889134335934e+02
-2.398837909842770841e+02
-1.281257002397579754e+02
-2.530619024651604434e+02
-3.757407511096199642e+02
-2.404424060173331554e+02
-2.574679329690978875e+02
-1.270434223423390421e+02
-2.524381801653939874e+02
-2.535351831096301112e+02
-2.479306240356339401e+02
-1.328620932734939686e+02
-5.311602619558701690e+02
-1.337977337778183937e+02
-3.692486113421294931e+02
-2.542234462276417162e+02
-4.963379983667224451e+02
-2.518984396152571037e+02
-1.248904657159942388e+02
-3.889334946793668450e+02
-1.278046505517317115e+02
-1.267642284826899584e+02
-5.588878713028345828e+02
-3.520138579832161554e+02
-1.312675066373383856e+02
-1.270734009579709038e+02
-1.245423967741667468e+02
-4.277469158828724360e+00
-4.781437420061380408e+02
-2.489832501569467524e+02
-2.437377670800806015e+02
-2.376062835545320411e+02
-2.458980706320217564e+02
-1.299677294365175158e+02
-1.334090918969409358e+02
-2.559861727444725545e+02
-1.253269388271141054e+02
-2.478542943275876667e+02
-3.382416529937020186e+02
-2.541285580422251087e+02
-2.395113509121142954e+02
-2.521388896822991796e+02
-2.379241534386372336e+02
-5.558754274759487579e+00
-3.649789973584843779e+02
-2.312503256088327248e+02
-1.269280863576569658e+02
-3.411499635982916629e+02
-1.319394701361957516e+02
-1.283782241277531853e+02
-3.867692868277743834e+00
-2.408520393568679765e+02
-2.543608317875549858e+02
-2.426582650887312980e+02
-1.286244249242192836e+02
-2.470233564844802174e+02
-1.258306174609981980e+02
-1.284604647161070545e+02
-3.935686220457810123e+02
-1.241655580849886036e+02
-1.289254819875102385e+02
-2.490034948082742119e+02
-1.198646747128156704e+02
-2.464328644223650144e+02
-1.283593140113385118e+02
-2.562374053898856801e+02
-2.343248194132833362e+02
-2.482894453460259001e+02
-2.463071429053623547e+02
-2.421481252020726060e+02
-1.326713555468727463e+02
-1.302122874958518537e+02
-3.648794361199697960e+02
-1.317477973688772295e+02
-1.250686695483171320e+02
-3.653338064731327162e+00
-1.334505890220858078e+02
-1.191518525068034080e+02
-1.305400232513121637e+02
-4.938508643665167952e+00
