9.199999999999999289e+00
1.986999999999999886e+02
1.888000000000000114e+02
1.745000000000000000e+02
1.966999999999999886e+02
1.973000000000000114e+02
1.366999999999999886e+02
1.496999999999999886e+02
1.531999999999999886e+02
1.105999999999999943e+02
1.065999999999999943e+02
1.027000000000000028e+02
1.040000000000000000e+02
1.559000000000000057e+02
1.881999999999999886e+02
1.290000000000000000e+02
1.669000000000000057e+02
1.464000000000000057e+02
1.895999999999999943e+02
1.949000000000000057e+02
1.983000000000000114e+02
1.978000000000000114e+02
9.870000000000000284e+01
2.000000000000000000e+02
2.000000000000000000e+02
2.000000000000000000e+02
2.000000000000000000e+02
2.000000000000000000e+02
