-3.778209710650528450e+02
-2.843651428652227153e+01
-1.935648549498291615e+01
-3.022251988737372486e+01
-2.456489109749957578e+01
-8.424537238020883834e+00
-4.211476990099749429e+01
-3.090342004170114265e+01
-1.431510226238576777e+01
-3.060112277205322471e+02
-1.026988069942402682e+01
-1.062072476791502567e+02
-4.178165854792646350e+00
-6.895037333465309359e+01
-5.356147281624457968e+00
-2.171333526437882000e+01
-9.090940835576013512e+00
3.540190772260842778e+00
-1.670963631311985154e+01
-1.458560948744380470e+00
-7.586103077157017083e+01
-4.487711213137865585e+00
1.287211772880336724e-01
-5.651658641588078957e+00
-5.648575161426057178e+01
2.935962140005974330e+00
-4.430887080285740609e+01
-1.047675375850637280e+01
-4.256255344500716120e+01
-5.824744238596649915e+00
-9.195791267312270634e+01
-3.940238469176350122e+01
-2.297570864729704709e+01
-2.407493378844038645e+01
-3.065440545412104143e+02
8.510517318632487616e+00
2.960824171892019763e+01
-4.219121936947374252e+01
-3.856182340653041365e+02
-1.885058159752122720e+01
-3.779119227852652898e+02
-5.021712135863285020e+00
-4.186250248188181189e+01
5.398586810706492933e+00
-3.433431260610816338e+01
-1.756242503698514756e+00
-1.973391058822360122e+01
-3.488435963876107593e+01
-6.600797714514834524e+01
-2.909589422025717553e+01
2.639760423958615210e+00
8.014446011843019733e+02
-2.069680063240146808e+02
-4.048860389158221551e+01
-9.480837155573832220e+00
-1.875308665051020895e+01
-1.809110940277595603e+01
-1.455000820353244606e+01
-1.696295647040053467e+01
-5.008740447164197462e+01
3.049294603601995224e-01
4.046512576820866514e+00
-2.917272662894379778e+02
-7.566922846194761121e+01
1.546402907200559795e+01
1.666170878835801616e+01
-3.861428865378221786e+01
6.237268237843235363e-01
-5.300274104023948496e+01
1.396374431696540075e+00
5.654291016920357293e+01
3.097932298744619288e+02
-6.742226171695532955e+00
-3.891601211667158111e+01
9.950061374862457342e+00
8.970504887537547489e+00
-2.185061035596976708e+01
-7.436382302336709493e+00
-3.399864360659924500e+01
1.351244840654946699e+01
4.639310171848362074e+01
-7.936684600663801348e+01
4.857860792379804948e+00
-4.401583196412929055e+01
5.056985748584599705e+00
-2.837539368933068573e+01
2.689496622300154982e+01
9.071698081264232272e+00
2.304378872779982146e+01
9.767015495276189085e+01
1.269600301965453859e+01
4.820466195258291719e+01
-1.809590479294072338e+02
3.085871002124961251e+02
5.612743005276799977e+02
4.052713738616478167e+02
6.504307506501173286e+00
9.634189316447901774e+01
1.623679042090342080e+02
6.495788726440696337e+02
7.980795288103029961e+00
-1.663867502198289383e+00
7.914986654485901454e+02
-1.214520532767916627e+01
4.509134265220573923e+00
2.412229436189219811e+00
8.057484639599543641e+01
7.708218864078625074e+02
3.114358760969155355e+02
4.548111718527244420e+02
-1.430315250970904373e+01
4.272831922872075694e-01
4.610657011989511744e+01
6.617574673507462535e+01
1.535521742654245543e+02
1.775318622160463544e+00
8.606590358418053484e+02
2.845368044868712900e+02
2.931961834608393147e+01
1.565164461974353571e+02
7.396768118249607937e+01
8.966135179988971515e+01
7.801823943110775872e+02
2.157311190482775771e+02
3.511602741662284757e+02
1.580421745704832972e+02
2.125959159415426214e+01
6.787009261231430628e+02
2.679262366594310052e+01
8.593900363753275542e+02
8.368426970499241406e+02
5.761392390850235188e+02
9.291824526022896862e+02
7.285995392809560371e+02
2.677449180484051112e+02
8.657225976426952911e+02
9.177563064409898743e+02
3.873660752494623694e+02
2.528107694702650292e+02
8.095547089065259172e+01
6.093025633696578325e+02
5.059265259892673043e+02
9.071817635205392207e+02
-5.059432319594596272e+00
3.600473234592184468e+01
9.697539150698578396e+02
1.207887835247535691e+02
2.392871407386828935e+02
2.599341409058482810e+01
9.547253557960607395e+02
1.817261765416389778e+02
1.009502782586545067e+02
1.422527314419059223e+02
4.251002295444733647e+01
9.158632774168692094e+02
8.979073248546555988e+02
2.426439027843629503e+02
2.232749110525959964e+02
1.274924475763318696e+02
3.267150264408491580e+02
1.592132841189079500e+02
3.483298894708614313e+01
9.640815134786190583e+02
2.407854455007607086e+01
3.987354879586414995e+02
1.999513425743886046e+02
4.478649733513339015e+01
3.018709017059606836e+01
2.045089157467183725e+02
2.027782583924777384e+02
7.612925762740479740e+02
8.307673550765207438e+02
2.162871811112809155e+02
1.614524434332397504e+02
6.741662838770776034e+02
8.861712219444360699e+02
3.727792174519892114e+02
9.700326506161578664e+02
8.586622714395180083e+02
5.301114078799728304e+02
1.197766162180579840e+03
1.667171543952781803e+03
2.685059194391179744e+02
1.220005895409641710e+02
1.054249871260924465e+03
1.197572984403561804e+03
1.365174081026487784e+03
1.239602471879454242e+03
5.235182166859711828e+01
3.654357911784055659e+02
1.097932297380692034e+03
1.097533852158817069e+02
1.421827310481411075e+02
1.470277386018974255e+02
8.456066479522672807e+02
2.784271966886539644e+02
8.968659693907617338e+02
5.662541825429514120e+02
3.734790711753394135e+02
1.070326295087685139e+03
8.981555079668987673e+01
1.230334313334753773e+02
3.202910222237464382e+02
5.196720238143262804e+02
2.179480203129415656e+02
1.986523937714359249e+02
3.299302679468148654e+02
2.933529711336215087e+02
3.016267559954380886e+02
2.076155311032804605e+02
1.548473283516030278e+03
1.155285736345105789e+02
1.108747897289417097e+03
8.455743165657098359e+01
2.158662351514636271e+02
1.272111033449378283e+03
6.658163999007183520e+02
3.716907795995695096e+02
1.356814662192572314e+03
9.408854326363665450e+02
2.726991782884476834e+02
4.734446794482972791e+02
1.369090706289421632e+03
6.751942437772936501e+02
2.478143186995616531e+02
2.911623180927468866e+02
9.751844726480202326e+02
2.266021399663246996e+02
2.266711935460124607e+02
1.483482599389761276e+02
8.699519677688264210e+02
1.150110661734269570e+03
2.107066669571179887e+02
4.016566487959486267e+02
3.824621198602652328e+01
4.773740671723089122e+02
2.094274258173034923e+03
1.497258819876498819e+03
1.445566412573457740e+02
1.077245046850804556e+03
2.017622583653553193e+03
3.960953399951936831e+02
3.331117688601051441e+02
3.574262605529263226e+01
1.065854767058401791e+02
1.162226704365465821e+03
3.183670687919473608e+02
3.785477499170899307e+01
6.683393834365517705e+02
9.803618256190017064e+02
2.169251791983474959e+03
3.416368191623910775e+02
5.366794376606796959e+02
3.373339875799956644e+02
1.015235550709026029e+03
1.222959406256424472e+03
2.579780247666490141e+02
4.847360304867046210e+01
2.042961007393660793e+03
1.198497840381271772e+03
4.838088245974365691e+02
1.457657430208515734e+02
1.026535586407708251e+03
4.519062452028259145e+02
1.000542626203169760e+02
7.596540232156228285e+02
1.413623236217168596e+03
1.529531945072556027e+03
8.632479299313007459e+02
1.445919275987120898e+02
6.086737678538580099e+01
2.334407786906684734e+01
1.780077134368034706e+02
3.971025955880238598e+02
1.801328814665758102e+02
1.183337050580362728e+02
2.690465026395163477e+02
4.517109401495264933e+02
1.795527538916900312e+02
1.929114783000716216e+03
3.403124274442052979e+02
2.065385918969369868e+03
2.586278867106931756e+01
6.324060658410116957e+02
3.342074582483271001e+02
4.664640329897904536e+01
9.051885744274010221e+02
1.320638630566317943e+03
7.389772488963753858e+02
1.660046513046737857e+02
1.762160559468729844e+03
2.377147769678448412e+02
1.505846065231874320e+02
6.569656300137519338e+02
1.799727293262476451e+02
1.828304371349693838e+03
2.402353491842116000e+03
7.064486237692061650e+02
2.870291664746588935e+02
1.315441289583843854e+03
2.312680996363373197e+03
2.393558797546278640e+02
2.738994879691878168e+02
9.275630817439624707e+02
2.378961826064590696e+03
1.560497739724310975e+02
3.419660266765999950e+02
7.958294882026866617e+02
1.712879651934812557e+02
1.424330938237748683e+02
1.927280118878238682e+03
3.617315036247663897e+02
7.142661353901745542e+02
1.050499449926443731e+03
7.185199040101339278e+02
4.757421186627859555e+01
1.251095680972196305e+03
8.315529653263114369e+02
2.064136285249934417e+02
6.124843683168984398e+02
1.077635155126551751e+02
1.294394764843867506e+03
8.438617450395981905e+02
1.860507154835316044e+02
1.394449399884987997e+03
9.954833184191116970e+02
5.819567993474362311e+02
8.593270696082923905e+02
9.616982271967780207e+02
1.148691752112282956e+02
1.174444978654775014e+03
5.079267203097106176e+02
1.173334402025196141e+03
3.995313893341129869e+02
2.958252520471611433e+02
9.253458117407852797e+02
1.218093549619699303e+02
7.648848783083857370e+02
6.709030151194932046e+01
1.795425835470414540e+03
1.794741309526216128e+03
1.194768642594069206e+03
8.539742911555765659e+02
5.217484875179814026e+02
1.280872674093517389e+03
9.928973127302228932e+02
7.288340224355603425e+01
4.394694795088037864e+01
2.541192797165499087e+03
1.314291930638153644e+03
3.682629965812558908e+02
5.904830455767897774e+02
5.667945400067122819e+02
5.799296519201769797e+02
6.768567280098848187e+02
4.040510979123009747e+02
2.123160705378628847e+02
1.542629534036924781e+02
6.929801352213885366e+02
9.855400672432921283e+02
1.154572778848055123e+03
2.921967960666466979e+02
1.717673424030487922e+03
3.386910892109983706e+01
1.587254554412947527e+03
3.559161490757954880e+02
4.540814098265407210e+02
2.572920511797147469e+02
2.483303252126419736e+01
2.417725977902099146e+02
1.333085944888470976e+03
2.526078330726848833e+02
9.276702558576678257e+02
1.052427401255227551e+03
3.024329808505274855e+02
1.014818233505864555e+03
1.687658304296071947e+03
7.842918723677541948e+02
4.917964792156561771e+02
2.274963394185633661e+02
1.271735870536344351e+02
2.116004573616782636e+03
1.769125433288828617e+02
1.363537942935436433e+02
9.349392861979320060e+02
1.228966694540444678e+03
2.497110777545833116e+03
1.311319965684159797e+03
1.746080629311963094e+03
1.378632708192847929e+02
8.363801083717380607e+02
4.135549398404979229e+02
1.150949776579472683e+02
7.175181697151687104e+02
8.436415666331862440e+02
2.661961082123307278e+02
9.019074872321075986e+01
1.102308276030454408e+03
4.589098282818182497e+02
5.211056378276134637e+02
5.437354567709263620e+02
8.290776842858708733e+02
2.850649098254489218e+03
7.970690448134356529e+02
7.057888002612681930e+02
3.276836232285483561e+02
2.563985774532692403e+02
9.765276904688455772e+01
5.509337191092579360e+02
1.585221515102333797e+03
1.138085527220816857e+03
9.866072249684585813e+02
1.037977254457373874e+03
1.655240081859793463e+03
3.358440159955477498e+02
7.968163211185938053e+02
2.686562526613947739e+03
5.299994155652215113e+02
2.143795377559019926e+03
8.175750024621693228e+02
5.678082420148998608e+02
1.309409744501566138e+03
8.318285531321814688e+02
4.519040879354117237e+02
1.948982598411678069e+01
6.216370312875354784e+02
2.918678379987806579e+02
4.401497214222122807e+02
1.003856662350147417e+03
2.664971566533243390e+02
1.596734249426827546e+03
3.688754642342396437e+02
6.066777671925581217e+02
1.218256746223082928e+03
1.960718303096717250e+02
1.875512507884513127e+02
1.112694919970851743e+03
9.827102940092867129e+02
6.089569474867523695e+02
1.194661372254392063e+03
5.277806878169752736e+01
1.587215248357928488e+02
3.254830794969637964e+02
6.005041815368324478e+02
3.811720047266304618e+02
1.317844198381327033e+03
1.080852493655003855e+03
1.282521728740787012e+03
4.945487465365251012e+01
4.064988664128453024e+02
9.417454294350973214e+02
9.531610356840884606e+02
3.937784784793843755e+02
6.568432139462258874e+02
5.989321461029378497e+02
1.376292015780512884e+03
1.068518695374546269e+03
1.894618786995636412e+02
1.342929013429531778e+03
6.748949614135023012e+02
2.244230932960617224e+02
9.657067413829578300e+02
1.207865055773142103e+03
4.075811189037960389e+02
8.711688813558596678e+01
6.509066560433972199e+02
3.391884923376894676e+02
2.168066940889159923e+03
2.203022003496931575e+03
1.364206030870257791e+03
5.231613651266005718e+02
4.295324817093795673e+02
1.236093206397409176e+03
9.904619772630721286e+01
5.682379135876002465e+02
8.292146358660492922e+01
2.065881330486547995e+03
1.240298722435245509e+03
6.971905200361734387e+02
1.518455494472732653e+03
1.691575013761301989e+03
1.417682141213754448e+03
7.936387419686896294e+01
2.799638887619327306e+03
3.712862981502936321e+01
4.450271086593809287e+02
1.311504742138416759e+03
1.755277087430342533e+02
1.229544014343628987e+03
3.896789212639933453e+02
1.453012924096886081e+03
5.017058423099970099e+01
8.946858891729312973e+02
5.750148178753324402e+01
2.937278155721485746e+03
4.881530620341262647e+02
1.363260776767313409e+01
5.998594158184027947e+02
2.386500066294612168e+02
1.385612404330925074e+02
1.519061178474753149e+02
4.667741844465795111e+02
1.533160590975079685e+03
5.327728250897971520e+02
2.789301733432946094e+03
2.676276984328503659e+03
1.288727442367899584e+03
8.550499312345890246e+01
3.469915440727939426e+01
2.286853974747015172e+01
1.063093501212983483e+03
1.193918923522744763e+03
7.226672646661033923e+02
8.267001089131866820e+02
9.800700810737772599e+02
1.690373881416935546e+02
1.669745362259124875e+02
9.066702582980167335e+01
5.428847583498395579e+01
1.166271810754795979e+02
1.726326176340258911e+01
6.222020844660684133e+02
2.194058771752508619e+03
3.505901824706065781e+02
6.866140260241641045e+02
1.058816366279035265e+03
1.528681745947057607e+03
2.032887957062448550e+03
8.157033669555792130e+02
5.310237629909941006e+02
2.788612175102369974e+02
6.584493218129290426e+02
1.932998544628650279e+03
1.628247696942090954e+02
1.013029745301588150e+03
7.467727583280574208e+02
1.101380103085950168e+03
1.874418635771844492e+02
9.481808693985253740e+02
9.489162083370893015e+02
9.850441209418344215e+02
1.490885973992662002e+03
1.937396313539586117e+03
2.786249191440520917e+03
1.241701852268208839e+01
2.414832698311560080e+02
1.203718580389916269e+03
2.329326111412118223e+02
2.730697918898547982e+02
1.561586830642834002e+03
5.798137163967134029e+02
2.380116893090363646e+03
8.056170454782362640e+02
3.490677817433279415e+02
4.411013011008801072e+02
4.064415651193062331e+02
2.057881376644123975e+03
1.905226357860864709e+03
8.220315874657012500e+02
3.035182708592825307e+01
7.222626726695300476e+02
3.998063607927935692e+01
1.364741329443029088e+02
2.651383719663389797e+02
6.723793281970898761e+01
2.658676617055863062e+03
1.840709078755857263e+03
2.835478759728100613e+02
1.427601439163313444e+03
7.301209700892666206e+02
2.856685546257503574e+03
3.823357284277165036e+02
1.826729295041040132e+03
5.885887656259898222e+02
2.544555014708126237e+03
2.121079386047354092e+03
2.151069094005411898e+03
5.596455907912841354e+01
2.957749486421304042e+01
2.596416639816773113e+03
3.311677464166276508e+01
1.419296828037474143e+03
9.449828414265662104e+02
2.993762085320959159e+02
2.953583627490794697e+03
6.970344602670966196e+02
2.360676907377051066e+02
1.991433916273145144e+02
1.666813326019501801e+03
3.103003363305077528e+03
3.231620269145104629e+01
9.014798649700318265e+02
9.024303524436085127e+02
4.946651631916600422e+02
4.087831735737541976e+02
1.646496223061019919e+03
2.950491191936987434e+03
1.726773297662821278e+03
1.886872634579955729e+03
3.643656451386390813e+02
3.043265072636664286e+02
1.678518383666146747e+03
1.005817398814468646e+02
2.317186060542981977e+03
6.431760939080739945e+02
1.691825854385987782e+02
9.831210032148229629e+02
8.653518982417898542e+02
1.278687915710861489e+03
2.821967811039583466e+03
1.319940068039993776e+03
2.232155420054030401e+03
2.346078683378951155e+03
3.178996468292749569e+02
9.056171184602144422e+02
3.448069056747919490e+02
8.410565622032670490e+02
4.137717410111270055e+02
2.912757060632693538e+03
5.996554260871781139e+01
3.146810639243571131e+03
1.240858871965781418e+03
5.260717295025519888e+02
1.660795134893038266e+03
8.557122460631148897e+01
8.887505430143139620e+02
2.066787042730479698e+03
5.078263144292671996e+02
3.751476167258952898e+01
2.420058745009670886e+01
6.210493111890566524e+02
1.643495496713072953e+03
3.590950265613702186e+02
4.241965759240142120e+02
5.532721831339636509e+01
7.673192139874855684e+02
2.367422105031866977e+03
3.132421087964227354e+03
3.368579824459882275e+02
1.622020757902823789e+03
1.891276182737686213e+03
2.762603186072248604e+02
1.154986690946844647e+03
1.135929826813647651e+03
1.127191673320180826e+03
2.921867036900251605e+03
1.577772262517910917e+02
1.233994092258556350e+02
1.735235291813275126e+03
5.541538279837672007e+02
6.182767911095528461e+02
3.250331587577033332e+01
3.195213354652353701e+03
2.412418899774063448e+03
1.179073219411386390e+03
3.199228621514601855e+03
1.215150248787158716e+03
6.464890376766933286e+02
2.974012342957021247e+03
8.689052846577702667e+02
3.356507265794330124e+02
2.020371636805863034e+02
3.541412243772959556e+01
2.716381631929511059e+03
8.632241242169313864e+02
2.266900398273163773e+03
5.062877333895611400e+02
1.622171835584205013e+01
1.092225211551798566e+03
5.598062973013057899e+02
1.590519818610690891e+03
1.605695966662840419e+03
3.022739218563379382e+03
1.279610759411038089e+03
3.050610133375828809e+03
6.403053392489174485e+02
9.710795138016015926e+02
1.502977482476524926e+02
6.174927803022937951e+02
1.319541989248934897e+03
1.677821653122413409e+03
6.993639982283323207e+02
3.022729205652827886e+02
1.868653531306427794e+03
1.507576466367878822e+02
4.874364889941006140e+02
1.779193686184838441e+02
4.226353031456118856e+02
1.643474784648087166e+02
9.149633486259336905e+02
1.489015324495625919e+03
8.788004980930488728e+02
1.492270554189002269e+03
1.202506136714678178e+03
2.120562551662505484e+03
3.327470013527871515e+02
1.207860495684353985e+01
1.166969499505486283e+02
1.704577875438340470e+03
6.086766511869071792e+02
5.659854105157254622e+01
1.497950621303696607e+03
1.421972095668955035e+03
3.301768030916762655e+03
3.174746410694379847e+03
5.526705314991597788e+02
3.142991536236815591e+03
4.893795114645505464e+02
2.058566643554183429e+03
2.588197372114042082e+03
1.508398514076118772e+03
7.610596375183349664e+02
4.482995781574296643e+02
1.529047657701295577e+02
2.523611858752035459e+03
9.097029875342075229e+02
6.248362377536692520e+02
9.272148731614616679e+01
3.362884899482064611e+03
2.708580073446926235e+03
1.692826639982982670e+03
2.624998081142622368e+02
1.167571744276459640e+03
3.225710276763962838e+02
4.763657355990049496e+02
2.042927301116261106e+03
1.259223855243417120e+03
2.137691430898429644e+03
2.108461525768007505e+03
2.073108247587343612e+03
1.206896493618636669e+03
3.277421901295361295e+03
3.373943139080859055e+03
8.587913839578724264e+02
8.999258472146254917e+02
3.145242959368973516e+03
4.630721051440319229e+02
2.192031440749113699e+03
3.066375145185793372e+03
1.233940088511452359e+03
9.405892556924594601e+02
2.343326189921360310e+03
3.123690411899788614e+03
1.002286401588076842e+03
1.689208502260363730e+03
5.002449441435044264e+02
1.842228099103814202e+03
3.081309806844151922e+02
6.243595413911164087e+02
2.935601654288256668e+03
2.614393961488082823e+03
9.772324087826939376e+02
2.677396529874520638e+03
1.392053801668507049e+03
1.336914074596521459e+03
2.568818957429149918e+02
2.321756890651196045e+03
7.073764459705799936e+02
2.644172559451549660e+03
6.831789563861910892e+02
1.713579399886966712e+02
7.788988476781795498e+02
1.538942222853397425e+03
1.534446365449983887e+03
2.293282923844953984e+03
2.031657113283045419e+03
1.974985519832494674e+03
5.221526550117534953e+02
2.250770169708982280e+02
1.310711554111542455e+03
1.151900917490193024e+03
9.585653337839978860e+01
6.722163233785045122e+02
2.158824641537658408e+03
1.968432725613797857e+03
3.252900389537338015e+03
1.922974094192935809e+03
2.089228516125765054e+03
4.166381200304466574e+02
1.382241712827900756e+03
4.894610341698202092e+02
2.156984496662516904e+03
9.799776001560412624e+02
8.350947271827302529e+02
2.915455212224768644e+01
2.234747204770687404e+03
3.131877664676997938e+03
1.080588694584402901e+03
1.788536281390288138e+02
1.463775367963349709e+03
1.956739371314772882e+02
2.846065987053252684e+03
2.084915830455036598e+02
2.095619678609118068e+02
1.347580892994267970e+03
7.982689081349323033e+02
5.218702982786993516e+02
1.139662737382855084e+02
3.258213659638676745e+03
3.793131388791194922e+02
1.666452238828437885e+03
9.357733866848881235e+02
9.331762133937522208e+01
4.255572754543110250e+02
2.106770059181918668e+02
9.029969188669035702e+02
3.213935364643658886e+03
6.288325098657187482e+02
6.806930046527935474e+01
3.370737261222557663e+03
5.158149729641813792e+02
2.786041557074148841e+03
3.462553568335697491e+02
3.281898245149685408e+03
2.255027790033288056e+03
3.434380692182915482e+03
2.150973975245287875e+03
3.099100053780044163e+03
1.802685746378860131e+03
8.120940620100542446e+02
9.689573467805955715e+02
2.968552248269652409e+02
5.402726108210343909e+02
1.070624171173193872e+03
1.788756123322244491e+02
1.251537987583701124e+03
8.953377839044507027e+02
3.152630873750856153e+03
1.719017176432410906e+03
1.868041891256066265e+03
3.342047037207025824e+03
3.372056532375903316e+03
1.077490147810188319e+03
6.563834516672245627e+02
1.806398080207169130e+02
1.251687249812036498e+03
3.930795796055635378e+02
2.233981205762532340e+02
2.337200889963799852e+02
1.095292260380072804e+02
1.281633617873730373e+03
5.060954229104574154e+01
1.438051106189573829e+03
3.071021195017150376e+02
2.456641808666211091e+03
2.702528090133121623e+03
4.151474295797124796e+02
4.986868665960236058e+02
2.185865082182974390e+02
5.306092419514154699e+02
3.465563174428165780e+02
7.997157780646618903e+02
3.150312384430836573e+03
6.953134950873184152e+02
1.345105097215574403e+02
3.734640856817733834e+02
3.535602697798781264e+02
3.182155219358516661e+03
3.394310282737812372e+02
3.349645091188127935e+03
3.429541237849224672e+03
3.418879236088365815e+03
1.810709149943763350e+03
9.605861677082164363e+01
7.012278678101511105e+02
3.408357836559776388e+03
3.617284992775509522e+02
6.499168288944174492e+02
1.045808558636893849e+03
3.688798893639779521e+02
9.035082182003934577e+02
4.054498520006229114e+02
1.219763202480188284e+03
1.381506241797186703e+03
1.376538993229658900e+03
1.969202579618656955e+03
1.527905494018629497e+03
3.569965048632890898e+02
7.788469094234434351e+02
1.527479546029718222e+03
1.017182349081072516e+03
3.984275464448007824e+02
1.535624045539694180e+03
2.097084099581739792e+03
1.582578761705347290e+02
7.699509756950272958e+02
4.506732960413603450e+02
3.406162957825358717e+03
3.016415683864005132e+03
1.305352648714594181e+02
5.607893061809035089e+02
7.946158033994298648e+02
3.101779345191811785e+02
1.755692767911585577e+02
1.484793543066958819e+03
4.921050828603810601e+02
2.000059888294661505e+03
1.072107413627765709e+03
7.509166875510135242e+01
2.171961738061174003e+02
8.943812465696787513e+02
2.132234477838213024e+03
1.079659751825090325e+03
8.262354009810372872e+02
5.617190309769879519e+01
6.875603000821896558e+02
3.445190629657958652e+03
2.874743843720431869e+03
6.794201881503275331e+01
2.512985910117952315e+01
8.256213638654353417e+02
8.690880016039403699e+02
1.246708023755597651e+03
3.048664792917338104e+02
1.049175860006004314e+03
4.790058979387514881e+01
2.130705697605775129e+02
1.851823242412931904e+03
1.345087565004169846e+03
5.015274359715861010e+02
9.103797873435061092e+02
3.378319207046384918e+02
1.412688188964807978e+03
8.433003945301570639e+02
4.748216743999529399e+02
3.581436990729604986e+03
1.537612090563394986e+03
1.977259201242380414e+03
8.055316865672829181e+02
3.343894954990861606e+03
8.490552066330105845e+02
3.290811112875513118e+03
1.830958585568175522e+03
8.601341777049439941e+01
3.213716578452861540e+03
1.816188625790869082e+02
2.516976062524808526e+02
1.857343361261476048e+03
1.990412320754492384e+03
4.242860632905689044e+02
5.881347230461074105e+02
1.341693384017216431e+03
3.415048421382578908e+03
5.854632053099606992e+01
1.898189596884839602e+03
1.499026616219709467e+03
1.514963307162471722e+02
1.621187543664152884e+02
3.512660455004564483e+03
1.904474447935238231e+03
4.281437110485164226e+02
3.297987806065042605e+03
2.855283118863438631e+03
9.745212513106667984e+01
3.386636144467750455e+03
1.307538106712939623e+02
1.097823526313842194e+03
2.642319100754104966e+03
5.020476437528211022e+02
5.566264701661744994e+02
1.356398524517749706e+02
1.112815241927500438e+03
6.813482040003414397e+01
1.027468117337275089e+03
3.577288299917424411e+03
3.500881222922550023e+03
1.198683498657257047e+02
1.288899859787943569e+03
4.624220148897343279e+02
1.083333893885792577e+03
2.263760068102823197e+02
3.470890639393488073e+03
4.636139641112912813e+01
1.065571830113603255e+03
1.082699553186041157e+03
1.103087317365333092e+03
1.028713844296746402e+03
9.761146150861412707e+02
2.051209717104934043e+03
1.267128939301803484e+03
7.442879560721709140e+02
3.342936928909259223e+03
2.862698143272396464e+03
4.048856854138463746e+02
3.434998716902751312e+03
2.501553916416761240e+03
9.104421393671476892e+01
1.754607604982850262e+02
3.485262890011989839e+03
9.428965317463149631e+02
2.423813687074328300e+03
9.596283895369699621e+02
2.523647024911687367e+03
9.381658410066609122e+02
1.317929418689608838e+03
9.245580147189070885e+02
1.613834726257937064e+03
2.684054656207608787e+02
9.197856306068550793e+02
2.296063223144915810e+03
2.453363209895038835e+03
3.566630636543295168e+03
1.557797583319699243e+03
3.799502400572154102e+02
6.943770596454738779e+02
9.585005947426440116e+02
1.542661771593180902e+02
1.894182382682785715e+02
2.387406426477439254e+02
4.615226576114456520e+02
3.576284296510990316e+03
2.780533016824428614e+03
7.490911890036353782e+01
1.245086457838086062e+03
1.630100082147011335e+03
5.546128561643506600e+02
3.441248103140476928e+02
5.375643107859585825e+02
8.501302539755778298e+01
2.732869724566050991e+02
1.332133418189730719e+03
1.869819166202725228e+03
7.426109776096195674e+02
6.144018244053952458e+02
1.733028689371104178e+02
8.702552694229698318e+02
2.801153188823992650e+02
2.331702651191052098e+02
4.190772819817714776e+02
3.481941338373086637e+03
1.620445523931097568e+03
3.196827290924682643e+02
4.678618156004319530e+02
2.841794067500853089e+03
5.057480083785565625e+02
1.514394640045568622e+03
5.605929457807575318e+02
1.755516552954697318e+03
1.710708655034246021e+03
8.805371763986720453e+02
6.084365174006730967e+02
2.712869623631584091e+03
3.313564223110176499e+03
1.229355628374664320e+03
3.550068693962034104e+03
3.625072426298903338e+03
1.480372628115380849e+02
3.390614817380401291e+03
6.778965174863639049e+02
2.250171560873786802e+03
4.256823241324070750e+02
9.612301705747033793e+02
3.451075508169315071e+03
1.620092076698192614e+03
5.492514677001586278e+02
1.339540635975969963e+03
2.271510516731526423e+03
1.373194613887309060e+03
5.155676950681367998e+02
1.185311379682747429e+03
2.123783337032930831e+03
3.104837552822356770e+02
2.360229719807979052e+02
6.202557380035058259e+02
2.514292904034557807e+01
2.085562944419421456e+03
8.107907799648767195e+02
3.695533626950807360e+01
2.786472974446888202e+03
8.717095026207093724e+02
7.281867409280997663e+02
1.881073297881815051e+03
9.752118086705909263e+02
8.815009732399614961e+01
3.452182190809713575e+03
3.661761685058356761e+03
3.419392064549825136e+03
5.100488886078192650e+02
5.686589963945178994e+01
9.959096898444689714e+02
1.723462409121920871e+02
3.655900329990524369e+03
2.359815677455863465e+02
2.095097475280992512e+03
3.493142611494378343e+03
2.654009709392460081e+02
7.774554311201014798e+02
3.677298020312716744e+03
3.032792827355146528e+03
3.677882402421651022e+03
9.379119220347078567e+01
2.954443244883842453e+03
1.632981494467454922e+03
2.932385045083635191e+02
2.282754788242211362e+03
3.854562453018672272e+02
6.263980569867095483e+02
3.569391851297373705e+03
1.567750455548125956e+03
2.570611555225669235e+03
1.354067352864665736e+03
2.577066726655625644e+03
6.918286482238559643e+01
3.641577290738513284e+02
3.487180488419302947e+03
1.274058491009015825e+03
1.042054064922744374e+03
8.297713180457825501e+02
1.301233579553270147e+03
9.011978771959535379e+02
4.119438087032911540e+02
3.536248430286438179e+03
1.992433377410894991e+03
7.239004304275110826e+02
2.209874410736904792e+03
5.165827819521490483e+02
9.051304028733293308e+02
2.126461470922773060e+03
1.045169980003933006e+03
3.663231138881832862e+02
3.942669644585968172e+02
1.992632875163773861e+03
4.386473954983349017e+02
4.937982669589296165e+02
1.251836422142747267e+02
2.516892188399147926e+03
3.222491305534683306e+03
1.513343689555455001e+02
2.937526449289141055e+03
2.456147195651933998e+03
3.632040670042521924e+03
1.422891516458492731e+02
1.922512526454773024e+03
1.217413809275479935e+03
2.495830996449632039e+03
2.527744430117123557e+03
3.148543695456665773e+03
3.642928054954569234e+03
1.953240103308869493e+03
1.091389734847192130e+03
3.617918104614708597e+01
2.468036383454240422e+03
4.227107354636107175e+02
3.707402104250489629e+03
1.025573221300099249e+03
2.273428060841363731e+03
1.122672135451813347e+03
2.274096244903692877e+03
5.203324199074421585e+02
1.775429344893649841e+03
9.663143027612192100e+02
1.599600646560215182e+03
4.865109951511228701e+02
2.597332254129159992e+02
8.493076353446370774e+01
7.649049670559481910e+02
3.707725214457946549e+03
3.730406618212321632e+02
1.424389502442583535e+03
1.043153250079097461e+03
1.771708623874013483e+03
3.475785758225256927e+01
1.876247138740704258e+03
2.982894966375692093e+03
4.038760708027899113e+02
1.344427147546253309e+03
2.836622689624589839e+03
3.345888333253562905e+03
3.460724948198492257e+02
9.073891479574056120e+02
4.936256904423462402e+02
2.205967359307613606e+03
1.005623101707374985e+03
1.252815336736631934e+03
1.335040385867433088e+03
1.208731841063370211e+03
7.371909574598854533e+02
1.680402228983715304e+03
9.118775076084718023e+01
4.865831242133009482e+02
6.539574597457863092e+02
1.124112221172568297e+03
6.710186988045485350e+02
2.071860904637514068e+03
3.675222487644748526e+03
7.707598918351202428e+02
5.988675957842754087e+02
2.740676550043650423e+03
2.760105153708121634e+03
3.764137008437244276e+03
9.203463116516958280e+02
1.307106774203926307e+03
5.280590063309450670e+02
3.685864517504895048e+03
3.439079971908309403e+02
1.867938432234889774e+02
1.757866538343789443e+03
1.411331232003319428e+03
5.826849509870861539e+02
2.327411174275157919e+03
2.303069724580728064e+02
3.327547635051573252e+03
5.004758667516915125e+02
2.256202274398657437e+02
2.398866856690908094e+02
1.073827224566207633e+03
8.264519037441206137e+02
3.464012269708828740e+02
4.903672188649940722e+02
1.975412287081134082e+03
7.037024057191570137e+02
3.648747976007139187e+03
3.479842332393598099e+02
3.669047901827707392e+03
3.544804667121253487e+02
1.136166505277207989e+03
3.758897208556049918e+03
2.105789079299955119e+03
3.554939297981909931e+03
3.830772744949141725e+03
2.113457069829747468e+02
3.549292662282759011e+03
1.742432068906204847e+02
2.202858913568693879e+03
3.708927280921001511e+03
4.655270109495894530e+02
1.177010277187112706e+03
3.493710900945269714e+03
3.903217754000258083e+03
1.096744265823213027e+03
3.881538626276105219e+02
2.253256121156059180e+03
4.500855113349068404e+01
3.724170922972016797e+03
2.505605903568974554e+03
1.763198271503402793e+03
5.020079066760516753e+02
3.418194911126701300e+03
3.612151823197219528e+03
5.739626542747823805e+02
7.782559536113670902e+02
1.405498780772108375e+03
1.192281726362282143e+03
1.348963172337934793e+03
2.783949339190347132e+02
3.717219822910146377e+03
7.318870346896862600e+01
1.476259334976912669e+03
1.003856422839261199e+03
2.181544306953610715e+02
9.496320046390147809e+02
2.226475612892329991e+03
3.702120920180638223e+03
3.744864924089560645e+03
6.950123426368443802e+01
4.726459026038758680e+02
1.557524405115120771e+02
1.328207994910570051e+03
1.607042323819139028e+03
3.576433362645263259e+01
3.323165908768621193e+03
9.239019178046867182e+02
1.487192330195173099e+03
2.317384333280770534e+03
2.724851450383448991e+03
1.503823231008945186e+03
3.564227906218143858e+02
5.742243878522368732e+02
3.552192615015635056e+03
1.996131571126122935e+03
3.401571508571029767e+01
4.375607263152490987e+02
3.952820177130620323e+02
2.405038455686746204e+02
3.558690054261918704e+03
2.162763752840258803e+03
1.315430503629776240e+03
1.410356732369139763e+03
2.184953720706798777e+03
1.593782030258257009e+03
9.549358588140031543e+02
2.143813966311086460e+03
1.582642949667971607e+03
3.684081768238168024e+02
2.882038621000242074e+03
3.224482342818998859e+03
2.663542977557978702e+03
3.737287770857039504e+03
4.432786938951963975e+02
3.751272866468301800e+03
1.127349483190112323e+03
4.516876994052855139e+02
2.436747323131653047e+03
3.619393031803966096e+03
3.168849804014355414e+03
2.800346350678403837e+02
1.109559404626163996e+03
4.138718732463324841e+02
3.610401645180930700e+03
9.949821598230154223e+02
4.439115388992651390e+01
2.437970532955486078e+02
2.482180791358687699e+01
4.007957103132840757e+02
1.534407938828788701e+03
3.755621978913741714e+03
1.249142304079264477e+03
3.556057167244859556e+03
1.314628214596200678e+03
1.857907470577171352e+03
6.511924519523823847e+02
1.404221421382633935e+03
1.142462167219950061e+03
2.760912234194788084e+02
6.762794714700642089e+02
1.300632987054053274e+03
2.749864956168563026e+02
1.872107168319575749e+03
1.156562583190576987e+02
4.078279082353160447e+02
1.319179966832407899e+03
1.199420795270101962e+03
2.170812240117445242e+02
1.729624108322520442e+03
3.895467199464332680e+03
7.494616902544448749e+02
7.170861468942957799e+02
1.630653095878024487e+03
1.454598586589206207e+03
6.526574573863166506e+01
2.833224813304441341e+03
2.620012649549669845e+02
6.665552507682144778e+01
5.196623233572595382e+02
9.041158910820964820e+02
2.787640566297313853e+02
1.350054748558609163e+03
1.389998549676733091e+03
3.657257363982062543e+03
7.847133759219844933e+02
1.720398597541378422e+03
3.141543005685859498e+03
3.368180668878854931e+02
6.417094766555397882e+02
1.686359756651741691e+03
2.359609679256024265e+03
2.934009091248749883e+03
1.189531658712746548e+03
2.483347864633847735e+01
6.445267765108981166e+02
1.465082547353732480e+03
9.862943026769225696e+01
1.682889687194625367e+03
3.391109779898995953e+02
1.887658070452524044e+03
3.097309698734121866e+03
8.087840647833130561e+02
1.518050022067434156e+03
1.477316152124738267e+02
2.194812368448377129e+03
2.238692604543429923e+02
3.871386301162379823e+03
5.057189739160198769e+02
3.572116448418255004e+03
3.835538270182202723e+03
3.686227925394755403e+03
1.684113490497670909e+03
2.546567825604282007e+03
1.322032487581129487e+02
2.183348292759700598e+03
6.093609742161438589e+02
3.851057278726465938e+03
7.177691817976464108e+02
2.854052822471859940e+02
2.759992521829805810e+03
3.265580598161872786e+03
2.365484262113637669e+03
3.458989463203437822e+02
7.833265532260868440e+02
5.909145871644127510e+02
1.527902847395313529e+03
5.686152775980060596e+02
4.206292578597649623e+01
1.096155671638279728e+03
3.923546842078170357e+03
1.622186097951134116e+03
1.273124982274837521e+03
3.675574790013841266e+03
8.452257198518564110e+02
1.310365993570185310e+03
3.803971833945952767e+03
5.030196539366981057e+01
6.809993685103377459e+01
1.443710664644282588e+03
3.442234800536573857e+03
1.671052041828804704e+02
3.577912733170928732e+03
5.733086889425578647e+02
2.520994878388516554e+03
2.352678706725079792e+03
1.102497113434733365e+03
3.734424002072778876e+03
2.483637727147425878e+01
1.105153812203652251e+03
4.958010058278991892e+02
6.495203265075903118e+02
7.281496687174682165e+02
1.018548335421560296e+03
1.298030651926330847e+03
9.114440061465438703e+01
4.452200557359091704e+01
3.727296265073507584e+03
3.677032445460447889e+03
2.537737684302457183e+03
7.014205248988760104e+02
3.752066174971214423e+03
3.926990308460841334e+03
6.328704401862410833e+01
2.872335057311813671e+03
1.775812910631077557e+03
1.980792035766518893e+03
6.752435608134051392e+01
1.342315396871135363e+03
5.781495249365342204e+01
3.945626703641446966e+03
1.280196978038292627e+03
2.088745923974310514e+01
1.049740129969206691e+03
1.760837965746050486e+03
3.931028629951947096e+03
1.070591380945163564e+03
5.171376508390486606e+02
3.832730627567888860e+03
1.964777715534723711e+03
2.234110413325399804e+03
6.031910115101858310e+02
8.253724101368349011e+02
1.727845482808350425e+03
1.475272487270219699e+02
4.279216421198649982e+02
3.765062397266160588e+03
1.056951870346986880e+03
3.047979689528311155e+03
2.034950194925454753e+03
4.180118730519609471e+02
1.344252399016541176e+03
3.907757140729759158e+03
1.602003017153309202e+03
2.642580258512395176e+03
2.013279012400087140e+02
1.503674545406799780e+03
1.943560980294577803e+03
5.448376275553713413e+02
1.434042951234655447e+03
3.911862936393142263e+03
9.130129183724604900e+02
2.056930526455528707e+03
2.358846316605210234e+02
1.105512649263178218e+03
3.345368189598134450e+03
1.816911224526464139e+03
3.011975916179235924e+02
3.913364610245579570e+03
1.496860340377030980e+03
5.227112665918471066e+02
3.875851542374092332e+03
3.003663588670362401e+02
8.312197095142489616e+02
3.825336886372849676e+03
1.292849933767376342e+03
2.063043311839640410e+03
3.893121122013287732e+03
1.617980269934382477e+03
3.786126649465765240e+03
4.079345726083109298e+02
2.498207431990391285e+02
1.339641442950254486e+03
8.391537213747026271e+02
1.105792121908948729e+03
2.905170506936999118e+03
9.931158375670727878e+01
1.434972995702520166e+03
8.968203602093728932e+02
1.820635338078060613e+03
7.874355837486651808e+02
1.551209751085610378e+03
3.222413941791299749e+03
8.140348309376329325e+02
4.311909044836387466e+02
4.376416893596294813e+02
2.097216584067630265e+03
4.042968302811827471e+03
3.362918957971882264e+03
2.413020817630252623e+03
3.737471106513769882e+03
2.299653057037756753e+03
1.487644647927579854e+03
2.570694978909016299e+03
3.736138041888583757e+03
1.231838291725962335e+03
3.775143763910102280e+03
3.827553027574255793e+03
3.786560854149454372e+03
4.687109395378074055e+02
2.414612895722961241e+02
3.105444595109426245e+03
2.837299078893007831e+01
3.191113551309158993e+03
6.711006650930394244e+02
3.695006798775820243e+03
2.434181494791325804e+02
1.466865419120545084e+03
3.183253579192395136e+03
3.785880688872176052e+03
1.218552336606925564e+03
1.255099392221297649e+03
3.740273046654837344e+03
3.741469405390897691e+02
3.186925453355157742e+02
3.838304178010231226e+03
3.977423394185423149e+03
3.838127853551187400e+03
1.308828950424128152e+03
3.933557084289666363e+03
5.968888712858312147e+02
3.314763703866381093e+03
7.182954008978204001e+02
2.512575847580887512e+03
1.015906662924785337e+03
2.378355015474989159e+03
4.114097214716438430e+03
4.019872791503580629e+03
4.424225070707715872e+02
9.001472310171971003e+01
4.027386832069341835e+03
3.531060705728275025e+03
1.206048400450808913e+03
8.368201278234835172e+02
3.924890642398214595e+02
2.523781444845485566e+03
8.078676266417436409e+02
1.387502028611382002e+03
1.926905476008338837e+03
1.402256514451558132e+03
4.065255729277213049e+03
1.123852972006698337e+03
1.178480495995849424e+03
3.567549261224465681e+03
5.132214583593718089e+02
3.810721561789746829e+03
1.274098141683293534e+03
2.306972410731853870e+03
4.338427054744267366e+02
4.782388931813777049e+02
2.187575332068989610e+03
2.512651319818415232e+03
1.534411090966634447e+03
3.995836884986653672e+02
3.866784874515890920e+02
8.006709125225577282e+02
1.929733757439616738e+03
3.106970840221874369e+03
1.131532805717469500e+03
3.646472028633239461e+03
3.978148587602102566e+02
1.232529536061106086e+02
4.951064456917890766e+02
1.526577988216482254e+03
9.222236005322960182e+02
1.216502379698908726e+03
1.579309267400633189e+03
1.257449624113701020e+03
6.228947809010458059e+02
2.995277063437907259e+02
1.396455157504702584e+03
1.262394628534061894e+03
4.851091286772771838e+01
2.478298757449227026e+02
2.635130262318441510e+03
5.028260084626928688e+02
1.225613204618524151e+03
6.575871296032521514e+02
1.022017315476299700e+03
4.108574426570182368e+03
1.058197110985288276e+02
1.485213660930743913e+02
2.230115231385389961e+03
3.774184019945567343e+03
3.833981155927544478e+03
2.012891215766711866e+03
3.047897274688955804e+03
8.870533159705005346e+02
2.654824257765929815e+03
4.042875662117683987e+03
2.886437632432618443e+02
4.415495771278629604e+02
3.881703090665405853e+03
1.442500939507636303e+03
1.099636510427690837e+03
3.480366784446927795e+03
1.325625209216248550e+03
2.248761672438269670e+03
3.231576359887906733e+02
9.773838003111512762e+02
6.272487665061146345e+02
2.955976328389394894e+03
3.836865210453783220e+03
1.576452711732815430e+02
3.767814689101945532e+03
2.200066444528643387e+03
3.869577475557322487e+03
2.031055351283217192e+02
3.441337585271042826e+03
1.587057854534731632e+03
1.714444385939242693e+03
1.948169952087421734e+03
6.056070195295608016e+01
1.699872967963108579e+02
4.051932634913336642e+03
9.824223539717787617e+02
2.837526893016292888e+03
3.765640649006294893e+02
6.934405301450087222e+01
3.093291176597118692e+02
2.306573325887206920e+03
1.596699484555913386e+03
9.405500046508906280e+02
2.744197094982534509e+03
2.159099187410288778e+03
4.930199163176199590e+02
5.331380335693249890e+02
3.214810837847760894e+01
1.652954214838261578e+03
2.375527141940627303e+02
1.171501542345855796e+03
2.519645147837329205e+03
1.064435687660275335e+03
2.162596181318268691e+02
3.992735718894218735e+03
3.864550663468637140e+03
1.220952307455340360e+03
2.893776905096352493e+03
1.645312161984411887e+03
2.211176527606951367e+02
2.649809855350925318e+03
5.449025602779735209e+02
6.990469891725434763e+02
2.516246363628961717e+03
2.863928842095059736e+03
2.694357300125794268e+02
2.795111127299801410e+03
2.774708524391446076e+02
2.700773352858021553e+03
1.575032164524522159e+03
1.529645204103664582e+03
1.824995341650613909e+03
3.824316707898668028e+03
3.525883097762820398e+03
1.385675535952782127e+02
1.050816898804769608e+03
6.660141826489767709e+02
5.719832183063701905e+02
1.229350936709268126e+03
1.049849333695585301e+03
4.105567717093730607e+03
3.659017106632107698e+03
2.750577366525774892e+02
1.044417083839831548e+03
6.421727937367282948e+02
2.213282862056560134e+03
2.336653599674932309e+02
9.770158533753240135e+02
2.750762733176736219e+03
4.029000608583248777e+03
8.405803728276632683e+02
1.054924000379432073e+03
1.163656838298322072e+02
2.572246799014003216e+01
1.028134361547069602e+03
2.235370094557481934e+03
8.397295512978497811e+01
9.570648341368785168e+02
4.109036165395731359e+02
7.805791103250057859e+02
2.171062275134379149e+02
3.781284223883164941e+03
2.803044617607803843e+02
2.351008778042519225e+03
8.938403514208823708e+01
2.940024991778659569e+03
1.895618508880269701e+03
2.719768737412595101e+02
1.091484735373662033e+03
5.662978861404012605e+02
4.144951726354315724e+03
1.293920746844223459e+03
2.880371062968997194e+03
3.902867967544063958e+03
6.691764655701525726e+02
1.741630146414223873e+03
9.096932569801259660e+02
2.617542042962320011e+03
3.808377956600779271e+03
6.823580717086018694e+02
1.530893895581562219e+03
1.387798962335368515e+03
3.926725103301128001e+03
1.705684083456200824e+03
1.524265113740018023e+03
2.953164591012619894e+03
6.337082558739579099e+02
1.760774384447324337e+03
1.429247874932090326e+03
3.073338079376306382e+02
3.903111759371673770e+02
9.156748741909138971e+02
3.957894395617956889e+03
4.007922246469679976e+03
3.822589016458630340e+03
4.038858253659004276e+03
3.196415160378110158e+02
2.783152758829064169e+03
6.571377045920771707e+02
4.023585978606644858e+03
8.607255697529384406e+02
1.542488896780206460e+03
4.649779529671801015e+02
9.833971409528434151e+02
1.125282747449977705e+03
1.434571970329387113e+03
9.003427319167988117e+02
4.029918758485313447e+03
4.020122151978117472e+03
1.857675887138360906e+02
2.575310465606402431e+03
2.420881743021893271e+03
1.306185279513436853e+03
2.892893322785290877e+01
2.901589185238171012e+03
5.044371662817021047e+02
3.874498039084523953e+03
3.990988595996261665e+03
4.829424150699042002e+02
1.051458288146757013e+03
4.962325369357120053e+02
2.329455923980349326e+03
1.199821142253688606e+02
2.834206051706079279e+02
3.814702061282949671e+03
7.495119816942388979e+02
1.389333587394970380e+02
1.923509908225267679e+02
6.494493092534162315e+02
1.577219824016687880e+03
4.322954396716932024e+02
1.017651099491130253e+03
2.747513556585537117e+03
7.761941774880193634e+02
2.272637305670428759e+03
7.972289793093959531e+01
4.023414422574849141e+03
1.589631201184517522e+03
7.535894176966331770e+02
1.319307718934631339e+03
2.370736926791263159e+03
1.303112949728898684e+03
1.768265941388189958e+03
4.011940919877075089e+02
1.957464365871163409e+03
3.447335903412169387e+02
1.572094602358554766e+03
3.468979174389255149e+03
1.371807499316895189e+02
1.033578667780719115e+03
3.982521296521488694e+03
5.319831547643148042e+02
4.038773409451055159e+03
4.340865434938106091e+02
1.129931677736869005e+03
3.122892918867832122e+03
2.015081286348950016e+03
2.388176281322293562e+03
2.109600473461215643e+03
1.604636119640598508e+03
5.839626215387579578e+02
1.382487402410524055e+03
6.889926399981495706e+02
3.992298048175154690e+03
5.177102970401524544e+02
3.125647270634704455e+03
4.012676033440245192e+03
3.034443827218507522e+03
3.926260641998642313e+03
4.126442062475513012e+03
4.077816356732304030e+03
3.563219320372084439e+03
5.409277551508864690e+02
3.907315205475096718e+03
1.146090068630397354e+03
1.643510149801116768e+03
3.838145618711439056e+03
5.370365977736104242e+02
5.749016165691189144e+02
3.674498933957814188e+03
5.550232399239077949e+02
9.733471469213700402e+02
4.030012627959701604e+03
5.808761410971079897e+01
2.171053817814999547e+03
5.614676044945337026e+02
3.349537348724414642e+03
4.026597900388298967e+03
1.361823133321642672e+03
9.655869752931585026e+02
2.838248251740677915e+03
1.746978675837127867e+03
3.707368531922917555e+03
6.815632641727512464e+02
2.039459193105192014e+02
3.892580811859749588e+02
3.491643542608024291e+03
2.091010784354981752e+03
1.258984007245865769e+03
2.036654501167718081e+03
4.095290666614869224e+02
3.226440095203896021e+02
2.533508424549225765e+03
1.489557657210152001e+03
4.000030317817977448e+03
2.523110041220464609e+03
7.165624459703691400e+02
2.040518384793513178e+03
1.060982649762052461e+03
1.236359966553976847e+03
4.581004614822688268e+02
3.133507990111797881e+03
2.252595648991953325e+01
7.009954009638694572e+01
2.646083409076458111e+02
1.862423688592162307e+03
1.588865988292964857e+03
4.874790931966571179e+02
6.619418537170408854e+02
8.078203227748233530e+02
2.015701770833877049e+02
2.343152166776025297e+03
8.087906721739275326e+02
1.002341556953147119e+02
2.795666921711964278e+03
2.856312988195792968e+03
2.658751214165676629e+03
1.607331499962079988e+02
4.084265512763309744e+03
9.336384937444324805e+02
4.097530273896954895e+03
1.385899061002781082e+03
1.730144442166813860e+03
4.589896360204796366e+01
2.667164810598225358e+03
8.975900897032690864e+02
2.163181277512598172e+03
1.636578049585074496e+03
2.259608820870043928e+03
9.506296274470254275e+02
1.556047263799618804e+03
1.875337234089703998e+03
3.815495900975753102e+03
4.201566119050256930e+03
4.004076386052817725e+03
4.072282701795368666e+03
2.950811408632750499e+03
3.909696824457639082e+02
2.651756799987236263e+03
4.015225075453844966e+03
7.492092582657028288e+02
5.050791278573701106e+02
1.960428409694093034e+03
5.725081504317001873e+02
8.371601070512635943e+02
3.727802779106642106e+02
8.656966200900299668e+01
6.067138692247658582e+02
9.083692295369467047e+02
1.262498991960515468e+03
1.281851739217427394e+03
4.092597599574335163e+03
4.503861068041880458e+02
6.342047645853665472e+02
4.370785872083933441e+02
1.799146637286841951e+03
2.993340499080413338e+03
5.678762197984543718e+02
1.995574066910070314e+03
3.024127752340999905e+03
3.461888220813438238e+03
1.274559165457598738e+03
6.167288790277784756e+02
6.680671269111944639e+02
4.105880893446510527e+03
7.295147583908726574e+02
8.250899159104725413e+02
2.014790396207079539e+03
1.264746503475770169e+03
6.740898826706219324e+02
1.163669521526495146e+03
1.232727946711971072e+03
9.444591655891128994e+02
1.907494203703312678e+03
4.235001399250781105e+03
3.970016657714821804e+02
1.517620940161968122e+02
3.057840582474198527e+03
2.588690701711786915e+03
1.392607718370633165e+03
4.115074020665399075e+03
2.743160080641011064e+03
2.370385671584471766e+03
4.132876271623138564e+03
3.833860380312421512e+03
4.164948562715616390e+03
2.129538037312609504e+03
1.140552412691286236e+03
9.095978681046882457e+02
6.218745579856852146e+02
2.930090603653049129e+03
2.935746806020621079e+03
1.340537308872470987e+02
2.868917745486912736e+03
4.102525419774457987e+03
1.629517181181602609e+03
2.346301629846285778e+03
4.201841691942162470e+03
3.092858944623464140e+03
3.905770408299170413e+03
1.242365953381907957e+02
3.874132886720386068e+03
4.230528542680696773e+03
1.276867241714649879e+02
2.821239903534319637e+02
8.144557431763169575e+01
2.082776310067081056e+02
1.162773614719747002e+03
2.005103237247882589e+03
1.328187588438498324e+03
1.193915123638510920e+02
1.394093503980159312e+03
3.453684054689697859e+03
1.017973642762888062e+03
6.011661371619640022e+02
2.344589856615734504e+02
9.632135988309970571e+02
2.909538074707242572e+02
4.480444476807368801e+02
4.213941725224581205e+03
2.220033158293422275e+03
2.623331437644521884e+03
4.429183397067605910e+01
1.244794671005464352e+03
4.265451133558248330e+03
1.550751098698790997e+02
3.837887334262478817e+03
1.229079250884689827e+03
1.445380768125713530e+03
1.547156589623173772e+02
4.178659153495562350e+03
2.739357040814397806e+02
3.850958082040827776e+03
1.687737759673662197e+01
2.284127890958729381e+02
2.570588287263793063e+03
8.720539155692373470e+02
2.497563334589177430e+03
5.753664604140691381e+02
7.882719647948894135e+02
1.036684616149545946e+03
2.996650354497537592e+03
1.468789655026449168e+02
3.961084433069871466e+03
2.028554344395557337e+03
4.242436412562637997e+03
2.849566508464343769e+03
1.206400885458404673e+03
6.235951305808355301e+02
1.082978532941487629e+03
1.624445392301415723e+03
4.225043243855460787e+03
1.236985194014376475e+03
4.130834345129783287e+03
2.850698950923481334e+03
1.122972288822562859e+03
8.790773902125855557e+02
5.703964896059081013e+01
1.806082375623994267e+03
5.812016660755098201e+02
1.248615552192290352e+03
4.184134676663647952e+03
1.488465890931083095e+03
3.790895917040689710e+03
2.600064151917735217e+03
2.181912783038366342e+03
3.150119858659617762e+02
4.179153673259743300e+03
3.450867352277408884e+01
3.631130070596828318e+03
2.951034853615860357e+03
1.141559757004412404e+03
2.404184513531603443e+03
1.038034316462157449e+03
2.230049944109337957e+03
1.117431611933491695e+03
7.348190617365987976e+01
1.488345420325913665e+03
4.159181239368728711e+03
3.999615246310269413e+03
3.803241393177253030e+03
6.036893542732681226e+02
8.647968549802940288e+02
1.818558445533829172e+03
4.237811504055728619e+03
3.905564250039678882e+03
4.139992650476383460e+03
3.552032609477415917e+03
1.241929811175463556e+03
4.029584042726306734e+02
7.886667024856689068e+01
5.729197169480246430e+02
3.609222227610187019e+03
6.253651682059708037e+02
7.424645512481098422e+02
2.519797124879861713e+03
2.817367678779682137e+03
2.944440480587973525e+03
1.330234596419568106e+03
2.787311135476570030e+02
1.882153695508057353e+03
1.897577268199471519e+03
4.027873547788611631e+03
1.138667398135407893e+02
2.000244981009585445e+03
3.904875130246809476e+03
5.950046932841293028e+02
1.410920427090902876e+03
5.782987560734643466e+02
3.383669856248112865e+03
1.431447374658685931e+03
3.725960033501762155e+03
1.503449712578121193e+02
3.293365963946485863e+03
4.330310127322944027e+03
4.294053422991705702e+03
4.108380210643146711e+03
1.728604927453143318e+03
1.198638629363483687e+02
1.247763946136758932e+03
3.030717432403190742e+03
4.150720207222236240e+03
1.923029242658818930e+03
1.223505635218000407e+03
4.145691065931144294e+03
4.414154331572827687e+03
4.339361562378723647e+03
2.706065644005816011e+03
1.896611811489023239e+03
4.334682878495789737e+03
2.216850304056536970e+03
3.788640400142514864e+03
2.058843175723366130e+03
9.800780409916955023e+02
4.356862357855537084e+03
1.017504507678077402e+03
4.165727317580177441e+03
5.661436638217346626e+02
1.206921960587506646e+03
5.816055678937874518e+02
4.119562238897430689e+03
1.744824197553020667e+03
2.375688518128538817e+03
8.814231127259473624e+02
2.143727390732646199e+03
4.859451216371098781e+01
3.532075540410748090e+03
4.127127301213202486e+02
2.329561052603523876e+03
6.362458264976500004e+02
1.622810500879817255e+03
4.233485846133666200e+03
7.406607661545548353e+02
1.221754837799965571e+03
1.857296645794157939e+03
1.869781431070432745e+03
4.379502470406260727e+03
1.635434473536072346e+03
8.455311854096232764e+02
4.258668250213205283e+03
3.493979292551708113e+03
2.681739361918187569e+03
2.775203992552192631e+03
7.749078252644601434e+02
6.221727281161709300e+01
9.606874622384573570e+01
1.947072750096364416e+03
4.198745142552933430e+03
7.566549177839877984e+02
4.223097575728937954e+03
1.728695109322998860e+03
5.606750882736447039e+01
1.855501775527870905e+02
2.556058053782066963e+03
1.320868745314946182e+03
3.234452715919954244e+03
7.125178115617963215e+01
4.077232165240596260e+03
2.724148724815501737e+03
4.247133862811004292e+03
9.345436383818146453e+01
5.486101848905007046e+02
3.711722046073976600e+01
2.575168287691281421e+03
9.786362107735204745e+02
1.786064588676180392e+03
3.697776185567062385e+03
4.255299405696851863e+03
9.381745180771758896e+02
4.315286729388682943e+03
4.122297130031046436e+03
4.198553226133224598e+03
4.502401722656511083e+03
4.280230083428355101e+03
4.166643243737070406e+03
4.342331584223240498e+03
1.260065306378652622e+03
2.359010523263494179e+03
1.086820209808370691e+03
9.140943331716377998e+02
4.002818334494957526e+03
1.796041102473482738e+02
8.707532653925505883e+02
3.266758719612717414e+03
4.098360625622679436e+03
1.504214494192821803e+03
1.024150915746033434e+03
1.613595099188554741e+03
1.243595010881934741e+03
3.664337338929056500e+02
2.780349612702790182e+03
2.543997802351496830e+03
2.487624552169627805e+03
3.254158662296377315e+03
4.134745566545365364e+03
3.267980506936588881e+03
1.233475678576129894e+03
2.297671189885186777e+03
3.422941674954666269e+03
4.472555004755057553e+02
4.162063612304487833e+03
6.600285498932066730e+02
2.061822435047874933e+03
1.061028166732671025e+03
4.237611885238090508e+03
3.725768284075025349e+03
4.238611903828902541e+03
4.195898197472462925e+03
4.364968223469774784e+03
1.534832599535549434e+03
4.299285655382559526e+03
3.168620147507842375e+03
2.174161665281227215e+03
4.166858003533457691e+02
3.518452229913974350e+01
4.351860556862743579e+03
9.920220626255655816e+01
8.709755022108754474e+02
5.724819682147787034e+02
1.423045269266467585e+03
3.088603493879592861e+03
2.606312207153671352e+03
3.957955554306608065e+03
2.241480394407287804e+03
8.533868693743471567e+02
1.169913982652200730e+03
4.351211908299827883e+03
2.291922513645169147e+03
1.819092513585199640e+03
4.102335757625866790e+03
6.705436523807849198e+02
9.989743807772485980e+02
8.926076893150347757e+01
3.478674629704605081e+02
2.811622115293415845e+03
1.628939020335173609e+03
1.854359982338453392e+03
2.517801444978818836e+03
8.669181287421406523e+02
1.952673478042859415e+03
3.158464416270254333e+03
9.625725649011798168e+02
1.130705481769491314e+02
5.676353958440195129e+02
4.497319532991860797e+03
4.363929315909793331e+03
1.019213078913165987e+03
3.293950823763417475e+02
2.015107946942422814e+03
4.547714916757986430e+03
4.393433031656334606e+03
4.021267573375725078e+03
4.295033877907655551e+03
1.368288121866911524e+03
8.877360494442672234e+02
4.227339688695060431e+03
4.518504906898803597e+02
4.156530917393653908e+03
3.907252192474314143e+03
3.248293289721743236e+02
8.174374574541258198e+02
8.574188820706742717e+02
4.460466745889106278e+03
2.541893257511550473e+03
1.705197599680361463e+03
1.581642136935023245e+03
1.834929437340008747e+02
3.366104522154685128e+02
4.013307741398495637e+03
8.149136330180178334e+01
3.509408212808906683e+03
4.198159559628974421e+03
4.402505211951593992e+03
5.971814561617038635e+02
3.214604083290141261e+03
4.310001719595677969e+03
7.907068523514637945e+02
2.181419695524976305e+03
4.513213650463934755e+03
1.945047849293654508e+03
1.133998995388312323e+03
1.957396178972662256e+03
1.213748603904359925e+03
7.404398965763003844e+02
2.184252094299468538e+01
2.826903987715264066e+03
4.270577744431898282e+03
1.672949376925581191e+03
3.317937719039719013e+03
2.859486308545700695e+02
4.899528844201378206e+02
4.342347229204627183e+03
1.323521016580335527e+03
3.520037318462547660e+01
2.383355781587260367e+02
4.430498652446515734e+03
1.456308582531580669e+02
4.447206939074296315e+03
9.532605655837636505e+02
3.404255942382766989e+03
2.965831026474980945e+02
1.105886014859893749e+03
2.012329465050215276e+03
4.350982563107048122e+02
1.472158043344860516e+03
9.676796247034782255e+02
7.004186421024236608e+01
5.712857184074337056e+02
2.691382537877816503e+03
4.279936462485585253e+03
