-1.004786750757365098e+03
-1.173354800503103206e+03
-1.293075230505608943e+03
-1.371315573869215086e+03
-1.688559864545107530e+03
-8.974022273082091488e+02
-1.298190273138273596e+03
-1.429440742440617669e+03
-1.138172131740566101e+03
-7.453743239217816381e+02
-1.082983140132431345e+03
-1.395166871913717387e+03
-1.150853786969548537e+03
-8.608404519365489023e+02
-1.491555037065628994e+03
-1.600805874727823948e+03
-1.218399674902202150e+03
-1.337949229932407889e+03
-9.474773567849254050e+02
-1.613579683392233619e+03
-1.023710172860457646e+03
-8.482931761864035707e+02
-1.628759202808073269e+03
-1.519370317246105515e+03
-1.055573984479450473e+03
-1.361512445668181726e+03
-1.672161103589409095e+03
-1.442040735850529927e+03
-8.730888269924903398e+02
-1.142391062069668578e+03
-1.008919861462812605e+03
-1.360744893490897084e+03
-8.635620804084376232e+02
-8.784503044866461323e+02
-1.377734096753830499e+03
-9.072857907659580405e+02
-1.171506930587640682e+03
-1.069005457420749508e+03
-1.327783221493518340e+03
-9.719263662558894339e+02
-1.626826145038458435e+03
-1.328785070115994358e+03
-1.693276483496525771e+03
-1.339331473102044129e+03
-1.613977657318205956e+03
-1.776651356766032222e+03
-1.528309481289338464e+03
-8.970117944538961865e+02
-9.633946274627926414e+02
-9.527223681523887535e+02
-1.423842528161797645e+03
-1.744566031004564820e+03
-1.684347250761289843e+03
-1.537492552723575727e+03
-1.447873977314623289e+03
-1.536907841153592926e+03
-1.246368988623994483e+03
-9.999318256835795182e+02
-7.853177758749434361e+02
-4.051550126220697621e+02
-5.341145277524112771e+02
-5.248385191754757670e+02
-2.636736181808529409e+02
-2.859702004263093045e+02
-7.742105060029491597e+02
-5.176987638250990358e+02
-5.407419962951934167e+02
-3.745134934113386862e+02
-4.308011275402677711e+02
-7.480755444111032375e+02
-3.802969619616104637e+02
-3.738768247692778459e+02
-5.043159242115013967e+02
-3.915746675517838753e+02
-5.029829657866168304e+02
-3.876890449714097713e+02
-5.114082125555036100e+02
-5.091142552583137899e+02
-5.019249660958161030e+02
-4.999870933376399194e+02
-4.462601179806118239e+02
-5.052548503394900195e+02
-4.938058712770870216e+02
-5.045576605836172916e+02
-6.235334093051920945e+02
-4.992198751594124815e+02
-5.098325483359374175e+02
-4.991281999930924940e+02
-5.017902168489565042e+02
-6.015768758740817930e+02
-3.981391113929930725e+02
-4.936123391238463114e+02
-6.257761294725773951e+02
-4.977598351401144896e+02
-4.967380925976622734e+02
-5.272679748343172150e+02
-4.568421559965772190e+02
-4.961161830952879086e+02
-5.521910937508476991e+02
-5.756942470171765081e+02
-6.110678414373919622e+02
-4.711537251940384294e+02
-7.148451746851507096e+02
-6.184858123050020140e+02
-6.113657410120918030e+02
-7.303844761197489106e+02
-6.069708422848646023e+02
-7.373136472601123614e+02
-7.398653670107240714e+02
-6.992628583683957686e+02
-6.091045319387745849e+02
-6.174422493113289647e+02
-6.039629817376008987e+02
-2.608699570877688529e+02
-7.725078560204033238e+02
-6.491351377945974264e+02
-6.151550372457252251e+02
-6.231500118284782275e+02
-6.231791070615503259e+02
-6.940398513838576946e+02
-6.207938408144625555e+02
-7.284045173924633900e+02
-6.030336432073377182e+02
-5.031660460076064396e+02
-7.383289677482547404e+02
-6.128290022444946317e+02
-7.179718702054702817e+02
-7.165479125697966083e+02
-7.365443078117866662e+02
-7.494149249407499838e+02
-7.933760871191842625e+02
-7.092519413233222849e+02
-7.462036495862182619e+02
-7.186837790575668805e+02
-6.330362681907391789e+02
-7.076732761655973718e+02
-8.334205336556075281e+02
-7.317539904734943548e+02
-6.147623264822835836e+02
-7.347485186228877865e+02
-7.008062519152890673e+02
-7.211282206907088721e+02
-7.379501486769146368e+02
-8.073819445170455538e+02
-8.559094608748342807e+02
-6.147361948428265350e+02
-8.222220701188506382e+02
-8.259842935740418852e+02
-7.271083590915221748e+02
-7.472226730732119222e+02
-7.320230018010391859e+02
-8.802380685628691026e+02
-6.663453994049342555e+02
-6.163711153924459722e+02
-7.267986858836094370e+02
-5.838666929077297709e+02
-8.767772194629708338e+02
-7.220278471065806798e+02
-6.203828991956262371e+02
-7.296374578110713855e+02
-6.097255827416291822e+02
-7.291394329779434429e+02
-7.151330924802649633e+02
-7.160318980175272827e+02
-7.359631577446350548e+02
-7.118149557079520946e+02
-6.046198805950944006e+02
-8.257829970294535542e+02
-6.953200941205835761e+02
-7.287694476471725693e+02
-8.331160296588050187e+02
-5.804856084583313987e+02
-3.820844569270610691e+02
-6.047743211686369023e+02
-7.358658072935884320e+02
