-1.526510433604767741e+03
-1.500545869846391042e+03
-5.998861349574631276e+02
-7.168827459289466333e+02
-2.186125165299852995e+02
-5.739484125337602336e+02
-4.693388801781514985e+02
-5.088983237087883822e+02
-5.631943172426438196e+02
-5.108814266517803730e+02
-2.072581222493062683e+02
-5.645721859500689561e+02
-5.582267863898445057e+02
-5.069805814611872847e+02
-6.625986216250812504e+02
-7.244138865890543002e+02
-6.725347666361133179e+02
-7.586820072869224987e+02
-6.001612766626690245e+02
-7.428490781828388663e+02
-7.083788260253576254e+02
-8.076697657763830875e+02
-6.998932742042272821e+02
-6.848409973680388703e+02
-7.519260360001575236e+02
-4.128139065899845264e+02
-4.066623234472297099e+02
-8.054610563308308429e+02
-2.166703765730289319e+02
-2.380345441429379321e+02
-6.417288434337230001e+02
-5.599676169199226479e+02
-5.433811489723478871e+02
-9.835484248483405736e+02
-7.110983634377325870e+02
-9.758515812526018181e+02
-5.327864060386070832e+02
-5.955320099564810334e+02
-4.581402961688374376e+02
-6.095429648158617510e+02
-1.813241339206221312e+02
-2.083169349193301514e+02
-3.376400391226694637e+02
-1.608962585097933413e+02
-3.339145968703752487e+02
-5.751931511683300187e+02
-8.503156205489143531e+02
-4.235770250500228826e+02
-2.213175956322529032e+02
-4.742285965864301147e+02
-3.007585540012984779e+02
-6.966497456487808222e+02
-2.852998279745899595e+02
-4.647144810205395515e+02
-4.718562244103028434e+02
-3.452491364826637437e+02
-6.963700314116204027e+02
-4.506337969560466377e+02
-4.166182117768474882e+02
-1.019601927835504284e+03
-3.774981581494793090e+02
-4.238431709274337891e+02
-7.071271744017377614e+02
-3.155361684281827479e+02
-3.190369890673511577e+02
-5.959165226437355614e+02
-4.511772326758290319e+02
-6.058295731612497548e+02
-3.316790503250201709e+02
-5.569281254958631280e+02
-4.946414307262792249e+02
-4.714918374851383192e+02
-2.322036378824537337e+02
-1.821378521019904042e+02
-1.983026644735479067e+02
-4.376512559737595325e+02
-3.191571531125256342e+02
-3.568000707190260528e+02
-5.595633270828487866e+02
-3.161153483432583471e+02
-4.378325314964005202e+02
-6.050094866330358627e+02
-4.685277783651761752e+02
-6.329942996672756408e+02
-3.244845777219417187e+02
-1.137864003560680885e+03
-5.823834891739837758e+02
-5.818192832135466688e+02
-5.279532019277291965e+02
-5.696267997694023961e+02
-5.944182629000131328e+02
-7.302232970447936395e+02
-6.283144686831576564e+02
-9.567051751164301550e+02
-9.010766786411513749e+02
-5.894430058398810388e+02
-1.969104340900115915e+02
-4.055266482098981555e+02
-4.621526864979297216e+02
-3.327240004754301594e+02
-3.818768433051798183e+02
-3.518559247673632058e+02
-7.083762604990499767e+02
-6.999147202784181445e+02
-9.020905385218908350e+02
-1.123119623119199332e+03
-1.051491000591496459e+03
-9.628683842143166203e+02
-1.044697298851792311e+03
-1.120139483262415297e+03
-1.080085178050499508e+03
-7.845472672789263697e+02
-7.980828831307061364e+02
-4.143042341600624923e+02
-4.119152373395194218e+02
-7.063699117098948363e+02
-5.245597822306617672e+02
-3.676079461999495379e+02
-4.586457672768889324e+02
-9.288774790739969376e+02
