-1.617109990949611529e+03
-1.602955922640609970e+03
-1.654332789597850478e+03
-1.354577379697246442e+03
-1.508721516117742112e+03
-1.403667182574321487e+03
-1.426518464968605485e+03
-1.194938510441449125e+03
-1.274539241891872280e+03
-1.323296469570912222e+03
-1.244403821891461575e+03
-1.341145561550898947e+03
-1.237372858323125911e+03
-1.320142188036897778e+03
-1.459116922383131623e+03
-1.506549759269527385e+03
-1.245176019174219618e+03
-1.054007647967141793e+03
-1.274965222886882202e+03
-1.296118346077403658e+03
-9.988766892231948304e+02
-1.434185226956478346e+03
-1.311839035147734876e+03
-1.298231026918027283e+03
-1.109114543506982045e+03
-8.987756869052366255e+02
-1.127549677981099876e+03
-8.006631219962002888e+02
-9.548094019924892564e+02
-8.427292317831488617e+02
-8.569802297306199534e+02
-1.168884211193705141e+03
-8.243404496167073603e+02
-5.997384494944718654e+02
-1.010702591370113851e+03
-4.517534194081825376e+02
-7.210342298414025208e+02
-4.796071237487087160e+02
-2.799856617712746356e+02
-9.660331707154043670e+02
-4.934183443462595164e+02
-3.949291445922077060e+02
-6.222670931148807085e+02
-3.961042895283390521e+02
-5.557819576346679469e+02
-3.665674743510391522e+02
-2.802518783404026976e+02
-4.041801930756648744e+02
-4.704460225949673031e+02
-5.043786257308890413e+02
-4.888046518933164180e+02
-5.903021399315708777e+02
-3.912072532723266818e+02
-3.639963247797222152e+02
-7.287051774929690282e+02
-3.621132405277070916e+02
-2.189328373970070061e+02
-3.703611266159428510e+02
-1.456189934512617015e+02
-3.660583590063409929e+02
-3.293122509463295273e+02
-3.873105583621718893e+02
-3.088199263616718326e+02
-4.743052609665604678e+02
-2.403742740066841748e+02
-3.805100076946822583e+02
-2.074070534842367692e+02
-1.709063600079733192e+02
-3.251365935643810872e+02
-4.885256209078078200e+02
-2.849876823632671403e+02
-5.095903207259490841e+02
-3.228640075057684271e+02
-3.948874990874955415e+02
-2.730093225768470688e+02
-2.773302342692780940e+02
-3.098588327157107756e+02
-2.116516671613781000e+02
-2.737211211342408888e+02
-1.949958635873461503e+02
-5.979668924633843972e+02
-3.625211117270356453e+02
-2.999273092664811315e+02
-1.738969699500827915e+02
-2.857537978866513413e+02
-3.177316952256600189e+02
-4.109486934387520023e+02
-3.691625904416742969e+02
-5.019044766474615926e+02
-2.839544046766926613e+02
-2.464944562512603738e+02
-1.994460117279092515e+02
-1.759735341949422889e+02
