8.659999999999999432e+01
1.840999999999999943e+02
1.244000000000000057e+02
1.620000000000000000e+02
1.365999999999999943e+02
1.119000000000000057e+02
1.595000000000000000e+02
1.500000000000000000e+02
1.249000000000000057e+02
1.315000000000000000e+02
1.329000000000000057e+02
1.445000000000000000e+02
1.274000000000000057e+02
1.688000000000000114e+02
1.618000000000000114e+02
1.996999999999999886e+02
1.590000000000000000e+02
2.000000000000000000e+02
2.000000000000000000e+02
2.000000000000000000e+02
