-1.402982217587332343e+03
-8.644378206393237178e+02
-9.351040338740763218e+02
-1.267228574001448123e+03
-1.026980817593507481e+03
-1.349064931817312527e+03
-1.506214871213688639e+03
-1.347196698139797491e+03
-1.738182506221954100e+03
-9.844953476296573172e+02
-1.115201559905871136e+03
-1.178359231509932897e+03
-9.702089389754780768e+02
-9.753090937770272149e+02
-8.474433715730286849e+02
-9.029581065962772755e+02
-1.197272916532775071e+03
-1.023578754725581575e+03
-9.405637532227143538e+02
-1.006142271523174259e+03
-7.476995213385266652e+02
-7.003303918316049703e+02
-7.577361998968102625e+02
-5.137880315218378655e+02
-8.661322950805380287e+02
-6.279535985279502484e+02
-4.835765117826128403e+02
-6.279982048022711751e+02
-6.240646844084579925e+02
-3.664489155857251035e+02
-2.758386647264028397e+02
-3.725765545923688933e+02
-7.234566679697275049e+02
-1.230973147909620167e+02
-2.496886005815264866e+02
-1.207948465554120361e+02
-1.205491064733225670e+02
-1.265670944275084651e+02
-2.383804832333533170e+02
-1.267925846291440166e+02
-1.248222185905711115e+02
-1.233357425878691203e+02
-3.506406962232684918e+02
-1.252739290398935026e+02
-1.189605979396065152e+02
-1.195218947305636874e+02
-1.192462124772586094e+02
-1.585444271266120309e+00
-2.611513516193766122e+02
-2.393479490133810543e+02
-1.146708656966741069e+00
-3.520852804900426349e+02
-3.455926938026307766e+02
-1.200964960985960062e+02
-2.355509654859135935e+02
-2.341140783172071167e+02
-2.403932871944207079e+02
-1.265272924627070239e+02
-1.239732928061037569e+02
-1.242415303468487906e+02
-1.208311768280296263e+02
-2.364983583709544348e+02
-1.657997014073845587e+00
-2.398162281042706354e+02
-1.162060416138520083e+02
-1.146869659353127417e+02
-1.186896183842518866e+02
