-2.420137335922275952e+02
-3.843516301864070783e+02
-2.327052093610282668e+02
-3.203682007735671959e+02
-1.846109646071760721e+02
-3.230242299401828632e+02
-4.853868497300571505e+01
-1.338855680172671896e+02
-9.037512381961941799e+01
-2.631101024070405003e+01
-3.684624621081435976e+02
-3.301123010958396549e+02
-2.063366142863554273e+02
-1.033265174275252178e+02
-3.361717882742065058e+02
-2.087618484794259075e+02
-2.183704105002226754e+02
-3.655797902521075571e+02
-3.856477535640254928e+01
-3.625101721504130978e+02
-4.599280315217137627e+01
-1.940208131632354025e+02
-4.541094927520254032e+01
-1.239683395697675792e+02
-9.188543422882209200e+01
-3.248464363087676929e+02
-2.345593063192647207e+02
-4.160559024229754073e+02
-9.004913035063222537e+01
-6.053036768215677910e+01
-1.691733714159146018e+02
1.749102693153164978e+01
-1.641226498843954005e+02
-1.707321549622408270e+02
-3.389228498815524517e+02
-2.857971125757676418e+02
-4.111486366536478840e+02
-9.913821346570196624e+01
-1.906023327289904614e+02
-5.256296739936504991e+02
-5.263745690260648047e+01
-9.189777533599892934e+01
-2.357204529945553588e+02
-2.100914324213322857e+02
-1.303880259847900902e+02
-1.235841813205869073e+02
-9.317464108316120530e+01
-3.778655211248860155e+02
-1.018888396418444273e+02
-5.641030665149255583e+02
-2.829685097511876961e+02
-1.046478105840453168e+02
-1.167571510767333791e+02
-2.901945635758428352e+02
-1.947987181007141828e+02
-3.043527611211263206e+02
-2.388120692146678721e+02
-1.079063549286410080e+02
-9.595830419887138873e+01
-3.806259731151342294e+02
-1.287351906409750484e+02
-5.695159096337033588e+02
-9.143021166774938990e+01
-1.470449687267119998e+00
-2.032631576195593084e+02
-9.026687453205200029e+01
-1.906243551397919589e+02
-1.486800566519071651e+02
-1.064037470280979676e+02
-1.102495399296523999e+02
-1.017017140378831073e+02
-1.096494496219901720e+02
-1.393468833939863032e+02
-1.055952167656011653e+02
-5.385309861821293964e+01
-1.103876170794413412e+02
-2.800398027751272139e+02
-3.270415817335901352e+02
-1.325640199737076159e+02
-1.799048347439756412e+02
-2.247335831305500164e+02
-2.147609799896296181e+02
-5.443867845183532239e+01
-1.881249682217705299e+02
-2.996382782961460407e+02
-1.015721723118278277e+02
-4.991443650086604862e+02
-6.594968520137791756e+01
-1.015083125770425738e+02
-1.244454974242597132e+02
-1.016477911835511350e+02
-1.740800916610812124e+02
-1.135944385393958811e+02
-2.032135598399348737e+02
-2.163815297268886013e+02
-2.039492501641071271e+02
-2.161980292363817000e+02
-3.623679164891635764e+02
-1.983431517069212759e+02
-1.371483382019688690e+02
5.600296248428941226e+01
-9.822054343505915597e+01
2.998572715978914971e+01
-1.544157519875982132e+01
-1.052713247864068222e+02
-2.801331396885965432e+02
-1.083645546423696260e+02
-1.913220128960315378e+02
-7.296489227896046259e+01
-2.609583987983040743e+02
-7.819439304684858882e+01
-1.238789872895084443e+02
-2.184097902581530377e+02
-1.500346475752265860e+02
-8.936567542016038601e+01
3.843579416438544172e+00
-2.169880478867980855e+02
-5.205231131086711827e+01
-1.371943351330074279e+02
-7.986613237542063359e+01
-3.505817428435250349e+02
-6.565584836831421001e+01
-2.533174061171876303e+02
-3.288884807165666189e+02
-2.262979132893300402e+02
-3.028283771721460198e+02
-3.062114092232121720e+02
-2.709519114363922654e+01
-1.812975344260310351e+02
-2.201442207134215892e+02
-1.154977343667882934e+02
-8.161437875001610109e+00
-1.522805976579106186e+02
-2.334717383817241512e+02
-6.197124895397964650e+01
-1.082448420146720167e+02
-8.292943668781674660e+00
-7.667433310627448861e+01
-9.551764534179980615e+01
-1.718016143703498244e+01
-2.104921869909130123e+02
-2.630602001701610106e+02
-3.912591127921019307e+01
-5.112406915184603662e+01
-1.572744946836205031e+02
-1.081630702039607002e+02
-1.785608170138650621e+02
-2.297724558482829593e+01
-2.442295113386080061e+02
-1.758299891056849162e+01
-2.418472740322371806e+02
6.583149713599196318e+00
-1.477606510235146402e+02
-5.285585872124439533e+01
-1.190799270676832577e+02
-5.394651137751113623e+01
-8.032789845850344079e+01
1.142254715283456363e+02
-1.319798982370203930e+02
-4.291711791809996868e+01
-1.478239215582734118e+02
-2.873845677484542094e+01
-1.693460063337672068e+02
7.744293050997116268e+01
4.501662853031896105e+01
-1.330924075145950951e+02
1.269568928475158387e+01
-9.440458148664140481e+01
5.867007574715479734e+01
-2.800200381116071071e+02
5.489442215227920485e+01
-2.869093942704779465e+00
-2.582407280403741723e+01
-2.598197556475574856e+02
-5.748822309139562492e+01
-4.610547799556918136e+01
-3.497691969662218412e+02
3.955258080496244588e+01
-1.527734556956993401e+02
-4.752413592915030449e+01
-1.794724918903535809e+02
-8.627998077088568607e+01
-3.096068444789277407e+01
-5.533135920988203793e+01
-2.159692345110365608e+01
2.124210732390569945e+02
3.132116021789698834e+01
-2.497055941801540939e+02
-7.321143749503812614e+01
4.160109229580151435e+01
-2.365168608235889849e+02
7.836175138530165896e+00
-3.380148306270492640e+02
-1.163381235349802125e+02
-1.780490234255863697e+02
-5.914638035813084116e+00
6.948986954327500598e+01
-1.142938385473588312e+02
1.667840656433949675e+02
5.714794477426445951e+01
1.905827112452517156e+02
1.431477319467570624e+02
1.468950274742726378e+02
1.543972693721065639e+02
-3.995069296354037647e+02
-4.873183162461661766e+01
-1.571352656709952100e+01
2.764438322944569109e+02
-1.243116623642992522e+02
-4.149617062554822766e+00
1.835159645913255702e+02
2.250088077820121271e+02
5.271823017247967869e+01
2.504723253445512228e+02
4.369064081054931847e+01
-1.335536269746999949e+02
-9.344215800163748042e+01
-6.782747915515825810e+01
-1.103371071205630471e+01
9.013786770065838994e+01
-5.213057472369496992e+01
-4.394429338861808532e+01
-1.635459091765874362e+01
-1.062196177701586919e+01
-2.089512157667341086e+01
-6.797069541757986144e+01
-6.503680298409101113e+01
-2.326101307057606249e+01
-1.641202188199729335e+02
-2.688476185695701588e+02
6.343123298131459364e+01
-2.025540848047978315e+01
-1.259908120816302528e+02
-3.359544257915750904e+02
-4.902065447765129846e+01
-3.152096127109365398e+01
-1.054627602335939542e+02
-1.608298275994275173e+01
-1.165893390164641374e+02
-6.342486599514060686e+00
-1.129208291517976370e+01
-1.660012068461865056e+02
-9.935677640411094558e+01
-2.111257959871167031e+02
8.364674340432260635e+01
-5.195907316280175436e+00
1.276806193628013659e+02
-7.070264131977799238e+00
1.616212192872841911e+02
-1.087189178820590030e+01
1.825084519963201330e+02
1.631753089889772923e+02
-3.229147896153218653e+02
-2.631317875644876381e+02
4.443408538126599439e+01
-2.214721092782284586e+02
8.055948618346764079e+01
5.782052230385069436e+01
1.633964414425865357e+02
9.704415589491102878e+01
1.843037759310589081e+02
8.897647910964658990e+01
2.001876705303309620e+02
1.839785531052022520e+02
3.107698059648567934e+00
5.185576693014458272e+01
2.737529548600440421e+02
2.843236578576618285e+02
2.775189270005947151e+02
2.294493995763609462e+02
2.298250737736818792e+02
2.332106578462220341e+02
2.298529497475942662e+02
2.073809534353031268e+02
-2.350977788821115553e+02
2.054745846711079480e+02
1.190224332549461366e+02
4.410449794784632616e+01
1.521255380286486343e+02
1.025422115675406474e+02
1.652358008876678923e+02
9.069574844320501938e+01
2.020420734344876337e+02
1.861358341847242741e+02
1.939944560473777528e+02
6.974560678287045334e+01
-9.076268439619148864e+00
1.330055321960687422e+02
1.927035733157919424e+02
2.139099636389642853e+02
1.948719623128670264e+02
2.205576673743036622e+02
1.559359201158404176e+02
1.557371356079966631e+02
1.810098029835706939e+02
1.445731459287056850e+02
1.855476164343261303e+02
2.017086280177516073e+02
-3.738998707927695619e+01
1.595559003090908732e+02
2.175448264334646353e+02
2.637801942417057717e+02
1.800978775132936391e+02
1.597317115343948899e+02
2.012801064154105859e+02
2.273772822018337365e+02
1.991135544771309469e+02
-1.347227426510775956e+02
1.747292453212930923e+02
2.117420313119265245e+02
1.650144967193011780e+02
2.071344968403147391e+02
2.136966498355803310e+02
2.120956147428384497e+02
-2.189264079249799977e+01
1.252319067305235905e+02
1.760762980078040414e+02
1.969753984360969525e+02
1.935535156324540651e+02
1.704325716823758512e+02
1.622330700833211949e+02
2.122087855976886885e+02
1.056443041382213153e+02
1.902399260154853096e+02
2.131236834389680439e+02
1.807790317948901020e+02
2.327105930147819208e+02
1.469692631748196163e+02
1.726842366397081605e+02
2.020175299277846648e+02
2.635070837049426018e+02
2.107755719175765421e+02
2.318905763224409498e+02
3.505617306161212809e+01
1.572917372298318526e+02
1.280274348303012744e+01
3.381656333989312202e+00
2.408284139199130323e+02
1.847628955288000157e+02
2.917845118724492863e+02
2.505549650831590611e+02
2.694300490849055336e+02
1.058854396405448455e+02
-1.472738277648050484e+02
2.823749266954708901e+02
2.454083362977176535e+02
1.166043782026623319e+02
2.463489022772161832e+02
1.960000997187897553e+02
2.376702801417201272e+02
2.074251196072375478e+02
1.930614810266780808e+02
2.361516365542564415e+02
2.479587896470047212e+02
2.658283340266873438e+02
8.955639740117105418e+01
1.608126628827834850e+02
1.727343882719760302e+02
7.010140128767136503e+01
-3.011381923066264221e+01
2.312436270094171959e+02
2.267227325991427733e+02
9.629985904800273033e+01
2.155990159786580591e+02
2.357701342370448572e+02
2.351004434633206017e+02
2.481180068833157293e+02
2.441775010602522968e+02
-6.741188496052421897e+01
2.005863247783825614e+02
2.927630380798611895e+02
1.946792459022971400e+01
2.641373104732534784e+02
1.791441890501689045e+02
2.734816325745670156e+02
2.651437060137243407e+02
2.705953638145778655e+02
1.728251360423599863e+02
2.146118902485730473e+02
2.161753586623287617e+02
2.296218027796063836e+02
2.053317285469028661e+02
2.755072905127573222e+02
1.535127389405547831e+02
1.670737738888513206e+02
2.544185963090418738e+02
2.456509958095723505e+02
2.286518163977688403e+02
2.677525090447085176e+02
2.671164517634899767e+02
-7.062519271315346714e+01
1.143136708672802087e+02
1.073826860201660054e+02
2.434632312982260203e+02
2.490363195218624810e+02
2.594312862710967238e+02
5.174864518753000198e+01
1.461517750797301005e+02
1.714810122224683084e+02
2.045250168346131545e+02
2.182393118509817782e+02
2.489322452206682215e+02
1.652436825438567212e+02
1.335696869860993843e+02
2.436232238939115859e+02
1.548520119811989275e+02
2.072684979910388279e+02
2.532605374140212575e+02
2.208574686215177962e+02
2.546794450644864014e+02
2.670384420961395904e+02
7.636906873703297549e+01
2.603901716955454617e+02
2.191125879885574363e+02
2.541037498196263869e+02
1.048850983222160806e+02
1.707874258665204366e+02
-2.364978879000470329e+02
2.864952903290409267e+02
2.227368422683884432e+02
2.879486449497427429e+02
5.119434956919329238e+01
2.905841956462687108e+02
2.905196356576589096e+02
2.649880346170563143e+02
2.142158537357362036e+02
2.316630964238742649e+02
8.007140994736366224e+01
2.747981810585468452e+02
2.410817784657470213e+02
-1.062206587033685423e+01
2.544858147722984825e+02
1.052688992808340629e+02
2.832764426565973963e+02
2.405817616319257581e+02
1.196845113352214440e+02
2.766561095385983435e+02
2.761548334462131606e+02
2.206332708766378232e+02
1.971298946033556376e+02
1.000902782443298946e+02
1.899545408578184720e+02
2.378502668785810101e+02
-1.671870658781081431e+01
2.727391801355664711e+02
2.394439838697875587e+02
2.331716018660119403e+02
1.303173302134442793e+02
2.008929027200568953e+02
2.712789174316907292e+02
2.712004118160690496e+02
1.933076870969998140e+02
2.313139904436490895e+02
2.243402377698705266e+02
2.227070965377752430e+02
2.598326355294743735e+02
2.423774673076295301e+02
1.005534296323770462e+02
2.100373136623808819e+02
2.829686080154798447e+02
2.262217335355325076e+02
2.764663797734763193e+02
2.980114516088698338e+02
2.426163548123758744e+02
2.721426435649386804e+02
1.249166696816539996e+02
2.943254377576751608e+02
3.177989444255852050e+02
2.739817272739807095e+02
