-2.703542586590364181e+02
-2.312503694427149981e+02
-2.579053025475288337e+02
-1.598058870505144569e+02
-1.582227231485589130e+02
-2.316883108956482715e+02
-3.274983821975789624e+02
-1.913550333428921135e+02
-2.150658986031323820e+02
-3.146771330210319917e+01
-4.307352211041852996e+01
-1.363902697916580564e+02
-1.284598962052966158e+02
-2.059508891730429241e+02
-1.860112126309606424e+02
-1.519882324045887856e+02
-1.398413438965978628e+02
-1.558704203732464180e+02
-1.572991898995790052e+02
-1.066956533917113177e+02
-1.371980645459805999e+02
-1.309687854194901035e+02
-1.059947339218528271e+02
-1.422258619614846111e+02
-1.625731846409710215e+02
-1.589871670845431026e+02
-6.539883265853541161e+01
-8.022865382028321335e+01
-9.205412815771799728e+01
-2.966383183307097582e+01
-1.610076915582424704e+02
-7.631235389017902548e+01
-1.561605565255764532e+02
-6.113718704315613195e+01
-4.362482419202460449e+01
-2.522650280292778646e+01
-3.931363287516094829e+01
-1.243573654538067785e+00
4.047818576360494092e+01
-4.519935121534437883e+01
3.262741595666916083e+01
-1.468240946770363848e+02
1.897449287344666047e+01
-1.829975380108427174e+01
-8.792962220492418624e+01
-9.842466181132445513e+01
-1.063165029013364347e+02
-8.365613713245245719e+01
-7.195066173162133794e+01
-1.125856030431378230e+02
-1.333272972697003240e+02
-1.372391934681552961e+01
-3.035990081260866802e+01
3.952038787321233571e+01
-7.868637347747307054e+00
7.031485268571628922e+01
1.216633983834008461e+02
2.520493401107946951e+01
-1.953642628417336624e+01
-4.948762446611603849e+01
-3.490967903100197844e+01
7.770920376357099535e+00
-9.461693166754501760e+01
2.242566638029431303e+01
5.303574279502153388e+01
8.175865269223655218e+01
-2.071022801055861606e+01
2.527338924329648684e+00
-2.453777144851945735e+01
8.174748545531034694e+00
-3.552782516279535230e+01
-2.381459585904858756e+01
-9.648238650931624250e+01
-7.490184607378971293e+01
-4.330095685222546820e+01
-7.530522254838094121e+00
-5.051202354991693255e+01
-7.253633872001050520e+01
-7.951314632283825290e+01
-5.860220114168502192e+01
-1.897074899297241402e+01
5.508363084590320113e+01
3.395056424306322640e+01
-1.784610412129456591e+01
8.313710349702112978e+01
-2.812346777616168580e+01
7.678512953529828167e+01
1.945354444065797495e+01
5.314673075671350944e+01
4.100689435074810518e+01
8.575247137180934942e+01
7.000610088089821659e+00
1.049630130098126699e+02
4.727602208169557940e+01
1.102961706442484200e+02
1.189708803272745570e+02
1.759170217181947464e+02
9.063722406832549439e+01
9.906613404541043622e+01
7.046139418522405151e+01
1.401028006532714016e+02
7.459768567893397062e+01
1.151222352745981823e+02
3.350224801826165333e+01
-2.750161169871233824e+01
1.488655568248438783e+02
2.147413784171369002e+02
1.792984840985971289e+02
8.019981224020696686e+01
1.899137767143506039e+02
1.757029254182168359e+02
1.487779985516108638e+02
1.350940928041914333e+02
1.529708497332522086e+02
1.767064681658612812e+02
1.931070208902140735e+02
1.546934636481901464e+02
1.397238052109202044e+02
2.262156060340182080e+02
1.380574476378232589e+02
1.445648088175884709e+02
1.999931432066798038e+02
2.290650215980585074e+02
1.095544638535440072e+02
1.387520201461240390e+02
1.644008213466297548e+02
1.741913070377265171e+02
1.661610724995255737e+02
2.091935641070469387e+02
1.789174978038753636e+02
1.714529795441397653e+02
1.760789948176062865e+02
1.905019899225980282e+02
2.034970820562734843e+02
5.311573645085553608e+01
2.007159392266549389e+02
2.065766316319319174e+02
1.881594057509968820e+02
1.640697828125047693e+02
1.802880598096630536e+02
1.707902073405713850e+02
1.890600391619109928e+02
1.896340290158261155e+02
2.339163237093446241e+02
2.591764474085374559e+02
1.772888361657967664e+02
2.317810151865443800e+02
1.914777089303667879e+02
1.570743941624991180e+02
1.656404649854175091e+02
1.800598623238582263e+02
2.113492267095511181e+02
2.199514430131415281e+02
2.225077367079501869e+02
2.133433451535564416e+02
2.247183082410648183e+02
1.750746276285763656e+02
1.808541632389078018e+02
2.323649796335490407e+02
2.321376791612788679e+02
2.159803951008611307e+02
2.246856599126237484e+02
2.130193663031623714e+02
2.488844519021227484e+02
