1.233478911449788207e+01
1.251668679421424457e+01
1.238416681103352879e+01
1.258556686520732448e+01
1.245973522492954899e+01
1.215091910686608045e+01
1.224723667892561174e+01
1.224548056112609196e+01
1.263061617646746981e+01
7.985538184355124258e+01
8.336786546529745934e+00
2.151809920195155996e+02
1.913263205191206566e+02
1.498341811179637091e+02
1.610516630386662769e+02
1.490569755749932312e+02
2.026386824802058015e+02
1.658904374288798351e+02
2.253729722923179111e+02
2.107420791961224609e+02
1.534182272350705603e+02
1.912165164260301822e+02
2.996782513029974098e+02
2.654936828006357814e+02
2.658222050201532625e+02
2.115481624207180573e+02
2.201902911065267858e+02
2.804419614368097768e+02
2.246711599004675861e+02
3.256080935695894709e+02
2.730427400460022227e+02
2.479006795078704215e+02
3.372265640873811208e+02
2.204466443911576334e+02
2.116795008794734372e+02
2.291142024166937858e+02
2.975515021823581492e+02
3.478508422858234326e+02
2.946531132116949721e+02
1.638726646632757422e+02
2.289993005697539559e+02
3.221151986868877657e+02
2.170403066747536798e+02
6.042960412064131788e+02
3.716456676789950393e+02
5.477327556704562994e+02
2.047786837236851341e+02
2.673060203364474319e+02
4.914017906780794647e+02
2.646037455344966816e+02
3.288494628586084332e+02
3.761115042983996091e+02
5.053270701072511883e+02
8.915727992196076457e+02
7.087378800693855965e+02
4.006220292620205328e+02
5.352513280431408020e+02
4.644861302413017370e+02
4.078033727789514842e+02
3.135567817496407770e+02
5.341397176704006142e+02
5.760652740476940608e+02
3.475508987196260478e+02
6.222289036583897541e+02
4.127276192234984364e+02
4.217225159550167746e+02
3.503832482252424825e+02
4.164682351119912482e+02
3.638867209219586698e+02
4.561038634282419366e+02
6.964044225621123587e+02
1.268682953620534818e+03
4.200470485153940672e+02
3.786370907934684737e+02
4.984750565751012914e+02
6.051161499101290246e+02
5.660879070116160392e+02
7.113114880151454145e+02
5.299543915251963426e+02
4.660093707222364401e+02
6.734005828288460407e+02
4.671553980850604830e+02
7.528956241126109035e+02
5.730669217485444733e+02
4.149309156130980227e+02
5.863398695277863908e+02
5.277120301839099739e+02
4.310927388373567624e+02
4.534745453309195682e+02
4.089615482980734669e+02
5.984848436328154548e+02
4.808404049727924985e+02
3.068281561709154062e+02
4.720630631090031670e+02
3.235308659389428385e+02
6.913307923336489011e+02
2.626838166469489124e+02
1.181907076955793855e+03
8.813853858012886349e+02
7.935239316945385326e+02
1.116216286156815386e+03
9.015297413114776646e+02
1.423524562051770999e+03
9.632997185125519763e+02
1.180199690692129707e+03
1.254879707729921392e+03
1.602255062883919891e+03
1.223849479849365252e+03
1.034961796607983842e+03
1.717659126845034280e+03
1.416564316079000264e+03
1.056781460856059539e+03
1.820231908797567939e+03
8.900829196876951528e+02
1.059286738556732189e+03
1.355763827236027737e+03
1.261662653090060530e+03
1.158257407063190612e+03
1.397503492253794093e+03
1.370297724063578698e+03
6.732363551002240456e+02
1.083372416954479831e+03
1.187843277009692429e+03
1.556424532052577206e+03
1.241945695248262609e+03
9.147376167017512216e+02
1.397523654230363036e+03
1.681142490935250635e+03
6.068494033524573297e+02
1.803102178044517586e+03
1.262584479337093853e+03
1.428869810047357078e+03
2.094648972638897703e+03
1.511331406520623659e+03
1.101408356609082375e+03
2.273500904636166979e+03
1.879665625137031384e+03
1.623389446893521836e+03
2.339531184099330858e+03
2.123129177669964520e+03
1.052653515313791559e+03
6.478826099317242324e+02
1.121046187347826617e+03
2.834979801973778422e+02
2.547800270470164833e+03
1.507204668718700987e+03
1.499036301458432945e+03
1.727400747606233836e+03
2.473791356890045336e+03
2.107474806672435534e+03
1.540009638400392078e+03
2.549397380891835382e+03
1.081812894546021653e+03
4.087124612580347275e+03
4.030751879608707441e+03
3.783839395269918896e+03
4.073853021461734897e+03
1.358657248175353516e+03
3.860658842078964426e+03
3.284823953845912001e+03
2.431192740734682957e+03
3.979970026674141081e+03
2.473825543670523075e+03
3.114177142565232316e+03
2.615401519849843680e+03
3.024244216590106134e+03
2.624241565474331765e+03
4.302987720386950969e+03
2.258984597690511237e+03
4.368119096319091113e+03
4.492208158151848693e+03
4.283581373518298278e+03
3.275481780412476837e+03
3.005115546020422698e+03
4.365095745686781811e+03
4.221377865193470825e+03
1.499064278015115178e+03
3.588432584372669226e+03
3.596930420906148356e+03
4.389948991677751110e+03
3.384886764506051350e+03
3.059745821755440375e+03
3.411270641528558372e+03
3.180899253430997305e+03
4.111874874206246204e+03
2.656419433823888312e+02
2.752925286033215343e+03
3.186753791800495492e+03
3.485867351914243045e+03
3.183812360269851524e+03
4.341586455807471793e+03
1.960414672619810972e+03
4.299599237836091561e+03
3.688995002638080678e+03
3.145716351764078354e+03
3.111703298396217178e+03
2.686976066460342281e+03
3.784882705536825142e+03
2.134613242976492074e+03
2.485194847213338107e+03
1.132083684479190879e+03
2.675911709739103571e+03
3.073376083769315755e+03
4.691236295071040331e+03
3.668255400546168858e+03
4.684342600334945928e+03
4.122756681391396341e+03
4.587321847087054266e+03
2.179158304432207842e+03
3.791335689243370325e+03
4.263127662890749889e+03
5.158170940700407300e+03
4.758724126825162784e+03
2.739297344373046144e+03
4.776838623683537662e+03
4.934413221286627959e+03
3.534692509515083657e+03
4.994242757753632759e+03
5.139309911592815297e+03
2.692635732146631199e+03
1.927302678864582504e+03
4.552009630995142288e+03
5.197124214559498796e+03
4.748203465958651577e+03
2.779883373116200346e+03
3.003505228403387719e+03
2.222847015752872721e+03
4.384999675885954275e+03
4.905602812004753105e+03
4.259660998928672598e+03
3.534741416850582937e+03
3.512930187258822116e+03
4.194821046217262847e+03
4.053282721327265790e+03
3.547114206287448724e+03
5.175601553412895555e+03
3.868882379158311323e+03
4.052459072149126769e+03
2.253297090904455217e+03
3.988550594752067809e+03
5.220239586348226112e+03
5.010928331983235694e+03
1.962291602186787259e+03
5.329644545468863726e+03
5.171086605638198307e+03
4.684516078765605016e+03
5.258539002927128422e+03
5.217151239992965202e+03
5.453757670396653339e+03
5.176092604547215160e+03
5.264214515877227313e+03
4.177783098284910011e+03
5.244027658908360536e+03
5.227014184377380843e+03
4.916141888493953957e+03
5.217044189386561811e+03
5.228649604779560832e+03
4.773682940764424529e+03
5.325038549998060262e+03
5.244692316263070097e+03
5.237653964050524337e+03
5.334175205341549372e+03
5.158449235513719032e+03
5.218947160462887950e+03
4.260380640827936077e+03
4.905216125414291128e+03
5.383654614739734825e+03
4.697527019106140870e+03
5.324904485482728887e+03
5.095224862841888353e+03
3.818884429041394469e+03
5.317002930071950686e+03
4.821530296149341666e+03
5.323704751128370845e+03
5.096407498810558536e+03
5.370633452500403109e+03
5.214450612519745846e+03
4.865199609421085370e+03
4.875669100193668783e+03
5.049807055064300584e+03
5.286931647104912372e+03
4.127260069141366330e+03
5.323170919844889795e+03
5.174865496898974925e+03
5.133515938491829729e+03
5.170705576885387927e+03
4.226931720278205830e+03
5.224553872581334872e+03
5.212433099768114516e+03
5.174112454107338635e+03
3.737903684932583019e+03
3.791218549484287905e+03
3.410346175408319596e+03
5.174449913664288943e+03
4.694370046117736820e+03
3.577400551819347129e+03
4.846930025245729666e+03
4.051538775912774781e+03
3.990446010609352470e+03
4.814243339093323812e+03
4.815499326174597627e+03
3.627752904212685280e+03
4.433065146921001542e+03
1.737641229526111374e+03
4.631186657538854888e+03
4.406850621853937810e+03
3.126580802040206436e+03
2.764330590938984642e+03
3.694104690693086013e+03
3.145248725150146583e+03
2.552486087231201964e+03
4.546478873734859917e+03
5.047160943507713455e+03
5.124388528261863030e+03
5.158415926349649453e+03
4.760674956068271968e+03
4.227240545222926812e+03
3.688376423058458840e+03
5.104657341832387829e+03
4.591440790761006610e+03
2.377171921053224651e+03
3.776190462470430248e+03
4.497566290620541622e+03
4.232075071355709042e+03
3.702042466723784401e+03
4.686494940796548690e+03
5.079814066717523929e+03
5.290149401134636719e+03
5.126400808262565079e+03
5.198242312506009512e+03
2.792269278123875665e+03
4.778678512425160989e+03
3.220611806843412523e+03
5.190557877654600816e+03
4.482050129150146859e+03
5.102082701560858368e+03
5.224562940124341367e+03
5.119973637398301435e+03
3.771488582547004626e+03
4.297852388831286589e+03
5.045944520452653705e+03
4.803923457321716342e+03
5.306677707732555064e+03
5.162956510841931959e+03
4.881757970298316650e+03
5.364006117911516412e+03
5.223495455710565693e+03
5.228275969288384658e+03
4.842276532982691606e+03
5.253761294385989459e+03
4.705153730519860801e+03
3.082790130419313755e+03
3.695247181342782369e+03
5.272586020982760601e+03
5.416011979465141849e+03
2.711214890982304041e+03
5.969504504813385211e+02
3.747390934548456244e+03
2.730961452686301982e+03
4.137357735160735928e+01
5.345270098654631511e+03
3.786552396702788428e+03
3.094217897189552332e+03
4.102342156680231710e+03
5.333027204411378079e+03
3.746345747230305278e+03
4.227351518940051392e+03
5.232552797251744778e+03
4.849469446744387824e+03
5.151963974205186787e+03
5.258751847418895522e+03
5.387211237398631056e+03
5.395120375527915712e+03
5.650268072607670547e+03
5.442846422527411960e+03
5.352006359947634337e+03
5.491462154316948727e+03
5.550327868296089036e+03
5.220595980060234979e+03
4.984551319444757610e+03
5.462997561670782488e+03
5.300856176015508936e+03
5.511420825230105038e+03
5.250344610714462760e+03
5.489234498267004710e+03
5.361983607007661703e+03
5.326584612779469353e+03
5.403674231125849474e+03
4.218635005163743699e+03
5.188476038135077033e+03
5.536218765198253095e+03
5.431603384934623136e+03
5.496750089423670943e+03
5.572067335369884859e+03
5.616587445879942607e+03
5.315429582937294981e+03
5.409940454298895929e+03
5.568689054623535412e+03
5.259056783757670019e+03
5.540972408856934635e+03
5.534848404478472730e+03
5.090925429593402441e+03
5.501695266826282023e+03
5.383503868565750963e+03
5.530490011882521685e+03
5.453146554396001193e+03
5.517451541694463231e+03
5.521496538155584858e+03
5.356029555263951806e+03
5.447128062120709728e+03
4.004809452082944972e+03
5.571703114944357367e+03
5.590417290124856663e+03
3.202787663697644803e+03
5.140784174794252976e+03
5.577415954753794722e+03
5.582821654696129372e+03
5.443652995948324133e+03
3.848917514671584740e+03
5.625909331647783802e+03
5.551342521201290765e+03
5.012490524122975330e+03
5.609824199635279911e+03
5.411810195069414476e+03
5.530106400136801312e+03
5.607737758221266631e+03
5.508412703103159402e+03
5.547472431022346427e+03
5.611417202131286103e+03
5.572783177149250150e+03
5.600957204273139723e+03
5.577151887073703620e+03
5.482107475394604990e+03
5.055801808116090797e+03
5.678624018609911218e+03
5.598971048528832398e+03
5.666916240544708671e+03
5.728931542876654930e+03
5.626107808525958717e+03
5.656341807678186342e+03
5.060852398700148115e+03
4.353533534463130309e+03
5.801118186571035039e+03
5.727009686418913589e+03
5.693326819192778203e+03
5.538595006931054741e+03
5.749217934412659815e+03
5.787464030089560765e+03
5.740250174732273081e+03
5.823239021826982025e+03
5.653787000014669502e+03
5.813262227618667566e+03
5.846082942867363272e+03
5.892477292078449864e+03
5.832550024570582536e+03
5.745020613817177036e+03
5.233100661223785210e+03
5.715827822574748097e+03
5.804392770623275283e+03
5.804853857949665326e+03
5.824394995927435048e+03
5.734977253650759849e+03
5.889590886401680109e+03
5.893847486534712516e+03
5.868521919529800471e+03
5.840325741521748569e+03
5.784030131277851979e+03
5.106426221702596195e+03
5.907258235727441388e+03
5.894141992353232126e+03
5.848767400550090315e+03
5.418882904001801762e+03
5.862848011228893483e+03
5.917729456874951211e+03
5.835653712700497636e+03
5.787994710249073250e+03
5.917154516422580855e+03
5.364692216099798316e+03
5.834759624136337152e+03
5.706116350222266192e+03
5.358312772195588877e+03
5.884465183723643349e+03
5.561459188522907425e+03
5.482193168131556376e+03
5.930423951804108583e+03
6.007483572233080849e+03
5.954083830392989512e+03
5.940463752233697960e+03
5.883663402800367294e+03
5.358964605509712783e+03
5.946730907642710918e+03
5.889188498918412733e+03
5.888554621406643491e+03
5.979299578763028876e+03
5.425279989469145221e+03
5.878540158499662539e+03
5.901616857138112209e+03
5.895452632950401494e+03
6.090008388029112211e+03
5.467815011646871426e+03
5.977575821102852387e+03
5.933711673151877221e+03
5.594176182739359319e+03
3.670943139320425871e+03
4.367396430448540741e+03
5.881134082298660360e+03
5.989821350294936565e+03
6.109335380043929945e+03
5.938311210555752041e+03
5.607726027572702151e+03
5.587166796143128522e+03
6.092844461022918040e+03
6.139169345911611344e+03
2.687993829742267735e+03
5.996307037048861275e+03
5.995961958357723233e+03
3.902494557032488046e+03
5.897398164284148152e+03
5.820205762457264427e+03
6.163366817665306371e+03
5.097968072699253753e+03
5.882191336638619759e+03
5.238183478957509578e+03
5.787881091427655520e+03
6.036892939963686331e+03
6.102434385826009020e+03
5.918901486007007406e+03
6.094599773622813700e+03
6.181086113731873411e+03
6.164412393552911453e+03
5.407101008297287990e+03
3.876872550342789964e+03
3.472897605574551562e+03
5.773639433338021263e+03
4.586314226910059006e+03
5.757659851288317441e+03
5.405324625768900660e+03
4.899507222704508422e+03
6.222956136973637513e+03
6.130051978468006382e+03
5.931083680983828344e+03
6.215068539233086085e+03
5.976557053471048675e+03
5.618569605636706910e+03
3.880414431129448531e+03
5.642118090500161998e+03
6.188135544206833401e+03
3.994849031164954795e+03
6.026350605238251774e+03
4.950737553096500051e+03
6.172816002616656078e+03
6.071723290215785710e+03
6.002921291634955196e+03
6.118810812690972853e+03
6.120110381736059935e+03
6.164321481056609628e+03
5.195435315596075270e+03
6.182805681895931230e+03
6.137722929261971331e+03
5.730119086407458781e+03
5.561205212437278533e+03
5.822299391237744203e+03
5.979995005306432176e+03
6.114251198132634272e+03
5.993442041166662420e+03
6.117931823449924195e+03
6.041416562041084035e+03
5.994813369262717970e+03
5.967185202823026884e+03
6.126047866915262603e+03
5.509202938804595760e+03
4.430120417261134207e+03
5.959396149895463168e+03
4.693617476943421934e+03
5.975267753905241989e+03
6.035140457851045539e+03
6.062189224624456074e+03
6.012756448988779084e+03
6.110520605982954294e+03
6.082251077061172509e+03
6.134509096901529119e+03
3.807841268202831088e+03
5.974377242968549581e+03
4.452137757194586811e+03
6.022893988881442056e+03
6.030491692936951040e+03
5.491029566054424322e+03
6.111657117945494974e+03
5.431690783653154540e+03
5.582748993771848291e+03
5.738318202553034098e+03
5.891175918786184411e+03
5.882202488176570114e+03
6.154540597187254207e+03
6.161767229436783964e+03
6.159893835182610928e+03
4.225677417315358070e+03
6.174191060018089956e+03
5.473734879493969856e+03
5.338786280113487010e+03
4.860695480734254488e+03
6.150519092589989668e+03
5.618356937831443247e+03
5.664643751250811874e+03
5.805213504917521277e+03
5.064727178795144027e+03
6.107277428443063400e+03
6.039874089625325723e+03
5.778561382622921883e+03
5.632917944157429702e+03
6.137263511764074792e+03
4.397646798222888719e+03
5.185498869483700219e+03
5.158561622434071978e+03
3.717669962750425384e+03
6.076914004272899547e+03
6.027876789736264982e+03
4.398984851998564409e+03
5.266369901378184295e+03
5.802618502864820584e+03
6.184910728196320633e+03
5.316442246496397274e+03
4.317998883002737784e+03
3.354597237691877126e+03
3.518193050772043989e+03
5.427278386459067406e+03
4.744262021200098388e+03
6.203023602105999089e+03
5.471076653576359604e+03
5.853387004009008706e+03
5.699112052298240997e+03
3.400705665277316257e+03
5.598376658324140408e+03
6.365145020535986987e+03
4.832292785199460923e+03
6.110160026484079026e+03
5.674637479775550673e+03
5.562381986393741499e+03
5.181605904463704974e+03
5.930916611034469497e+03
5.452505288061413921e+03
6.071815865960220435e+03
4.458645950338616785e+03
4.706341423859364113e+03
4.870663265016084551e+03
4.806365149850984380e+03
3.639275983963957060e+03
5.243818744238320505e+03
5.488119782429045699e+03
6.316921286063924526e+03
6.187485131622072004e+03
4.834063571496643817e+03
5.312613628972419065e+03
4.277282107607235957e+03
4.750030286572411569e+03
5.046227628650101906e+03
4.215272453587538621e+03
5.223840219241895284e+03
3.667020247115813163e+03
5.245284745175799799e+03
5.783704637767487839e+03
6.251325797621955644e+03
6.219254096794224097e+03
6.342737048038015928e+03
6.282718679647589852e+03
4.949403279131768613e+03
4.216912618025236952e+03
3.582426367635719544e+03
6.039129513138571383e+03
5.280166284025523055e+03
5.917324946818051103e+03
2.735544077144912535e+03
4.329933612430470021e+03
2.829102117684602490e+03
6.183576741849532482e+03
5.163773751202864332e+03
4.477674763892954616e+03
6.063184246206721582e+03
6.207735583929787026e+03
5.592416671989377392e+03
6.178315527020905392e+03
3.552341865820429121e+03
2.467725075582961836e+03
6.288127984388373079e+03
3.730643889734573804e+03
5.284204629392397692e+03
4.789326376109469493e+03
4.758398303887698603e+03
5.061785238270290392e+03
6.287248870203934530e+03
5.548092560185360526e+03
5.995947104714196030e+03
4.765705045159711517e+03
6.049632054746829454e+03
5.740620194453793374e+03
5.507570037720039181e+03
5.977522196962481758e+03
4.401547844675629676e+03
4.839880436440369522e+03
5.510645839840460212e+03
6.333192590058683891e+03
6.208668728120884225e+03
6.128362467810866292e+03
6.257763417182250123e+03
6.035623162533193863e+03
5.205007627411117028e+03
5.019406552235681374e+03
6.225938216862364243e+03
6.249258246238018728e+03
6.454072800029667633e+03
4.999872140744811986e+03
3.598137429255200459e+03
5.835951386212901525e+03
4.561702546339498440e+03
4.150942341637091886e+03
5.300547599732307390e+03
4.071954430216247601e+03
5.230032202612474975e+03
4.743574267633140153e+03
4.659611804199472317e+03
4.920322380211322525e+03
6.248857265690752683e+03
6.400625884230214979e+03
3.759723693625496708e+03
5.784097996139803399e+03
6.263268223789489639e+03
5.475376144078637481e+03
4.743612772243091968e+03
6.403331306941557159e+03
5.611663409611323914e+03
5.760728530974319256e+03
5.101744840998193467e+03
5.830010474740121936e+03
6.246549235920597312e+03
6.443542368681104563e+03
6.317007140882625208e+03
4.702817686121767110e+03
6.331128548157304067e+03
6.271430293322691796e+03
6.477448674253677382e+03
5.342205464743941775e+03
4.570609478175514596e+03
5.910100145875915587e+03
5.759853114329182063e+03
4.753220037551933274e+03
5.896134436205562452e+03
2.956919588392228889e+03
6.429419512216692056e+03
5.739364481186140438e+03
6.129218294317079199e+03
4.137666760385240195e+03
6.484051258619709188e+03
6.375713741385739013e+03
6.473172030230233759e+03
5.767154498750650419e+03
6.375041218280743124e+03
4.707589078718670862e+03
6.389450585454749671e+03
6.273642585330790098e+03
4.539785429686007774e+03
6.230337952820210376e+03
6.210304567415040765e+03
6.166698845265234922e+03
6.506732948245075022e+03
5.595044975358794545e+03
6.638619296687431415e+03
4.378554018796720811e+03
4.759184918722639850e+03
5.770989382090336221e+03
5.505224993728767913e+03
6.204372022603283767e+03
5.501138471222653607e+03
5.956375778702726166e+03
5.305187959040958958e+03
6.200697260420663952e+03
6.420340615702884861e+03
6.325126417883018803e+03
4.767840014118648469e+03
6.127834374711617784e+03
6.521175340207360932e+03
5.557560949420169891e+03
5.373697527422587882e+03
3.626611922253882312e+03
5.872314901938671028e+03
3.248199703264749587e+03
5.250922387254022397e+03
5.878810181284147802e+03
5.458243500058075369e+03
1.732448420446983391e+03
6.191179259100875242e+03
6.530846220787499988e+03
6.408149293854532516e+03
5.203363990154006387e+03
5.246983038295141341e+03
6.181608499489831956e+03
6.639397103568604507e+03
6.119359348866430082e+03
4.144627597021454676e+03
5.995029627424832142e+03
4.910582352083093610e+03
5.907627137742974810e+03
5.653347115665159436e+03
6.508600488707679688e+03
3.729107898967867186e+03
5.336137547028258268e+03
5.514218160887034173e+03
5.901353319647752869e+03
4.659990855564629783e+03
6.458942855043034797e+03
5.362144798497201009e+03
5.109892069670187993e+03
6.329074576286933734e+03
6.385134836476255259e+03
6.186453521587887735e+03
5.186548532508878452e+03
6.174798703972871408e+03
5.800040693528169868e+03
5.983247499532831171e+03
6.451800717724961032e+03
5.502751002332185635e+03
5.576282083774678540e+03
5.437377902381418608e+03
5.955142161608071547e+03
5.058071875490567436e+03
5.787111817864637487e+03
6.161701749511871640e+03
4.837223628516988356e+03
5.423622011726184610e+03
6.405815005371923689e+03
6.173894819489811198e+03
5.551193555758357434e+03
5.712991688257608985e+03
6.004408120155043434e+03
5.791813857355487926e+03
3.606345490251442243e+03
5.667911056218747035e+03
5.432191189581326398e+03
5.796578952844059131e+03
2.270834486407490203e+03
6.483407795824957248e+03
6.331916117476927866e+03
5.665116076104133754e+03
5.986594491816902519e+03
5.337724916307131934e+03
3.687962240585483414e+03
2.598996133968179038e+03
6.101771310112153515e+03
4.959958682470469284e+03
3.467676156006906240e+03
4.801982717365931421e+03
5.924299520928759193e+03
5.893161901817240505e+03
5.592552435040973251e+03
5.445811129832024562e+03
5.874493329956480920e+03
5.442320375787286139e+03
6.396840290147874839e+03
4.802647098832784650e+03
6.024873011977175338e+03
5.781655468845449832e+03
5.582648826391197872e+03
6.424264674658959848e+03
5.887742635600041467e+03
4.081855305195954770e+03
5.819345318553298057e+03
6.602847509135064684e+03
6.630232488274818934e+03
6.177667562314859424e+03
5.857005684136760465e+03
4.063851540068444592e+03
4.593410149098506736e+03
4.682764881051442899e+03
4.996412078907626892e+03
5.404976800063175688e+03
5.610895868856879133e+03
5.949042778699184055e+03
4.795023760702758409e+03
5.889761996210241705e+03
4.357799057179631745e+03
4.533085564269651513e+03
1.585772962794247860e+03
3.765589292021820256e+03
4.171582089898006416e+03
5.965707814080928074e+03
6.090689054419354761e+03
5.459364262476336080e+03
4.044061208899202029e+03
6.512075966842226990e+03
2.472076234262435719e+03
3.703850107099644902e+03
6.627856556048069251e+03
5.681937411042084932e+03
6.376794794267449106e+03
5.308764562322174243e+03
6.232945228797036179e+03
5.752323591537990069e+03
6.338619638200147165e+03
4.464859117135651104e+03
6.575532371909241192e+03
5.638911883925231450e+03
3.317310267016394846e+03
2.803502751794594587e+03
6.363778331064726444e+03
5.896375128338023387e+03
3.729651260843586442e+03
6.727552718955897035e+03
6.537250756446514060e+03
6.601063027874460204e+03
3.992989900771058274e+03
6.494620455797529758e+03
6.008286457593823798e+03
6.451668654517814502e+03
4.031838898386874462e+03
5.879750655387978441e+03
5.552279443375607116e+03
5.907573151041726305e+03
6.121892943201311027e+03
6.615305885969848532e+03
6.409765838558399992e+03
5.374805697987651001e+03
4.745060844875575640e+03
6.128451081748369688e+03
5.256151038044225061e+03
5.953218309236260211e+03
5.488245984554628194e+03
6.484505941750836428e+03
5.605855349707119785e+03
5.824944631526201192e+03
5.823516157141601980e+03
6.053934367526497226e+03
6.449112677797708784e+03
6.311364239147476837e+03
6.679155546771432455e+03
6.594708961690374053e+03
6.509434378315191680e+03
6.301259089660341488e+03
6.637788287133413178e+03
6.418834143046883582e+03
6.739110894774081316e+03
6.263076326883051479e+03
6.706012398314970596e+03
6.640489333774043189e+03
6.620478090639357106e+03
6.827341292121649531e+03
6.497587684541178533e+03
6.668939708917450844e+03
5.952352515691444751e+03
6.566680165998234770e+03
5.937663847662027365e+03
6.616059368677459133e+03
6.084890821588800463e+03
6.662970646609613141e+03
6.705411780456542147e+03
6.617896852087644220e+03
6.738198644145295475e+03
5.451173459287931109e+03
6.695085165175210932e+03
6.683729184419217745e+03
6.584967392784981712e+03
5.736962558852099392e+03
6.537763042216422036e+03
6.686665473010258211e+03
4.893683479191941842e+03
6.771395966200459043e+03
6.416835600861545572e+03
6.809987660460668849e+03
6.699873706991238578e+03
6.427440594161435001e+03
6.277351182027311552e+03
6.401502570373882918e+03
6.802117232506442633e+03
6.768374929849424916e+03
5.492005772157179308e+03
6.439811892926453766e+03
2.730967674031425759e+03
6.726038606841629189e+03
5.997302270011070505e+03
6.629719706869545917e+03
6.330567682206712561e+03
4.297154322595778467e+03
6.753264335142475829e+03
6.765634763794961145e+03
6.687560793546847890e+03
6.469263739100135354e+03
6.656812513890390619e+03
5.344525425093112972e+03
6.881778155173781670e+03
9.660730494941139668e+00
5.921415287828557666e+03
6.476747013477008295e+03
6.902049850114223773e+03
6.763387601353251739e+03
6.143434878999880311e+03
6.825245242056851566e+03
5.791332097419533056e+03
6.715122530525119146e+03
6.730897637785959887e+03
6.556088340447895462e+03
6.124498543257899655e+03
6.863646772203164801e+03
