-2.346834623301593581e+02
-2.179433380693474192e+02
-2.291556544182532775e+02
-2.709872860604406242e+02
-2.404566085015745216e+02
-2.919504340032922869e+02
-3.000474627267336700e+02
-2.162209669130964471e+02
-1.902915396453188066e+02
-2.145981278630099496e+02
-2.480898702071091577e+02
-2.536314305283785018e+02
-2.867965554801527333e+02
-2.553221836207417823e+02
-2.757659165184621202e+02
-2.887191604289688485e+02
-2.500272709467961647e+02
-3.256360426657868175e+02
-2.523935643008277623e+02
-2.512965954185363842e+02
-1.662672120519209216e+02
-2.514088381234216740e+02
-1.869083759658645931e+02
-2.730303139000281476e+02
-2.629910839594235199e+02
-2.759471578914819929e+02
-2.530078803905281859e+02
-2.154465568418827957e+02
-2.368288172090701664e+02
-2.839819547903771308e+02
-2.283586516300642870e+02
-2.530326020026051594e+02
-2.837689246863812969e+02
-6.353724703345297797e+01
-3.719299345878543939e+00
3.768348049330707283e+01
2.316386955851307761e+01
2.124035328136107239e+02
8.341558990174493715e+01
