-1.304778938372415496e+03
-9.777303386690605294e+02
-1.415762131649092453e+03
-1.534112376783302807e+03
-8.222788419283250505e+02
-1.794974307114072872e+03
-1.548645842577994017e+03
-1.690629267065320164e+03
-1.771285030664208307e+03
-1.317819082221655663e+03
-1.519064182294897591e+03
-1.109650947992375677e+03
-1.254813186033642523e+03
-1.362565011127511525e+03
-1.326434838284499392e+03
-1.109522238757304422e+03
-1.103858608659619449e+03
-9.555633229102348878e+02
-1.123112449365646398e+03
-9.500295009936075985e+02
-1.003252151769370698e+03
-9.042675149249106425e+02
-8.645834125969969364e+02
-9.302066239375043324e+02
-8.267289037613073788e+02
-5.486714158221953994e+02
-6.259500995740945655e+02
-5.926835217933205513e+02
-5.936480703320146404e+02
-2.567134135213220247e+02
-5.074994382278730995e+02
-3.811837989641319950e+02
-2.553757884993656262e+02
-3.794683361090948779e+02
-4.232359566175571786e+02
-2.421135412948300427e+02
-1.273035158281126940e+02
-3.548152666398555652e+02
-1.201581715043733141e+02
-3.295579060532105586e+02
-2.524577694892570605e+02
-3.863343706312648784e+00
-3.688396249999002521e+02
-2.472442987476889869e+02
-2.506165372557842375e+02
-2.374596354243855671e+02
-4.511303393588095219e+02
-3.514893069969007797e+02
-4.341891108175220282e+00
-4.054746106240440184e+00
-1.273059176045964449e+02
-3.251146367276186666e+00
-1.295024193058128503e+02
-2.543322586856881458e+02
-2.348170765764993462e+02
-2.540031166295131584e+02
-7.510589546349482362e+02
-1.259023206659026499e+02
-1.244656330900314032e+02
-4.928471423268258711e+00
-1.256344755811071110e+02
-1.215269704694166677e+02
-2.449477269722254960e+02
-4.248489227803142754e+00
-3.692772324968441922e+02
-1.279035636282087296e+02
-1.256955008279556694e+02
