8.670000000000000284e+01
1.991999999999999886e+02
1.959000000000000057e+02
1.980999999999999943e+02
1.870000000000000000e+02
1.489000000000000057e+02
1.515999999999999943e+02
1.441999999999999886e+02
1.955000000000000000e+02
1.598000000000000114e+02
1.314000000000000057e+02
2.000000000000000000e+02
3.350000000000000000e+01
2.000000000000000000e+02
2.000000000000000000e+02
1.990000000000000000e+02
1.888000000000000114e+02
1.946999999999999886e+02
1.508000000000000114e+02
1.310999999999999943e+02
1.621999999999999886e+02
1.935000000000000000e+02
1.845999999999999943e+02
2.000000000000000000e+02
2.000000000000000000e+02
1.850999999999999943e+02
1.383000000000000114e+02
1.823000000000000114e+02
1.375000000000000000e+02
2.000000000000000000e+02
2.000000000000000000e+02
2.000000000000000000e+02
2.000000000000000000e+02
