-8.882641972859518091e+02
-8.611693467652136178e+02
-1.293098613454067845e+03
-1.139395019554343889e+03
-1.289643548575229033e+03
-8.585945258769039583e+02
-1.064368579991559045e+03
-1.170582656652518608e+03
-1.282961257502337048e+03
-1.513224383054154259e+03
-1.401564895012013039e+03
-1.461266551790026597e+03
-1.325279307173746702e+03
-9.988089123802469658e+02
-9.251844548271379836e+02
-8.802775243927083011e+02
-1.173971346830377115e+03
-6.696056315369515914e+02
-1.004146440458120196e+03
-6.064083616496326385e+02
-7.858289905078513584e+02
-8.612766980212953740e+02
-6.200115975737752478e+02
-7.322179992073738504e+02
-3.758579497280857140e+02
-9.148376975669250442e+02
-3.808625989278193060e+02
-3.782538707037372774e+02
-5.921753738095360404e+02
-3.651972336919943700e+02
-6.122842224436459446e+02
-3.674948293551698271e+02
-2.508868548816204509e+02
-2.497577627517325709e+02
-3.593882396590410053e+02
-3.648363964008164544e+02
-3.741786298179547998e+02
-2.829782673774390673e+02
-3.623622216687823538e+02
-5.111079185902983681e+02
-1.253221180799938423e+02
-2.487783755066269578e+02
-1.220885889710353496e+02
-3.598902147014712796e+02
-1.203379006910002005e+02
-2.304293622430027142e+02
-2.331478395198561593e+00
-1.234062740976261239e+02
-1.224358566071608436e+02
-2.696798297787883936e+00
-2.344309225123331828e+02
-2.364937521173430639e+02
-4.499562439227190680e+02
-1.216573861738741300e+02
-2.341970660429855116e+02
-1.198478476722045656e+02
-1.258296475168166779e+02
-1.200137276074861887e+02
-2.952141582447078250e+00
-2.444530277661693276e+02
-2.337852642845234641e+02
-1.175261541757330406e+02
-1.176914137811545231e+02
-1.249051612300976331e+02
-1.259615072735481647e+02
