-1.453378334586050187e+03
-1.436481705861842556e+03
-1.816278581343862697e+03
-1.066553578091547024e+03
-1.620839191933254824e+03
-1.069550738259300033e+03
-1.503328129129883791e+03
-1.229771290580085179e+03
-1.632660149328263742e+03
-1.318808615625636776e+03
-1.297902080329733280e+03
-8.594142774081998368e+02
-1.275764214521792383e+03
-1.126170185248859298e+03
-1.455843591425367322e+03
-1.035088857924922422e+03
-1.116023065254527410e+03
-1.194698454418308529e+03
-6.251682623483108046e+02
-8.715906009514334301e+02
-9.295008100031907361e+02
-9.767209553397511854e+02
-9.667173807841825237e+02
-1.067886957824939827e+03
-7.587130089265458537e+02
-9.932525600246940485e+02
-4.696216570969205009e+02
-4.905442237346010756e+02
-7.581456425017240690e+02
-7.290195385398233157e+02
-6.061767276157971764e+02
-2.497965094899777796e+02
-4.986370534407145101e+02
-2.522846748076032384e+02
-2.375714125022396388e+02
-3.582359534214908763e+02
-2.547703720026357530e+02
-1.271690147969464135e+02
-3.750289955324734592e+02
-1.265607529734379995e+02
-1.306497623048834953e+02
-1.209577136841144807e+02
-1.814896241157794021e+00
-1.235835998063714953e+02
-1.879380155837566013e+00
-1.247522887115809027e+02
