-3.503999343321486322e+02
-2.253742615597165582e+02
-3.153079505830675657e+02
-2.961043749657200124e+02
-2.413978702728813346e+02
-3.541212703291465118e+02
-3.089909240590571358e+02
-3.249053061555584918e+02
-1.968170635971805211e+02
-2.343489459806747846e+02
-3.359719609243389300e+02
-1.562442005433939300e+02
1.069252852286955715e+02
-1.203795247423465469e+02
3.154725221937071069e+02
-5.746665824376209031e+01
2.268785431894637554e+02
1.034641863547337834e+03
1.021695605437604627e+03
7.047223071109345938e+02
1.890140870715367100e+03
2.458651037626685138e+03
2.905652900180708002e+03
2.575012327381030445e+03
3.328640289033395675e+03
3.432449695342726045e+03
1.819787306190261688e+03
3.190882359660164184e+03
2.552997779309583166e+03
3.814563950666710753e+03
1.417488379145667977e+03
3.734606376658726276e+03
4.487831413716708084e+03
3.890331111889570366e+03
4.406673105901190866e+03
4.181508618130807918e+03
4.603966171169930021e+03
4.612944780789835022e+03
4.991677983419861448e+03
4.631987728409537340e+03
1.503425997242170752e+03
4.414777654342047754e+03
4.622327430678105884e+03
3.375740058666543064e+03
3.774308291693110732e+03
5.143234336586898280e+03
4.452452795085447178e+03
5.238711410159662591e+03
5.198653592004191523e+03
4.648909903588180896e+03
5.220173551203055467e+03
5.262325381812330306e+03
5.411172640161478739e+03
5.170550526579535472e+03
5.570484405801153116e+03
5.236395607882412151e+03
1.664083317187567445e+03
5.146472481429897016e+03
5.623400735511485436e+03
5.586398659321561354e+03
5.537215956632951020e+03
5.332646383206297287e+03
5.206839240365853584e+03
5.278004253131653968e+03
5.545152255309257271e+03
5.567593051719908544e+03
5.501060095644048488e+03
5.154711527069992371e+03
5.698789182001803056e+03
5.438108804967908327e+03
5.886969802418195286e+03
5.821593156019963317e+03
5.917237060107505386e+03
5.877007758728114823e+03
6.119909580074820042e+03
5.760483004402055485e+03
2.252791758674823086e+03
5.779046627497541522e+03
6.089866134523903384e+03
5.713822405420602081e+03
6.202339160914860258e+03
6.016990657873975579e+03
5.997530333282877109e+03
6.169796348878166100e+03
6.019591532234922852e+03
6.038506790149112021e+03
6.176728164908189683e+03
6.187693703296999047e+03
6.461129940059657201e+03
6.216333824538682165e+03
6.488184648407515851e+03
6.341737162043631542e+03
6.392477175696586528e+03
6.449395940588830854e+03
6.498564752301076624e+03
6.597137718638160550e+03
6.124483293323371072e+03
6.352724956230761563e+03
6.842304621809830678e+03
6.618061598271506227e+03
6.602239156949231074e+03
6.589013284716195813e+03
6.475228424956610070e+03
6.688605675560921554e+03
6.702747663278757500e+03
6.603289808206971429e+03
6.977016164678246241e+03
6.695770635394025703e+03
6.642167921956211103e+03
6.774545625624218701e+03
6.659098688371956086e+03
7.150434307465145139e+03
6.957769664617632770e+03
7.040264463652667473e+03
7.028233954236465252e+03
7.090161068026746761e+03
6.714510204089910985e+03
6.975285268420971988e+03
7.387657252755915579e+03
7.163220810015191091e+03
7.272355855564122976e+03
7.272995572402693142e+03
7.397471125458760980e+03
7.443264464798987319e+03
7.653604487818109192e+03
7.446623903592418174e+03
7.549642741717354511e+03
7.253210033014604051e+03
7.521189319894068831e+03
7.211440653140969516e+03
7.131702541148568343e+03
7.422263529782813748e+03
7.423764836958514934e+03
7.489325708932982707e+03
7.181936490367438637e+03
7.078100494515637365e+03
7.412618928022619002e+03
7.628854302395682680e+03
7.668386577153679355e+03
7.490770348910367829e+03
7.627598242329017012e+03
7.639252888694745707e+03
7.586530513149605213e+03
7.524019585582842410e+03
7.443331971269899441e+03
7.606451390957569856e+03
7.654528253335339286e+03
7.670889840115978586e+03
7.589360721534487311e+03
7.810527928708895161e+03
7.835817364845080192e+03
7.760906627441589990e+03
7.652767559338637511e+03
7.688517736589381457e+03
7.371384051960983925e+03
7.898589960839964078e+03
7.662553575134923449e+03
7.990738698679989284e+03
7.848791150432904942e+03
7.871728759666672886e+03
7.675659474806449907e+03
7.893794133507820334e+03
7.933230496119838790e+03
7.713835315682074906e+03
7.995065824252402308e+03
7.870782414212141703e+03
7.653224331769662058e+03
8.014506345257944304e+03
7.798118439386024875e+03
7.901071861255561998e+03
8.041415314725492863e+03
7.817475668266557477e+03
7.990210093341621359e+03
7.852202722768158310e+03
7.988534408947583870e+03
8.149768984883401572e+03
8.057123916383351570e+03
7.628893943858615785e+03
8.165438734959415342e+03
7.967459269617821519e+03
8.096155138034803713e+03
8.073036196778612975e+03
8.084847330165074709e+03
8.232628384364836165e+03
8.005624097126775268e+03
8.112297578057526152e+03
8.242919837495237516e+03
8.131680930224550139e+03
8.265614205443091123e+03
8.255723604318418438e+03
7.999726068454889173e+03
7.936831617932149129e+03
8.190288580221694247e+03
7.980442619375770846e+03
8.167210099203108257e+03
8.248091556003229925e+03
8.215807747408276555e+03
8.127539960468146091e+03
8.189399820049050504e+03
8.089858564721604125e+03
8.381434294870048689e+03
8.261259108385826039e+03
8.285718968979772399e+03
8.232038579527854381e+03
8.127692972008848301e+03
8.112364625627638816e+03
8.066472664979452929e+03
8.225767237080783161e+03
8.198862822748153121e+03
8.178861848782297784e+03
8.387176288726994244e+03
8.259295160118015701e+03
8.104744630639514071e+03
8.147410918646870414e+03
8.592210605186906832e+03
8.390677054468700589e+03
8.198293636017933750e+03
8.293838875545519841e+03
8.422047384905768922e+03
8.294534956476452862e+03
8.322358937144048468e+03
8.113820884223999201e+03
8.097592656886215082e+03
8.172491500321625608e+03
8.323856255408918514e+03
8.236589418661897071e+03
8.425938900074888807e+03
8.423091139038477195e+03
8.488717862492763743e+03
8.424558189214674712e+03
8.274897269261748079e+03
8.169207880183204907e+03
8.316646124439852429e+03
8.346221922436985551e+03
8.621750699445025020e+03
8.180015849795677241e+03
7.957715553157016075e+03
8.229305238504897716e+03
8.537081622618074107e+03
8.261177864938264975e+03
8.295324100217580053e+03
8.539102836110425415e+03
8.364715275668459071e+03
8.354776896177041635e+03
8.329880675095602783e+03
8.566558767388545675e+03
8.335738036104805360e+03
8.668628275592389400e+03
8.621541658713482320e+03
8.564539548210730572e+03
8.491390649388222300e+03
8.571983881167103391e+03
8.488030951295879277e+03
8.501435874925844473e+03
8.385664963252165762e+03
8.602887457765509680e+03
8.406386763616728786e+03
8.409089845078697181e+03
8.627525278390943640e+03
8.471962396379374695e+03
8.570577749379330271e+03
8.423532315363840098e+03
8.460662539702820141e+03
8.594004984318893548e+03
8.609612459255547947e+03
8.790563556243787389e+03
8.868222084075208841e+03
8.642016116065797178e+03
8.857143833663099940e+03
8.560884514836528979e+03
8.829694446088864424e+03
8.635156470876907406e+03
8.532695333896193915e+03
8.583599643125602597e+03
8.729524530080665500e+03
8.692744310055537426e+03
8.892039170702084448e+03
8.578540488925382306e+03
8.651699906070618454e+03
8.806233374151473981e+03
8.378190168141458344e+03
8.562480557793558546e+03
8.559393263788422701e+03
8.896009082628717806e+03
8.553572888797076303e+03
8.820142411767959857e+03
8.572236306244283696e+03
8.746022185513047589e+03
8.656878713755448189e+03
8.715847028862870502e+03
8.709901163644643020e+03
8.852969783168080539e+03
8.666943527764207829e+03
8.814492106825136943e+03
8.483282457989382237e+03
8.681031062648236912e+03
8.605672030046778673e+03
8.639872410785623288e+03
8.543050204803614179e+03
8.833583970211835549e+03
8.668408071630556151e+03
8.571848482853047244e+03
8.707362109967130891e+03
8.776603542447710424e+03
8.579902731328165828e+03
9.040318441173298197e+03
8.881643301631438590e+03
8.644153223929561136e+03
8.874481132916753268e+03
8.625570555134096139e+03
8.582521001399285524e+03
8.750838411606362570e+03
9.061551379641410676e+03
8.896249929022489596e+03
8.859823425538357696e+03
8.647824529827046717e+03
8.826482891920008115e+03
8.869651557098481135e+03
8.821578942265516162e+03
8.808665108986759151e+03
8.808992818859189356e+03
8.534216634887379769e+03
9.022287251287381878e+03
8.722313781645361814e+03
8.806589288492463311e+03
8.726763254194576803e+03
9.001679358977562515e+03
8.824199364988178786e+03
8.867901292956959878e+03
8.857092302892422595e+03
8.791174305825581541e+03
8.881179605885694400e+03
8.875805179838005643e+03
8.651465793394749198e+03
8.709906340081157396e+03
8.804975521767617465e+03
8.962805734974228471e+03
8.751812145798252459e+03
8.850369144571979632e+03
8.757499339682308346e+03
8.903354231603676453e+03
9.053523838847058869e+03
8.835813248626969653e+03
8.930958686130727074e+03
8.772743914923514239e+03
8.805248399435087777e+03
8.877770111938796617e+03
9.002160000233423489e+03
9.015751179214028525e+03
9.011039173423818283e+03
8.927796075757947619e+03
9.115831079370558655e+03
8.955495113308057626e+03
8.921383381783076402e+03
8.954511192931639016e+03
8.843882878428745244e+03
9.015231454523775028e+03
8.873918265995302136e+03
9.000396496688168554e+03
8.952342021115420721e+03
2.898496714101008820e+03
8.858055052250912922e+03
9.125029234783018182e+03
8.973581063968968010e+03
8.913610159682373705e+03
8.504415578075619123e+03
9.032454092206433415e+03
9.195635101279558512e+03
9.145326689253353834e+03
8.916805332505309707e+03
8.766236518853898815e+03
9.034132516012932683e+03
9.098957650830441708e+03
8.925153195368615343e+03
9.027008649967994643e+03
8.848919815976072641e+03
8.949616323193120479e+03
9.064369182617268962e+03
8.774024583294820332e+03
8.968249302166650523e+03
9.086811300074643441e+03
9.153776099676881131e+03
9.108933172747785648e+03
9.100749424583338623e+03
8.877521170458498091e+03
8.644860627291523997e+03
8.944520003416679174e+03
8.986905722513631190e+03
8.811268105149982148e+03
9.157495422064001104e+03
9.124369456683274620e+03
8.970353247841214397e+03
8.998662242316440825e+03
9.048461899564172199e+03
9.102243175620522379e+03
9.209894106342340820e+03
8.985524101636528940e+03
9.052593374674315783e+03
9.102097960946590320e+03
9.175726854101772915e+03
9.319017769510497601e+03
9.122968193612861796e+03
9.177725726598522670e+03
8.903212492728824145e+03
9.448890638352730093e+03
8.955670030902107101e+03
9.238001835444274548e+03
9.240154609806022563e+03
8.867646886273223572e+03
9.098513912598647948e+03
9.198204284141063908e+03
9.276139697643939144e+03
9.249857129312111283e+03
9.131584960699232397e+03
9.339833933511510622e+03
9.227257917269413156e+03
7.819131804345215642e+03
8.921866016462672633e+03
9.398406218230822560e+03
9.119016340902260708e+03
9.133727958147614117e+03
9.243228167393062904e+03
9.312553518777411227e+03
9.001772478726501504e+03
9.070877370220068769e+03
9.186414054468010363e+03
9.159601765584962777e+03
9.016159873759022958e+03
9.241645671974227298e+03
9.074314166891457717e+03
9.154816783268834115e+03
9.107904574871214209e+03
9.164277554240316022e+03
9.331954403471292608e+03
9.179411274575166317e+03
9.236078760714381133e+03
9.238305348394749672e+03
9.093246845669076720e+03
9.250797201524130287e+03
9.159362099231118918e+03
9.139371871802990427e+03
9.458110015756437861e+03
9.257814365462392743e+03
9.233593677075516098e+03
8.935920216431326480e+03
9.225045550648274002e+03
9.287262212608835398e+03
9.248796535905687051e+03
9.104189114241680727e+03
9.257588114823951400e+03
9.438159024783766654e+03
9.334119887885044591e+03
9.085768638942454345e+03
8.986530086810113062e+03
8.912395821628875638e+03
9.369393047026200293e+03
9.620769957939681262e+03
9.232200298085028408e+03
9.204840282128954641e+03
9.539563872403814457e+03
9.469738283074721039e+03
9.520637103654238672e+03
9.277046421871726125e+03
9.572864910425609196e+03
9.624461930439652861e+03
9.530135302166669135e+03
9.372301220881927293e+03
9.181906752133660120e+03
9.142843949714102564e+03
9.232241573468507340e+03
9.342085588181407729e+03
9.333597091061830724e+03
9.230126761207360687e+03
9.351607634622007026e+03
9.683571107344023403e+03
9.509903611197643841e+03
9.666571035419303371e+03
9.519651612728395776e+03
9.207615878398342829e+03
9.643244243325976640e+03
9.515570407130606327e+03
9.436853310582131598e+03
9.525588583731019753e+03
9.243806297287068446e+03
9.218421244165747339e+03
9.282542300899140173e+03
9.431427371975807546e+03
9.645502088156868922e+03
9.668024531083878173e+03
9.579558041916656293e+03
9.711698203646637921e+03
9.380341613645643520e+03
9.576574827497577644e+03
9.758453025453154623e+03
9.562585085526157854e+03
9.690801852267481081e+03
9.298517379038887157e+03
9.424168928362945735e+03
9.782097505690644539e+03
9.397738504243694479e+03
9.575913380828202207e+03
9.689526282148652172e+03
9.199842629212862448e+03
9.867964538529282436e+03
9.602800970380945728e+03
9.475513782445697871e+03
9.549973556068960534e+03
9.802155417338870393e+03
9.693364266326923826e+03
9.597734475862424006e+03
9.786672246773852748e+03
9.523387901098663860e+03
9.609625994093066765e+03
9.501232189133388601e+03
9.536891364342101951e+03
9.789758847639213855e+03
9.810105434367196722e+03
9.390189299382542231e+03
9.746493696785142674e+03
9.547606872938011293e+03
9.830084381858203415e+03
9.636800086704986825e+03
9.566232743958458741e+03
9.900598366789094143e+03
9.934881218050411917e+03
9.794249770454873214e+03
9.822612589967187887e+03
9.884982389645088915e+03
9.651474442684364476e+03
9.828048406417556180e+03
9.679346769928282811e+03
9.619841754453205795e+03
9.774827602034582014e+03
9.819018969760671098e+03
9.555252059302551061e+03
9.170775156926216368e+03
9.552595726344201466e+03
9.605166046898631976e+03
9.968643130907496015e+03
9.776301248183459393e+03
9.799996162716033723e+03
9.943890352799708126e+03
9.711080840848424486e+03
9.949384840381539107e+03
9.937978839044228152e+03
9.901006232314872250e+03
9.819203056291458779e+03
9.613037044488039101e+03
1.014767241622697475e+04
9.902623895454707963e+03
9.822945376739993662e+03
9.860888812975052133e+03
9.784413833870870803e+03
9.906538508283067131e+03
9.542934619493917126e+03
9.763554662941778588e+03
9.788424611785609159e+03
9.896008701699696758e+03
9.664670814539611456e+03
1.003558558921993426e+04
9.837206239286233540e+03
9.862474137063416492e+03
9.831206873391178306e+03
9.989389342288639455e+03
9.953247605446766102e+03
1.006372350555558842e+04
9.973706706569979360e+03
9.962507017769294180e+03
1.011662287356497109e+04
9.983922342183110231e+03
1.008347930870594428e+04
1.004163418290571644e+04
9.941173646422603269e+03
9.937778272990573896e+03
9.955785373104858081e+03
9.961438560496579157e+03
9.921243120724961045e+03
9.919804633402301988e+03
9.871953393621353825e+03
1.018710958015168580e+04
1.010932865833580763e+04
1.021223973077873416e+04
9.782526099950609932e+03
9.995657168553172596e+03
1.033964292973325064e+04
1.017980953264814889e+04
1.009656224205144463e+04
1.033712445547341122e+04
1.019178002897149963e+04
9.955994155813983525e+03
1.012334412465046626e+04
9.962272495775516290e+03
1.022382874856870694e+04
9.846525997756951256e+03
1.016838112698649638e+04
1.008727394264231225e+04
1.050870031774755444e+04
1.013009504921564258e+04
1.036349250946511347e+04
1.024906834080828594e+04
1.011776137633744293e+04
1.025520894938332458e+04
1.013357935872839880e+04
1.016352466970769092e+04
9.971837968300114881e+03
1.021223352924673600e+04
1.002072357627049860e+04
1.019480422889142574e+04
1.003705499413259713e+04
9.885257831958535462e+03
1.029058600675407797e+04
9.727001239519182491e+03
1.017798771322208449e+04
1.020720083033733863e+04
1.028397199777856622e+04
1.017726625968770713e+04
1.007799493219198303e+04
1.030273471997815977e+04
1.029398610736230330e+04
1.014988901172982332e+04
1.034542084672243254e+04
1.055737503803215805e+04
1.023078727080639328e+04
1.005278179413585713e+04
1.013428897485641755e+04
1.020160730313148815e+04
1.010728252084315682e+04
1.017999999093589031e+04
1.037725958000729952e+04
1.036872747858197545e+04
1.002858671988816423e+04
1.017187425336544220e+04
1.007574441522750749e+04
1.001336642993719943e+04
1.004142504218348950e+04
1.015510240113250075e+04
1.036250412893026623e+04
1.033809594862344784e+04
1.038112186626145740e+04
1.027000672576172292e+04
1.044251577718049157e+04
2.367849184240074294e+02
1.014531343478653434e+04
1.053697695281341112e+04
1.034009490707977420e+04
1.029518548563980039e+04
1.030324524086185920e+04
1.008566037153030447e+04
1.033533847717001845e+04
1.062172755629700259e+04
1.060575652692640324e+04
1.000193146420710036e+04
1.055886659157463328e+04
1.057824067655600084e+04
1.059497102165992692e+04
1.030096548525192156e+04
1.039376142453161083e+04
1.011299308781341642e+04
1.022472881826038429e+04
1.010743405405753765e+04
1.015865954459405657e+04
1.027620665056154576e+04
1.052328559999378194e+04
1.057050632695779677e+04
1.027957916682104224e+04
1.042562727889317102e+04
1.018026342842593294e+04
1.045208868820161661e+04
1.014021014875221772e+04
9.944432888711091437e+03
1.022692121892892283e+04
1.054287838503181956e+04
1.045098470889137934e+04
1.020349942197802193e+04
1.017504300597759902e+04
4.376679585461799434e+03
1.038879451112707466e+04
1.012379424661349367e+04
1.048853105014896209e+04
1.056065121096345320e+04
1.028530803243818264e+04
1.064203974020511669e+04
1.045625457190083762e+04
1.076715175906171862e+04
1.075716970341316846e+04
1.052564004992715491e+04
1.043405139636399326e+04
1.087760330180377059e+04
1.039255079399324677e+04
1.056230871757130080e+04
1.025664897473938072e+04
1.075586278849873088e+04
1.048140259670271735e+04
1.077825487754838286e+04
1.042692714628539761e+04
1.062840338928600067e+04
1.069742386993723630e+04
1.036681930417917647e+04
1.038028270436368257e+04
1.079319181257144010e+04
1.094406264183250642e+04
1.058076260607051699e+04
1.050136274367121405e+04
1.052707341798343441e+04
1.072582974693517281e+04
1.064692267323393571e+04
1.090122971348291503e+04
1.086924293815808596e+04
1.097057378842436447e+04
1.063365801728700717e+04
1.064896802222912265e+04
1.065198248587496164e+04
1.073135408949472730e+04
1.086434869285396053e+04
1.047405574164994687e+04
1.077182466563241724e+04
1.022294270269393564e+04
1.113392828517461930e+04
1.081000462789585981e+04
1.075074905321069673e+04
1.070774144230473757e+04
1.059223957031224927e+04
1.062251806072229192e+04
1.061978665636059668e+04
1.100734212913334522e+04
1.097435005932255626e+04
1.075653995137515267e+04
1.083206493152626899e+04
1.084224487442258760e+04
1.108756328603873590e+04
1.107663493799593562e+04
1.111742532713629953e+04
1.071757584858207338e+04
1.076722435850666625e+04
1.115681771278365341e+04
1.030477218884002650e+04
1.072183555469124803e+04
1.092482002470563566e+04
1.110503496222386275e+04
1.077421076658493985e+04
1.123966099471798952e+04
1.102090451909168041e+04
1.103138433909987907e+04
1.074631412200836530e+04
1.082212095880725064e+04
1.107014218145577615e+04
1.094327727065461295e+04
1.144186716374046773e+04
1.119533194836207804e+04
1.112816562754261031e+04
1.111983345758424002e+04
1.087032503787085443e+04
1.126038069605547207e+04
1.072020666472414450e+04
1.109310597451912508e+04
1.118820239703206244e+04
1.128987086313730288e+04
1.070288094314444243e+04
1.083765460015766439e+04
1.124268287090318881e+04
1.158010321444438523e+04
1.085254133190862740e+04
1.122114006517706730e+04
1.090774719848665336e+04
1.125343657603523025e+04
9.817644570607813876e+03
1.096968494566082154e+04
1.136030299993130211e+04
1.115835680227217199e+04
1.114396375328244358e+04
1.111371343134549898e+04
1.126626253055941379e+04
1.115042738167224707e+04
1.122214467466714814e+04
1.031530546998914542e+04
1.113561548490948371e+04
1.069886574025421578e+04
1.122392389019509392e+04
1.114487980483025967e+04
1.107573688440197475e+04
1.149324425161450563e+04
1.121372057583690548e+04
1.107224558919323681e+04
1.071166626039199946e+04
1.122455857885570367e+04
1.111179268550370944e+04
1.116071436137834826e+04
1.127653050993329634e+04
1.169259519542062662e+04
1.144701503125075396e+04
6.638708148668068134e+03
1.155320539606011880e+04
1.146460085602828076e+04
1.134964294178388081e+04
1.144363792420618483e+04
1.154288826088821588e+04
1.118349477966028644e+04
1.124361892650189839e+04
1.128426593559554021e+04
1.173970853360538786e+04
1.177862540112426541e+04
1.120094061564165713e+04
1.105016244042833932e+04
1.124730927338780930e+04
1.116793850330689020e+04
1.117345815972032142e+04
1.172651270597440271e+04
1.102180630795379875e+04
1.144459753193139113e+04
1.151216080214359135e+04
1.152396144512715546e+04
1.133673199973597912e+04
1.125749054945956777e+04
1.176048068808599055e+04
1.122567334487070912e+04
1.132966522188960153e+04
1.120975247091767596e+04
1.135070661531642872e+04
1.109769286303579611e+04
1.133813677854228627e+04
1.119989598005759399e+04
1.185114569976286839e+04
1.146658607944469804e+04
1.146508126754418117e+04
1.150196341433298039e+04
1.183162785541121775e+04
8.284777919071899305e+03
1.156502354587621085e+04
1.098366165227769125e+04
1.128939092185323534e+04
1.178205775220338728e+04
1.130828032689343854e+04
1.151931680454936759e+04
1.152521759777317129e+04
1.145335610497749985e+04
1.153824379861867783e+04
1.164410499709311625e+04
1.098184223263516833e+04
1.154670306101604365e+04
1.128399773731589812e+04
1.167915833726415804e+04
1.176068285355297667e+04
1.109508382958781658e+04
1.160720038471420048e+04
1.154214535241260637e+04
8.768956260710918286e+03
1.197337672591346018e+04
1.175307229254920458e+04
1.154313753981581795e+04
1.198385045173570506e+04
1.187088338469186237e+04
1.180638356707656203e+04
1.154820930663621220e+04
1.160417144550791636e+04
1.160731347160062251e+04
1.190807773026713403e+04
1.202786548717213373e+04
1.207592586230701454e+04
1.162661078222458855e+04
1.156133801835155646e+04
1.196623978865884783e+04
1.128601158052725987e+04
1.151331189814292156e+04
1.151041877041841144e+04
1.174835798758336568e+04
1.203218832662109889e+04
1.217023573242361635e+04
1.185613272777885504e+04
1.199500126334977358e+04
1.191973880442609152e+04
6.614593529885934913e+03
1.202108373480059890e+04
1.205472055111846748e+04
1.201088966668847934e+04
1.194899000048596281e+04
1.192573418371515982e+04
1.132776339338252546e+04
1.178951553968870758e+04
1.210226899093124666e+04
1.203568765245928989e+04
1.176289673940182911e+04
1.196166591513905769e+04
1.170736100760704721e+04
4.740130126092276441e+03
1.170220347142792161e+04
1.219329441309413596e+04
1.165934604979019969e+04
1.185885542232404441e+04
1.204989869325645668e+04
1.178071530944669030e+04
1.196527960899445316e+04
1.219642924399193180e+04
1.181987981986337945e+04
1.134905402961333311e+04
1.177979296149380934e+04
1.117471194089605524e+04
1.198451572126696556e+04
1.214081460798336229e+04
1.179133880420705282e+04
1.202549157757014473e+04
1.220662795529665527e+04
1.188533852311620649e+04
1.179288006753027184e+04
1.190998130090467203e+04
1.201217843935421661e+04
1.192998544460852281e+04
1.208952158026329198e+04
1.228937302810104120e+04
1.225463701992612187e+04
1.176280698330962332e+04
1.193577985993197035e+04
1.212697455157975674e+04
1.195876887172153511e+04
1.180032436663967019e+04
1.188537022336988957e+04
1.205876414650263723e+04
1.218789014217087060e+04
1.201740147980456641e+04
1.213789063700028419e+04
1.237597335633713919e+04
1.172842591660665312e+04
1.223187143983558599e+04
1.231980933903660843e+04
1.173984235904159323e+04
1.217014119725120327e+04
1.207602801158387228e+04
1.234422382171678146e+04
1.165712532867288246e+04
1.229440730358166729e+04
1.191224078162988553e+04
1.249046002459143529e+04
1.221583085836102509e+04
1.245889543956730267e+04
1.201399391812669091e+04
1.228195081486990057e+04
1.182920202902200435e+04
1.248812310925815473e+04
1.251796269275958912e+04
1.195241115940051714e+04
1.226346596998017958e+04
1.183292046190016117e+04
1.192242269989527449e+04
1.221982038603258661e+04
1.215434144357348487e+04
1.224200555065015214e+04
1.207385513344509309e+04
1.215040978758747042e+04
1.216183173470820111e+04
1.224899565649737451e+04
1.234505262183043305e+04
1.236969302875246285e+04
1.238566186487203595e+04
3.535373659189010596e+03
1.218144418431124723e+04
1.207569056656260727e+04
1.183916239990668328e+04
1.228053974578366069e+04
1.231838069851496948e+04
1.226395927246421707e+04
1.208699676171443571e+04
1.250426188175619427e+04
1.242580855639362198e+04
1.239429790491773019e+04
1.221527206802737601e+04
1.225417248836003273e+04
1.216541266486652967e+04
1.221220067213888797e+04
1.226561159296449841e+04
1.232623433042732722e+04
1.240441492973951972e+04
1.241373699037706865e+04
1.183275047439383889e+04
1.228473924389339845e+04
1.219361451830383157e+04
1.245612517433842186e+04
1.224401329984775293e+04
1.231206840712347366e+04
1.249467595875992993e+04
1.240992637219460448e+04
1.136603553864258538e+04
1.244170452622513767e+04
1.215532011211945792e+04
1.224665620647408105e+04
1.261331032871266143e+04
1.208019331414666703e+04
1.238654768381581744e+04
1.243717346203840498e+04
1.242533268926929486e+04
1.232850370845938960e+04
1.247138057699935416e+04
1.245611428946385604e+04
1.237001627693273076e+04
1.232770884021709753e+04
1.233774414859076933e+04
1.291765664641319563e+04
1.215260120954277409e+04
1.257737054232771152e+04
1.265808128947848490e+04
9.674493343669997557e+03
1.223240446431292730e+04
