1.369952723920649973e+01
6.270414409642787845e+00
2.519483833431608488e+01
5.340330629395777073e+00
1.100649389640888209e+01
6.674646534126421393e+00
5.209196748957796608e+00
1.455774470656513664e+00
5.990204207668336167e+00
1.070857923562559506e+02
-1.065590316983124453e+01
1.221471407581095647e+01
5.615671256773735465e+00
-1.157974711249586086e+01
2.549155823655770234e+02
2.327138271175909665e+02
2.793367619639146824e+02
-1.454613828806344600e+01
1.168641347758888003e+02
1.408619576487151619e+02
1.605757965529631406e+02
2.335803048408364191e+01
9.078353238655610369e+01
1.452618654246215044e+02
1.050552905987991892e+02
5.385641307436693381e+01
-1.434244562719910654e+01
5.347610942786984367e+01
9.462649704714466736e+01
1.849836337087839127e+02
2.459913121251786379e+02
1.945384468210184252e+02
1.526026595837909099e+02
1.373133630433457597e+02
7.425389152695501593e+01
2.246584738317924916e+02
1.090672768175526244e+02
8.683775808813379848e-01
2.494441466188568484e+02
1.256676410020195078e+02
1.457802150120382976e+02
3.512675960375027557e+02
1.349277923432607338e+02
2.972107014629700643e+02
2.332568077799206492e+02
2.881510444643594155e+02
1.333171009660022150e+02
2.581431836342372321e+02
3.425841494227344128e+02
3.983717502028156332e+02
3.659435367494548927e+02
1.548498661502787286e+02
1.362851524545100688e+02
2.546240044657107831e+02
1.208310861784509314e+02
3.185329927272649684e+02
2.171314968785273720e+02
2.476971882758628567e+02
4.556869115724828703e+02
2.969064511558060531e+02
3.626783684426881109e+02
2.709691522036293918e+02
1.969458277807293767e+00
3.141472108151982070e+02
2.952443098635160368e+02
3.402306207055659115e+02
1.189817693749369454e+02
3.157128732764931556e+02
2.868341904386934402e+02
6.533419451392262545e+02
8.353836748700399539e+02
8.108996896116501603e+02
2.279609311197543207e+02
3.103874596161545014e+02
3.657584968295389558e+02
3.170643482603983330e+02
3.448495414863293718e+02
1.128252765799866921e+02
4.003936559496749510e+02
5.561396909541172136e+02
3.504723165549174837e+02
5.265661992038779999e+02
4.142142410831462485e+02
1.762819152433194745e+02
3.366993426540584551e+02
3.360604537053217200e+02
5.316083367001061788e+02
5.387211884582395669e+02
3.502831480480889468e+02
3.639894971442998326e+02
4.553760170543027925e+02
3.888684115958006942e+02
3.202063575846117942e+02
2.862929961272035371e+02
3.152392831731447131e+02
2.398645326224764176e+02
6.798907131133152006e+02
5.416009076032713665e+02
3.188649609308644131e+02
4.523384358104831335e+02
2.931388370890268220e+02
1.660283843010384430e+02
4.324635036479010637e+02
6.584337460808621927e+02
3.367640436674694229e+02
2.422749193176803999e+02
3.855079563300026848e+02
-8.511423161577805985e+00
4.688372655428175904e+02
5.924899472214881371e+02
6.409246707715080902e+02
3.735132261480187026e+02
1.859294913704322312e+02
3.629891085613295445e+02
5.520140349850022403e+02
5.104967858914116050e+02
3.836033672494160101e+02
5.215391551762520521e+02
3.353904968073991881e+02
7.460360405559450783e+02
6.469368231841629040e+02
5.840399986711252041e+02
9.359327752853226912e+01
5.036476044783474890e+02
5.556620185210581297e+01
4.997778819360652136e+01
4.342824597714330821e+02
2.472638167238089295e+02
7.176624521318701682e+02
3.690955625356297105e+02
6.029217798884199055e+02
1.004169723994085302e+03
4.708769860333064798e+02
1.430661857804931856e+02
5.158057623893481605e+02
4.210199060442411110e+02
2.916676374359302599e+02
3.543530923130127803e+02
3.991573169941654555e+02
3.018252211354845258e+02
1.604865825974856932e+02
1.978477635363888680e+02
3.847311884696903803e+02
7.025186478822919298e+02
5.470328138370300621e+02
6.524261860934432207e+02
4.525941411710020361e+02
3.763698846644455216e+02
1.194056941702548784e+03
7.292437447003630950e+02
6.004131630127134258e+02
5.651500434937404407e+02
3.618721751687869528e+02
4.768902966497638545e+02
3.588429482701704956e+02
4.283224018121472909e+02
3.965770239000067363e+02
2.787449980102318250e+02
5.406454783607179024e+02
3.284911994535363533e+02
7.626354103249143463e+02
4.851946416394541188e+02
4.902481451089294637e+02
7.281231740095684017e+02
8.991400857693082571e+02
2.997858410726968827e+02
4.327638053146428092e+02
6.988100225082853285e+02
3.488257049669811067e+02
3.682304942590043311e+02
4.794577780549653880e+02
3.434009875505146283e+02
7.059267611546833905e+02
5.587879800610184020e+02
1.034124065986821677e+02
4.396729250283654267e+01
2.083404232351301175e+02
7.438874156504384700e+02
2.432362378977767889e+02
2.292501499892739503e+02
1.343589083978178564e+02
1.077705582344958231e+02
1.236452845612909712e+01
3.225363199193900954e+01
5.563420763262167839e+02
4.822741928768107869e+02
7.287145244335700056e+01
3.217078657267175004e+02
8.375665409539187749e+02
4.375485850468539866e+02
3.087730873661282658e+02
5.241440538347703750e+02
2.399231723584865961e+02
7.747461911315552925e+02
4.376338767363434954e+02
4.833393272937093457e+02
6.658687864032012840e+02
1.590980613717954611e+03
9.417084198099303194e+02
1.002059779005925293e+03
1.268962823066079636e+03
7.559697063906321546e+02
9.752792525787050408e+02
4.378637964461519800e+02
8.194067146577572203e+02
5.299827862572016102e+02
3.850821782562069302e+02
6.744492434937299095e+02
3.507941190846102018e+02
4.768442774306713545e+02
4.190689329019165399e+01
3.524214770722903722e+02
5.286194376948321860e+02
4.867272606126459209e+02
7.319592047083762054e+01
4.297182003465228206e+01
3.886978820540173842e+02
1.262308484608649479e+02
4.594606227098726094e+02
4.603873902113780900e+02
3.087091771136259126e+02
1.099736881773507093e+03
1.361891059643752214e+03
4.740556115854370773e+02
9.015032558459372467e+02
5.000485459142108198e+02
5.973919220260588645e+02
1.229968430082185023e+03
5.417263150147412034e+02
3.921678448478284622e+02
3.471280760115898261e+02
1.058146232788142242e+02
6.312048170525810065e+02
8.102727063239099436e+01
4.537909797148011535e+02
3.461640275542324616e+02
1.685909249787906674e+02
1.738365463386832914e+02
4.536843438162555913e+02
7.498773567390309154e+02
4.026172263239456584e+02
6.586919910668527791e+02
4.806589537229183406e+02
9.229160611778057728e+02
6.993811545257598254e+02
4.605106279155764355e+02
4.947161833128285480e+02
2.108388239691174931e+03
7.289331485041544738e+02
2.133678733068638849e+02
3.301847258628513941e+02
6.998719498525580320e+02
1.197582481262708995e+02
2.611854164539527687e+02
1.334029778476544607e+03
1.458228370045963175e+03
5.104547279522844292e+02
1.120077512393140751e+03
7.861017911065895305e+02
5.409221349812587505e+02
7.321999836618895188e+02
4.831554860685805579e+02
1.095660932718357344e+03
5.613176022011541590e+02
1.029572128636434627e+03
1.060349202417015704e+03
9.666962356517766466e+02
9.099923937737290771e+02
4.375757301297542767e+02
1.716166791715060754e+03
1.426088413622168787e+02
8.151849523035306078e+00
1.266880611324146685e+03
6.533575916939106492e+02
-9.936481567352574373e+00
2.071782374448270048e+01
4.388432967190859131e+02
6.407018624603906574e+02
1.246214314116670266e+03
2.425896959721408734e+02
9.663778966591889912e+02
5.365869388674002494e+02
5.871846135436653640e+02
1.481837706585625483e+03
5.632328189170899577e+02
9.957626604897411653e+02
1.260920895948643647e+03
8.818071184951697887e+02
7.747328069898438798e+02
1.585383582300215039e+03
7.322452603183886595e+02
1.308807634332732732e+02
6.050472647673327629e+02
1.030964935634910717e+03
9.666294222080614418e+02
6.401671902693659604e+02
8.953833236941412679e+02
1.520108555276137281e+02
2.874263534431109974e+02
2.079046795031802901e+02
2.093745068698687533e+02
3.604738082640312768e+02
2.515223157076252960e+02
9.809467001197460831e+02
7.687030553979996057e+02
9.253037491497356086e+02
7.871330105544305979e+02
4.910697434776008095e+02
6.084273324675144750e+02
8.534997243379899601e+02
4.059909093434798706e+02
3.169594671117694133e+02
7.168771249628917985e+02
8.372311927474320328e+02
1.182953588596339614e+03
1.174690204074594931e+03
1.593148232797991568e+03
1.026033908222868831e+03
8.318223118460819023e+02
7.471854696619136575e+02
9.545979880633273069e+02
9.853269917955960864e+02
3.133409346473759342e+03
1.603653265011527992e+03
3.056882317867188590e+02
1.457090652754119674e+03
2.787167384586147364e+03
8.098643540419444662e+02
1.329873433139763847e+03
1.695617921056472142e+03
2.722527531603720490e+03
1.471596259301422378e+03
1.884055074046738355e+03
1.792243285696823250e+03
2.496136385627582968e+03
8.861337843625682353e+02
5.168683488312087775e+02
9.949864736249098769e+02
5.618146470192550623e+02
3.636772340875784266e+02
6.912827587555259470e+02
-7.500565730520986740e+00
2.333632963468723460e+02
2.261767758712057059e+02
8.979726466963708162e+02
1.683678512306089488e+03
9.192841394170648073e+02
4.040592666399537620e+02
1.262150882007138989e+03
2.911248165336522788e+02
1.148501669372417382e+03
9.809987007755255490e+02
9.997446024628661689e+02
7.278097430864820581e+02
5.395552473204298849e+02
5.762053813136425333e+02
1.366252546734621092e+03
9.337201811328270651e+02
3.097996820804347067e+02
1.454508374607919450e+03
1.233745625023279445e+03
1.135116605310363866e+03
1.377321581467888564e+03
1.162760595920840842e+03
6.692862861852893275e+02
1.448521539330555697e+03
1.165753788197563608e+03
1.067121152197216816e+03
1.154301839126488630e+03
9.630298399547679082e+02
4.806535999569325099e+02
1.323758161012198116e+03
1.510255286152805411e+03
1.271366636198483548e+03
6.255025246515416484e+02
1.336059823735100053e+03
2.421389806860144745e+03
8.579698819608054237e+02
8.543677353748649921e+02
1.405325733061044275e+03
8.641696705812859136e+02
3.638257290943918179e+02
2.368675513384485498e+02
5.012813022745973512e+02
6.630795059807921916e+02
5.649388825760048576e+02
1.468914575333647463e+03
1.338908296535515092e+03
1.913264704290184909e+03
6.141986792365059955e+02
1.116661489007226692e+03
9.896057008619729913e+02
1.246747264463645024e+03
1.186326298753098854e+03
4.216407090585145738e+02
6.798823290147819307e+02
1.643450462149399755e+03
1.767729834440930517e+03
1.427282208551261419e+03
9.182472559608537495e+02
1.014397490000683888e+03
1.420518249170423132e+03
7.153578993753781106e+02
1.220889796915738089e+03
2.249203701990565150e+03
2.015428284182437665e+03
1.779942586029708309e+03
2.970779840001150660e+03
1.184463388185235090e+03
1.308219439393804805e+03
8.937377464249891545e+02
6.260677768800532021e+02
-1.930514630838986179e+01
1.522754968841668642e+03
1.307290398470014679e+03
8.874119476800678967e+02
1.247251327452383066e+03
6.579379022543935207e+02
5.935295538120541323e+02
5.581440319712106657e+02
1.799513943550150088e+03
2.276863529970761988e+02
1.389598836286801770e+03
1.995083684216837355e+03
2.412342563754147704e+03
1.699240141105844032e+03
2.041301491649794798e+03
1.127624370382544157e+03
9.285985983923601452e+02
1.216839135823187235e+03
5.195511113538989321e+02
1.574868966424121027e+03
3.617585847198353349e+03
1.445799999485287799e+03
1.988979549920056570e+03
2.435033145714157854e+03
2.361171655560104682e+03
2.192658958701264964e+03
1.229042497796342332e+03
1.806231790493982089e+03
3.372447430399084851e+02
1.897427122925620552e+03
5.942261892634639935e+02
7.933835622809582446e+02
1.690748460841826727e+03
9.517418155676110700e+02
4.334840373501676254e+02
1.242700253670986740e+03
1.132801538849910457e+03
1.214272223899316941e+03
5.106820243394878389e+01
7.175550318888881520e+02
6.791344607444418671e+02
2.233551301711512679e+03
1.810442625144416525e+03
2.057188243623864309e+03
-9.595789813025541903e+00
4.271665105207353719e+01
7.869473706819936751e+02
8.570761123672361919e+02
-1.118650822856364790e+01
-1.722356122837599912e+01
3.324126097127430057e+02
1.901704875428981154e+02
6.089425788371287496e+01
3.709396012197087202e+02
4.746831875654439727e+02
1.584221438472025625e+02
1.929279067631669307e+02
1.296305268293799884e+02
1.796462358722097008e+02
2.887990218707430472e+02
6.025907230389306051e+02
5.234663724400463707e+02
3.950585868515634616e+02
2.531412920592531464e+02
1.240134008023708247e+03
1.227965027912069218e+03
1.260951479697194827e+03
1.263488867925075056e+03
1.737514361945185101e+03
5.952844697966252170e+02
5.001009175192322687e+02
6.620042777933518892e+02
6.410520755996877824e+02
5.720258764654305423e+02
4.749302396686337602e+02
6.491621864721189468e+02
6.713989807040804862e+02
1.876406866214949332e+03
1.755867895738453171e+03
6.207028309999877820e+02
1.752055670738464414e+03
7.221652029558935055e+02
1.944538462532473773e+02
4.600460789443611134e+02
1.733802139565103175e+02
9.301571423768913291e+02
1.552727086905222450e+03
1.197077397019481396e+03
1.180719190617141521e+03
1.147384295980707975e+03
7.365708647238059257e+02
9.895661189296586144e+02
1.451996752563502014e+03
8.013477660424425721e+02
9.883932963128169149e+02
1.168775771048043907e+03
2.841520227947605122e+02
9.925899705813328637e+02
3.785914093235621181e+01
1.848440492466413389e+03
1.231000373001174239e+03
5.177837833233083984e+02
5.355101509519193996e+02
1.257565772037821716e+03
7.928767987787948641e+02
4.240344747485695507e+02
-2.072718219202382084e+00
-9.741838851159279500e+00
1.266049522360694482e+03
8.232401594310522341e+02
3.342492314663467567e+01
3.685801023103114638e+00
1.035633029465433538e+03
9.682101842895011714e+02
9.743271485485720405e+02
1.162026869340860458e+03
8.650034368148902786e+02
1.764628870792540965e+03
4.508414256767192683e+02
2.693527166638068024e+02
8.189270129306004264e+02
1.362081132241596379e+03
2.570343757746314850e+02
1.214680997503003709e+03
5.388487989279228714e+02
2.014374593398084471e+03
1.827094095424252373e+03
1.785387356283554936e+03
9.991313361044518615e+02
2.236283320962574180e+03
2.879375166348942912e+03
1.404818311897912281e+03
1.591550367714136200e+03
1.085655019919917777e+03
1.076210569588209637e+03
1.463253499645390775e+03
1.832636123228622409e+03
1.119393881657945940e+03
9.406293657236668651e+02
7.733325701598788555e+02
8.765490603609457594e+02
1.551013571521241374e+03
9.938704802381092804e+02
7.778360847668615179e+02
1.708724516971661160e+03
6.845301284636593664e+02
9.181762992631933002e+02
7.464503040073608418e+02
1.027232470308035090e+03
9.282623754867365733e+02
1.121987342993601544e+02
6.265863239314828661e+02
1.008732603962386179e+03
1.428668692085129805e+03
6.989157757255778733e+02
1.104689749529772826e+03
7.048435754682554943e+02
8.512446642047782461e+02
8.003680196933361231e+02
7.711451921217361587e+02
8.718044165634368028e+02
1.292869703666207442e+03
1.355107436435032923e+03
5.687071465127725105e+02
7.644929025891605079e+02
7.966651643735740436e+02
5.559273426596638501e+02
9.928648164534340594e+02
1.590997963718502888e+03
1.204784326242338921e+03
2.810624882609215547e+02
6.112136171377067058e+02
8.328260438476518175e+02
4.621477561879652853e+02
1.202138148113391907e+02
9.005895001578155643e+02
6.278543288068456150e+02
8.820464984570777460e+02
1.104344851045250152e+03
6.951397061369580115e+02
9.992380866681739917e+02
8.776991848169558352e+02
1.136551823399898012e+03
1.158604788066327956e+03
1.230604648934934403e+03
8.366579154753105740e+02
1.321824300733557266e+03
7.988209926626547031e+02
1.035057961936403444e+03
8.925623360282201020e+02
6.354865680430693828e+02
7.969186267445868452e+02
1.495993148316623319e+03
1.594989205005224449e+03
8.237452478512459493e+02
9.197081163134362214e+02
3.291196007822931051e+02
1.303302208274010638e+02
1.482196967660401242e+03
1.941715048811671238e+02
9.432788649952174183e+02
1.073407005426023261e+03
1.259141900608131891e+03
7.197314498035981387e+02
1.127667518775138205e+03
5.418629755522085816e+02
7.546620110428971202e+02
5.484937348836126603e+02
2.177094010594412794e+03
1.070209883070818478e+03
1.944604425440489194e+03
1.625712200553589582e+03
-2.220683281618739002e+01
-5.941702576828366489e+01
-4.891381393471168337e+01
7.560068581239390824e+02
2.485024254359369138e+02
5.468035036342835156e+02
7.579496072841766363e+02
5.427507432720947236e+02
-9.518310364180265992e+00
-1.030778060879333324e+01
7.808751558038620715e+02
4.055409895985023354e+02
1.211714451247620900e+03
7.756912640944409532e+02
5.325695583925214578e+02
1.689195513428320510e+03
1.623313403022313196e+03
3.322689950904560305e+02
1.384663904965528900e+03
8.014820465309119299e+02
3.780496074957504788e+02
4.442454268573407035e+02
1.370153718291438281e+03
1.061897385526682683e+03
1.128748617214957449e+03
1.289929269029162924e+03
9.035902218495120906e+02
1.199298160698113406e+03
8.678583853705328011e+02
1.029759967029764539e+03
1.253953015413007506e+03
6.187099734040408521e+02
1.124325699728300151e+03
1.046303218244268464e+03
1.401795540088726966e+03
8.274955881902444617e+02
6.526791523655596166e+02
3.956490104629460234e+02
8.238679943860072399e+02
5.444907204400533374e+02
9.103824456025835161e+02
1.129508192357482585e+03
5.046668099817794655e+02
9.347288816416634063e+02
5.009088916159785185e+02
6.775642801654116738e+02
6.976618874717703420e+02
1.551147951438130804e+03
5.912039274988445641e+02
1.525979410582599712e+03
1.509966225726241873e+03
1.180816855946068699e+03
2.096657353235211303e+03
1.048676555573246560e+03
1.485958296463359602e+03
8.597062018770178611e+02
6.243113382382388181e+02
2.186503806405843591e+02
1.039545450913487912e+03
2.951283587810430618e+02
1.272299945151102747e+03
2.271095954464219176e+03
1.166273267535785862e+03
7.442330109781269130e+02
1.327984534289123076e+03
1.759406136872123625e+03
1.392001236030131395e+03
9.231153526587570468e+02
5.709333050568146746e+02
1.208184050516538264e+03
1.493520892828324804e+03
2.291061833158354148e+03
2.025989347340242261e+02
1.471736098703470816e+03
1.137301876201542655e+03
1.066571406848096558e+03
8.099479329813111690e+02
7.585540705124176384e+02
1.121995509021925500e+03
6.194978215191706568e+02
1.259651230078928847e+03
1.177868909473399071e+03
7.599482090198796413e+02
4.628053149911800688e+02
8.366943515564282734e+02
3.699730611838280083e+02
9.793858551257156932e+02
5.744437691009865432e+01
4.043969517802298128e+02
2.078485616131662823e+02
7.143292792874883617e+02
6.748839914424436301e+02
6.869235695534537172e+02
9.773698311433563504e+02
1.009997462485802657e+03
8.966430099939394722e+02
9.833277664141971854e+02
1.514881782096814050e+03
6.057651676600145265e+02
7.028566432012148653e+02
1.201095872331233750e+03
8.105417151671716738e+02
7.802049755120915506e+02
1.376131874536363739e+03
1.086328600417585221e+03
6.854280387314104246e+02
2.132636396948903894e+03
1.600151018202068599e+03
1.432794915135646534e+03
1.110988216090492870e+03
6.341990108995444189e+02
7.586709618672327906e+02
1.486560515680431763e+03
1.587908837180746104e+03
1.113093607741717960e+03
1.483240129670582519e+03
1.702125097621275472e+03
1.762096657423804572e+03
2.144550069133268153e+03
9.801591442830170990e+02
2.542985080952594785e+02
3.131873748009122096e+02
6.420493014714095352e+02
1.190295026857043467e+03
6.319069710170247163e+02
3.763384676483881321e+02
5.954293422108773939e+02
-8.609499345470394971e+00
3.801952367865090423e+02
3.786214909773722184e+02
1.182424156969562773e+03
1.146404056552201837e+03
1.189522622728407697e+02
5.589304137806528843e+02
6.222810974997585163e+02
3.362942410387023529e+01
2.620343806913206208e+02
4.214348399539542811e+02
1.927506896366340357e+02
2.200848607571503521e+02
9.395938694698879772e+02
2.857125629466197552e+02
4.989304968743857671e+02
5.748799307275339743e+02
4.591083007941721803e+02
2.899827420715545259e+02
3.532498583055355539e+02
1.019202958581372513e+02
7.237049106335679198e+02
8.381008486116664926e+02
1.125041686007320550e+03
6.824830326660772926e+02
1.063786437149645053e+03
2.083926069188331383e+02
6.701912359931562833e+02
1.125133022596940464e+03
2.953434601215374755e+02
5.041584566989818086e+02
1.132054487563521661e+03
-9.688068984299422204e-02
1.031153024033854308e+03
8.576737698600924205e+02
1.158877830659903793e+03
2.154311865242206295e+03
2.097943520279356562e+03
3.571562769939606596e+01
9.058716303191446286e+02
1.938164744356718074e+03
1.731676056166725175e+02
6.600065031291672994e+02
9.697950923952554376e+02
1.107881509373102972e+03
2.231532567477977864e+03
1.285490078271348921e+03
2.192435520019110413e+02
2.588944016739394556e+03
7.646144920242367107e+02
5.358948346806561176e+02
5.567627796161403921e+02
1.003527304489190612e+02
7.766366508029108218e+02
3.161882550261547067e+02
7.979362467401975323e+01
6.983664712371351015e+02
4.010462674868582553e+02
4.325579526884522465e+02
9.192022745686026610e+02
7.621600797757445207e+02
1.092224982557576141e+03
1.346503430761702475e+03
1.189018233214794691e+03
4.370309012181610342e+02
5.624839221518391241e+02
7.543713253546854958e+02
1.466771318024883158e+03
7.174472139306750478e+02
9.498647167931154627e+02
8.990719491202693234e+02
3.729320939596431117e+02
1.041434745771603048e+03
1.371104736175626158e+03
1.706448816113089606e+03
1.612353323531348451e+03
1.657953588652174631e+03
8.562408535294376861e+02
1.737191014448971373e+03
3.698749101643553558e+02
1.235768684106716819e+03
1.223627028682528106e+02
8.598044171307261649e+02
1.273290282413270234e+03
1.294808271742880152e+03
9.326651380156090454e+02
1.606350294927339746e+03
1.734841028253818877e+03
1.258254754687821105e+03
1.231121674031996918e+03
1.669741484147636584e+03
8.906687329679983804e+02
1.733898554486559533e+03
3.447209093882917728e+02
8.570147453950876297e+02
6.874152451110157926e+02
4.388465584578889320e+02
1.160049274576523658e+03
1.071909432001777986e+03
1.062421682877872854e+03
1.045671858904184319e+03
1.352356737415686666e+03
1.177228136938241505e+03
1.852537251652830264e+03
1.160422323131571147e+03
1.082890516942493832e+03
8.094199518772045394e+02
9.890269342986139236e+02
8.843145687873460474e+02
1.308005185589100847e+03
1.027795884093819723e+03
7.481752607442249428e+02
5.851861373976626055e+02
1.134958592381459994e+03
9.726679181437154966e+02
7.410012442703394981e+02
6.996950193473028321e+02
1.205846801405398992e+03
6.633323500513278077e+02
3.706331414822459465e+02
6.210658434080545476e+02
1.114566189561304554e+03
8.920522733920133760e+02
1.214742631663442580e+03
1.243173449032351073e+03
1.199150566495781277e+03
6.258901176503244415e+02
1.322023322208575792e+03
1.347000425724356774e+03
9.165441403345239451e+02
5.638906257929559160e+02
1.260920320828031436e+03
1.455113300561840106e+03
1.414932475337998767e+03
6.428533932196526166e+02
1.582712196415164499e+03
1.288116534826461702e+03
1.293787105272876488e+03
7.727919493249185052e+02
7.813771983187518799e+02
8.203205792181679499e+02
6.685141551335301529e+02
2.387802959391221123e+02
8.713774222627591826e+02
2.134896471728461165e+03
9.756298701354362493e+02
1.675268923294618162e+03
1.055253988500711557e+03
4.603456445882313233e+02
4.310941446433685087e+02
4.534348536801525142e+02
2.675116742472292231e+02
6.663402084722213203e+02
1.843615378889779493e+02
-4.610445671060738881e+00
1.494834558483563924e+01
1.516871182874278645e+01
5.181238892380713423e+01
-7.054689753695494403e+01
4.280120140203633810e+02
-5.259767610891462652e+01
3.887625670369090614e+01
2.173259723065403364e+02
9.448976199241260474e+02
1.282317939349547032e+03
3.866832461166511621e+02
8.408206372614758948e+02
7.304447822258485985e+02
7.188577041232636020e+02
6.712325087079173045e+02
1.438032972296378375e+03
5.325012195929333529e+02
2.529569481078031004e+02
5.291532396131517544e+02
7.023469273909606727e+02
6.388532832832763688e+02
5.679528565584010948e+02
6.560877039614868522e+01
6.848415047197491958e+02
5.901082776172277136e+02
1.248623340314029292e+03
5.977754671994225646e+02
1.192628416751064378e+03
1.275657846315754341e+03
1.014893543562065133e+03
1.184306860181476395e+03
1.603571117396097634e+03
5.442278613374317047e+02
1.864879878419949137e+03
1.308796229142838911e+03
1.357501000581435164e+03
1.162452636045066129e+03
1.998006115195613802e+03
1.183445738760186487e+03
1.990212598871178216e+03
1.443233192815144321e+03
1.597335552958032622e+03
1.439499593134297356e+03
1.584160920389617218e+02
1.167228825136406613e+03
1.528177545432454963e+03
8.601538102998581508e+02
1.276270301547790496e+03
1.356597489806206568e+03
1.031763942210109690e+03
1.443908384035764584e+03
1.633321969780487279e+03
1.497749881838217334e+03
1.730017246216068543e+03
1.887975683238266811e+03
1.719303995652979893e+03
1.519355217416113646e+03
1.061341853088275911e+03
8.620113010154142330e+02
2.065431071030095040e+02
3.754873216450765767e+02
4.578973932611883129e+02
5.815497948365238017e+02
4.025207172375368714e+02
2.907893283674625877e+02
-1.064355919571972109e+01
8.920701245226003948e+02
7.791062309810511124e+02
8.826998430425328479e+02
1.175212686499469328e+03
1.293165683474187290e+03
1.645971069128041108e+03
5.565802800691201355e+02
8.018754057378431526e+02
1.445219653884603076e+03
1.223143662872340428e+03
1.863580944634079060e+03
1.818584016579038916e+03
1.003656102129151236e+03
1.502528526593833249e+03
3.888417225639146864e+02
6.452715920252335309e+02
4.194253221386008477e+02
4.348041737037998473e+02
2.524645250120346773e+01
3.274171823761957398e+02
8.734935865706844993e+01
2.001398977542247160e+00
1.010751601202532811e+03
3.881901825028159614e+00
3.667889007757061108e+02
7.159888553045936987e+02
4.385520903260314185e+02
2.239063579818500216e+02
1.714688237833800258e+03
8.913738831202033452e+02
4.494572826564484558e+02
1.031263908243963442e+03
1.339125337179431654e+03
1.079914847666075730e+03
1.886991000582441757e+03
1.152361794611099413e+03
2.604803631048741295e+02
5.973937292296780015e+02
1.069040203287603163e+03
9.432543536651926388e+02
7.667983845233285933e+01
6.025457404915257484e+02
5.236593019364056545e+02
1.891248500804080663e+02
1.262111413098647517e+03
8.971669953852378967e+02
1.384720196111943324e+03
8.305846748295213047e+02
2.336698743064624182e+02
1.646268645064077191e+03
9.458607195382937789e+02
3.336188500564939829e+01
1.529037359316968605e+03
6.376312386126484455e+01
1.002472735527357827e+03
8.690188451577444084e+02
3.060381316046002098e+02
1.550060991770419150e+03
1.111763755124955253e+02
9.406937177436208231e+02
3.778580785337884436e+02
2.013929057489925185e+02
2.275089741776939150e+02
1.021395087055300905e+02
1.149825412076295805e+02
1.028951155145153677e+02
3.442246127184287730e+02
1.365546695509543042e+03
7.490579756482436551e+02
1.605358090620418352e+03
9.839734562133104419e+02
1.170818531468334413e+03
1.157998994099209767e+03
1.332456946485466233e+03
1.371035486288964421e+03
5.744152428752501294e+01
5.541979084262088691e+02
6.935180907947083142e+02
1.138685997750936622e+03
1.236972408002901147e+03
1.542834545715120385e+03
1.374188740358813902e+03
8.537551413721915878e+02
1.495651496000561451e+02
9.252090522294736274e+02
1.637436762320664457e+03
1.767073488867302103e+03
1.199327288465162610e+03
3.668296543364830882e+02
6.886127761204151057e+02
7.853765128643169646e+02
3.872479780916438017e+02
2.925996207631473567e+02
1.268611821225544645e+03
4.512341974647785037e+02
1.288507285112467343e+03
1.393957709290645653e+03
1.690168364425707523e+03
1.334718340631563024e+03
1.003538131867326797e+03
1.464904674273312594e+03
1.614756457950301865e+03
1.747363708157831297e+03
1.776180492083948820e+03
1.774050507025535580e+03
9.984632725799555075e+00
1.333978250380541340e+03
1.563821306684023511e+03
1.885392712779637804e+03
2.571429939799589192e+03
1.655471642463215630e+03
1.527258526520500027e+03
9.033944414605996371e+02
2.103382565409125164e+03
2.142607869553111868e+03
1.414282424515135062e+03
1.264642126234495436e+03
1.199685250324801473e+03
1.503773946448643528e+03
9.725128719598158114e+02
7.105960676560761158e+02
8.528392007584225212e+02
1.024350338715489670e+03
1.893861905869149723e+03
1.244874403457263980e+02
7.822219843607809935e+02
1.058884541111687668e+03
9.032546074492450998e+02
5.161445120940951483e+02
5.891313399883669035e+02
