-3.302282172208735878e-01
7.568582806438795885e+00
6.954088711128738609e-01
4.137720398347244366e-01
-4.890602428713425098e+00
3.650795230187987350e+00
7.960480159797818089e+00
-3.252779160632984556e+00
1.594615777510016152e-01
-5.226038222794340826e-02
1.696252864843358354e-01
-2.350252574834231778e-01
-3.963754326299691488e+00
9.478049217526564263e+00
2.337899001549686773e+00
4.102518003897840382e-01
-1.327679201100225415e+00
-5.395033379089767323e+00
1.171491836891620286e+00
2.224788873742941320e+01
-2.545356872271600679e+00
2.199398982374731304e+00
5.477493699181855469e+00
-4.274004839757737706e+00
5.720755384259983423e+00
3.999387169890006977e+00
-2.697178381848115425e+00
1.414501911269004886e+01
-3.571767157485654653e-01
-3.208168401225372612e+00
-4.497487829186876951e+00
-1.592726020435539125e+00
-2.513853115423657414e+00
-6.215639824519767487e+00
-2.475015019839226227e-01
-2.092322734643884630e+00
-5.098729691743939085e+00
7.522897968202338248e+00
-1.726339162050496867e+00
-3.666773440284444963e+00
7.056081018908472835e+00
-3.778325209180350530e+00
5.190218239646470222e-01
-5.822560571743577995e+00
8.029579189681610885e+00
-9.679180090511377843e-01
5.766891459538912912e+00
3.648974502255116104e+00
3.325936805306372701e+00
-3.703458438530280450e-01
-1.619926473209564621e+00
1.225277970503954261e+00
2.641826871696748125e+00
1.221416450356946015e+00
5.204513743178860175e+00
3.482723770177521772e+00
-6.208834017728183774e+00
2.246780490118027274e+00
2.179107101252873324e+00
1.584864024651650993e+00
2.068284135858902140e-01
3.611580900482806555e+00
4.270533161943941280e+01
-1.630630498896804781e+00
-2.136408867856370630e+00
1.535813933160844247e+00
-3.427138819732229003e+00
4.480076733692956559e+00
-1.770704565228248928e+00
2.410478669964730258e+00
-7.725583989427464715e-02
1.691725591700967424e-01
-1.144790838974505620e+00
-1.097264979331656676e+00
1.153586975264826187e+01
-2.233192880830995319e-01
-4.349798308063761887e+00
-2.632817482937797937e+00
-1.655763842082021098e+00
-2.170401915775439061e+00
1.399649950650064767e+01
-6.020448707063478011e+00
-3.462854263290196855e+00
2.597420526755739800e+01
3.191387437578743214e-01
3.203140088593711687e-01
-6.237884561880256307e+00
-1.405021087736655794e+00
-3.621787190703525727e+00
-3.762254432128849135e+00
-4.089841730152421917e+00
4.662970150331669394e+00
5.294090622670964308e+00
1.186876714967950441e+01
-2.021602577328060590e+00
9.638427633141036566e+00
-6.570457202601182267e+00
-1.238652488565943788e+00
2.916645234598250980e+00
-5.684710650631534801e-01
-2.538878582637186909e+00
-4.557652478089462278e+00
-9.398232435068624824e+00
-1.772540631221305452e+00
6.775385381809295282e+00
-5.255314389384402318e-02
6.750980898306535583e-01
3.596914426085760841e+00
7.567772367716702142e+00
1.061261474947144956e+00
-3.479977731497543303e+00
-3.431760694520423760e-01
-5.329885164037292178e+00
-3.278277992847324462e+00
1.586741300984696679e+00
3.197223621564293516e+00
-4.783474765218226565e+00
3.982991552651085954e+00
-3.219473157879062963e+00
3.898490331238862794e+00
-7.867256311554880810e+00
-7.699462751843366703e+00
-9.729581013611571239e-01
8.753864713209686954e-01
1.505328436387149305e+00
-1.071136771109533203e+00
6.270956743157571900e+00
3.134086454885284034e+00
2.225219901453166838e+00
7.159410531262901944e-01
3.169593080977491706e+00
1.331053119655998707e+00
2.389863788471384698e+00
-1.419536898319380791e+00
-8.250094205991077345e+00
8.579947095826144121e+00
3.090764760745379203e+00
-5.227043728817420742e+00
3.961951475925379107e+00
1.393530863249623053e+00
4.359653249518114504e-01
-4.260226908260081324e-01
-8.721878714514086361e-02
-5.177792792929645671e+00
7.529647825820974916e+00
-4.091021577514887042e+00
5.603177847744142959e-01
1.134780438465207153e+00
3.713440794065510975e+00
4.487485927738684488e+00
2.496985260844675203e+00
-7.391067166590084447e+00
1.450119030449110724e+01
5.062557834724798589e+00
-2.919635342930538835e-01
-2.579555336779137509e+00
2.690273075398045943e+00
1.950788119032734080e+00
-2.638102120682602969e+00
6.150454980716911768e-01
2.507670906469845917e+00
2.518974916378543316e+00
7.569384411063111884e+00
1.804072026743073875e+00
2.159735323407272922e+00
-6.680211461828355901e-02
3.893161965498171950e-01
8.818648780462979175e+00
2.198440108990554975e+00
1.128768941840843310e+00
3.468098487728067170e+00
4.585305063061672293e+00
-3.336882617231234249e+00
-5.600759239050143279e+00
1.444661270831326672e+00
1.163795540489498681e-01
-7.050568928802518620e-01
1.559519941393230624e+01
3.721769452968220371e+00
-3.364440105961286953e+00
1.257725291287657932e+01
-1.130450298850127266e+00
6.322590372603166919e+00
-4.545980384194299173e-01
5.360491289940598314e+00
-1.464768804744689401e+00
3.620412233736510110e+00
7.155344331054987350e+00
2.010449940326795470e+00
2.022502763194124475e-01
1.193682337147955508e+01
-6.118722686807488209e+00
2.952817030055005176e+00
2.293808760505511302e-02
5.701436753773300836e+00
7.407064141311519911e+00
-1.526535501505356329e+00
-3.247544328850649364e+00
2.959739404016844766e+00
5.447619674883894092e+00
2.737026010882077198e+00
-4.016251600510398312e+00
3.063779540729933970e-01
-8.714959035424147960e-01
6.242014056652123166e+00
3.862344862826323055e+00
6.064629265747216280e+00
2.822973508196278125e-01
3.796239912689407081e+00
2.100102024640362330e+00
6.726451599556890759e-01
1.070290256929692063e+01
-6.024741623463733653e+00
3.431315832597012783e+00
-8.616758640416735116e-01
-3.210257890571377004e+00
-2.342685252076118108e+00
-9.602309677895829454e-01
-5.104657187650996075e-01
-1.181638888641087792e-01
2.191089038544045575e+00
1.213709912946037939e+01
3.282600738734720913e+00
2.297959382492303249e+00
1.009131193376209978e+01
1.033880732029425786e+01
6.559099299339588462e+00
1.056961469071784121e+00
2.363850522266261467e-01
-2.007342463743796213e+00
6.010140250763790881e+00
-4.174766482033681392e+00
5.055755380536148813e-01
5.955176878626608605e+00
-5.256844850076591413e+00
-4.552895270820861207e+00
-5.167903611049324830e+00
2.390736108512799873e+01
-2.503971137169068939e+00
-3.076913220913293223e+00
1.769653626064082941e+00
2.476985216079049934e+01
-1.008100676468706824e+00
4.263712709943114021e+00
2.830099868688048304e+00
2.174977257578317946e+00
-3.164700827892352741e+00
3.617228875974672242e+00
-3.578214431744183965e+00
-3.191549565581068393e+00
2.004726860252487697e+00
1.699647019183788021e+00
2.064913166166934388e+01
7.086709234848488137e+00
-1.551413534660452731e+00
-1.475018167784402534e+00
-3.683835876733073000e+00
1.577530630358319197e-01
-3.587211493255872963e+00
-1.795296410793942865e+00
-6.262225395685661056e+00
9.134252675323137893e-01
6.088384274022685894e+00
-1.119093327774395741e+00
-7.862497924218966538e+00
1.852091932167229560e+00
1.704370272499044159e+00
1.813523245696004205e+00
-7.115111720744545565e+00
2.967991167295934929e+00
6.617848786573843789e+00
-1.897138291436506918e+00
5.719032238347332431e-02
2.614471279778105561e+00
1.028847047572633855e+01
1.552489096435606442e+01
2.811859900164730419e+00
6.562998614412105525e-01
1.139825205747903025e+00
-1.508629549215484200e+00
-3.312659013703124766e-01
-2.267461606136464081e+00
7.308187611022691321e+00
-2.086460480219231250e+00
-1.771061215164447589e+00
1.404903497626089681e+00
2.401566449614032539e+00
4.688144515868609474e+00
-8.418928477086347062e-01
1.164878103647849628e+01
4.062348456344905934e+00
-1.825225435797583895e+00
2.956153301363987573e+00
3.747431103514639261e+00
-1.249897631431478251e+00
1.436460468807676527e+01
-2.375168557222382959e-01
-4.730641105415941960e-01
-6.156475917957175525e+00
-4.598092629816764365e+00
2.647460446379343413e+00
1.630203213505432291e+00
-1.041459678043714732e+01
-6.726208716028756029e+00
-4.141454126078524922e+00
4.277920468146148458e+00
6.862503310595355899e+00
-3.371694879956207647e+00
3.297669287075981615e+00
1.257092996724165523e+00
2.262850289779354096e+00
-2.089815498664480575e+00
1.975951434107927440e+01
-8.047776024252051297e-03
-3.105950788809476171e-01
1.146830576751966202e+00
-1.472575709256100707e+00
-2.294224974821351459e+00
5.216736600237442900e+00
-4.502264975163316585e+00
2.009359513158797128e+00
-2.350330254188707002e+00
2.529325828063344606e+00
-1.301344840573098072e+00
3.027907842983009523e+00
-3.271533181131256907e+00
8.042716624683471593e+00
3.502631737084594299e+00
3.191085696121059190e+00
1.160021029237881329e+01
1.193764711200733242e+00
6.097521865300805644e+00
3.598370224544619189e-01
1.488796264075201492e+00
1.938402330560858999e+01
-2.560157206866708890e+00
-1.833636948675348322e+00
1.812892977576420428e+00
-5.667943752669541979e-01
2.402151448931356903e+00
4.383549767937383601e-02
8.685921293092807360e+00
5.614837336676672841e+00
4.279737818110327829e+00
-1.945638405929485337e+00
5.278514735192509022e+00
2.500031412149865240e+00
-2.420005791503233805e+00
1.089389596689643369e+01
5.045328277330310307e+00
-1.078714440388061302e+00
5.004944308767243832e+00
8.495693357195229112e+00
6.744290855746956304e+00
3.402927618616184091e+00
-6.850189225705491047e+00
-2.220158617588353422e+00
-3.560234170652810892e+00
-3.439699432689131697e+00
2.458458448855940670e+00
-1.985349704995661657e+00
-1.945337768971954873e+00
-3.102326640540597591e+00
-2.135227560340956732e+00
1.379802481844422424e+01
5.308159774985019008e-02
1.338117420809777469e+00
-2.919623204378273496e+00
-4.057440250907508705e+00
6.440648252464836077e+00
6.605577022635682027e+00
4.898293276538571384e+00
8.583703449879123148e-01
-8.263790309936357159e-02
3.876369607240332638e+00
4.674858671669975152e+00
9.615958839540678094e-01
-3.615050537921931983e+00
9.382363512741638267e-01
-8.720368068350092816e-01
-5.006990983158213782e-01
-3.261090620054801548e+00
-2.300357558271780345e+00
3.687351492467446090e-01
-9.281339835570178165e-01
2.372454413474583745e+00
-2.215539576612049366e+00
1.101595186329177967e+00
-2.971984567412727429e+00
-4.194471773690989558e+00
2.128921273615338006e+00
8.076450490918954728e+00
4.148589408774765452e+00
-2.256249606219678849e+00
-4.804239817637450116e-01
-2.104149183791635291e+00
-4.661327212290438560e+00
-2.326917258078210260e+00
-1.368698180663185493e+00
6.394550746490760496e+00
-1.412485199912809408e+00
6.052929639864823574e-01
5.322735667077003185e-01
1.464788320538642052e+00
8.877499740267316142e+00
-1.803762954155221809e+00
1.082292962537968606e+01
2.640719132285530790e+00
-4.003948211055170958e+00
1.864531159469884614e+01
-1.559378616288037422e+00
-5.452279360639631811e+00
-5.041560569115157264e+00
7.181522656110262304e+00
9.886836229106688023e-03
6.601858840334152490e+00
3.831304826629970961e-01
-1.376462365575242597e+00
4.337538514411792612e+00
1.109625828171673323e+00
8.826404617001747388e-01
4.541807558333673889e+00
6.124220716290622590e+00
-2.233350168813263537e+00
5.770903649081079223e+00
6.497423531093567739e+00
3.197026310485149292e-01
-4.466077965656614635e-01
1.800643554738823582e+01
4.211896966269113918e+00
-4.369853722149422026e+00
1.775164165180613374e+00
2.252368903822373980e+01
2.763923406533987048e+00
6.009195261106791364e+00
-8.511168105158279928e-01
2.236669306450162154e+00
-1.536639257283166859e+00
4.494174804793302336e+00
3.200999542884995552e+00
3.173189476227231243e+00
3.808977458156296070e+00
-2.312287348609315174e+00
1.384219663187206129e+00
4.391107744656831957e-01
3.574239608634952603e-01
-3.522632237242518283e+00
-3.067513855498199549e-02
3.029077201221461735e+00
1.677086564292909365e+00
1.596067056269357298e+00
-3.621214409324483352e+00
6.584861587865468380e+00
7.013250762061020716e+00
3.668726320710847588e+00
5.054726001346770969e-02
-1.522771606516047260e+00
-1.138452947870206122e+00
5.974838616179269923e-01
1.675102088321081872e+00
-1.499098754163214475e-01
-4.293403732262156325e+00
-1.316204878875547379e+00
3.444087693492198010e+00
8.980976732950812780e-01
1.003077056188523208e+01
1.865223520344276631e+00
-5.967390740019400397e+00
3.237708535315275693e-01
-1.097977704118488340e+01
1.225078475625026719e+01
2.721610617861281778e+00
-3.554741431795959361e+00
-7.531137737189779635e+00
-2.820431850420110464e+00
-4.635368744275592867e+00
8.156966367125866313e+00
-1.805152324411456455e+00
2.569959704631537445e+00
-1.599154824535562902e+00
-5.486074203903013036e-01
5.801825486996877501e+00
1.272544163280571894e+01
-7.484676798658008723e-01
7.093183200396041777e+00
-2.246954785417630607e+00
2.112274550222303660e+01
-8.742280556654159485e-01
-2.780549382834633043e+00
-3.735444184968685022e+00
-9.410315975772663322e+00
-4.278394283020747757e+00
2.085557487158135270e+00
2.074853959238124546e+00
-5.939878591864215629e+00
4.443936204687350511e+00
-9.070767467627958158e-01
4.913320705551823764e+00
-3.385687345094555489e+00
5.901241871693306607e+00
7.980064390516294459e+00
1.372753133555162819e+00
9.475368597788722980e+00
-2.200769889612546049e+00
-2.701180403445301526e+00
-5.717561978382510901e+00
-1.000423200349067177e+00
6.874083171962622529e+00
4.864352753863567358e+00
7.005647957755660400e+02
2.523234237313110384e+01
3.316646500285318666e+01
2.468495504393969853e+01
1.124933412207603034e+01
2.260658195274808975e+02
4.728329279924006556e+01
3.491199874113526835e+00
3.476195979534717253e+02
2.972729404209056838e+02
2.249669827685991095e+02
8.535998509860187156e+00
4.920977536097668548e+01
6.596589937857402219e+01
1.133759940230952310e+02
1.272480578913157387e+02
7.702846368906588737e+01
7.323786941547204776e+01
1.528292549073395321e+02
8.452588921302653091e+01
3.917942628440464148e+01
8.255683352925032636e+01
1.911084713786447935e+02
4.335524861032541821e+01
3.296319705190457512e+02
2.649428176364489218e+02
5.398775247419322341e+02
-2.996059557552971597e+01
-1.408326523570213595e+01
-6.734722712243414122e+00
2.073519543988373570e+01
1.540088946335211517e+02
8.834470321517692355e+02
6.843208012233644411e+01
7.707363540779856521e+02
3.824544097269567828e+02
1.112610601482422368e+02
2.070757599441584489e+02
3.404729805114615147e+02
1.501001292465617496e+02
6.221666606664980037e+01
6.865736918772344666e+01
1.638309509901499723e+02
1.794086525818051427e+02
1.981318547053665782e+02
1.681743905368493017e+02
1.894184696295018000e+02
2.337443642298472923e+02
5.840310752325192567e+01
1.749497349794117724e+02
2.090988188273029493e+02
2.723275081458854174e+02
1.803899818390998746e+02
2.785608779839672025e+02
3.666554946051169139e+01
2.286795116042633822e+02
1.501985123162819207e+02
2.400809439587206384e+02
1.613119629631723626e+02
2.735831926892082606e+02
1.940341313133301071e+02
5.366270530346699275e+01
1.146754201733667458e+02
8.192241307060271538e+01
1.703913118913294227e+02
1.848858679920796533e+02
1.493943953025310520e+02
1.532727690685556183e+02
1.873008973181052568e+02
1.470808021882203604e+02
4.745237587929636902e+01
1.424518178676848379e+02
3.121813174818016705e+02
1.145927642563756024e+02
2.770052287428842988e+02
1.638828233488687829e+02
1.483092726004975361e+02
2.257978535532281512e+02
2.174263546628107235e+02
1.899537660897401850e+02
3.944524111566157671e+02
2.690237512811700640e+02
1.890949508654754538e+02
1.125192444310469142e+02
5.277260354996617053e+01
1.721640506003113558e+02
1.078014333969437502e+02
1.567735784859508215e+02
2.153756971892847503e+02
1.689086663330148497e+02
1.335361115306104125e+02
1.197451677102639138e+02
8.687134823559804886e+01
8.166767768548854178e+01
5.087914011895856561e+02
1.882848919506193397e+02
6.171596251139836653e+01
3.320882796708068554e+02
1.078235086952156507e+02
1.115404711152830970e+02
2.356805377729290285e+02
4.795750154789238451e+01
3.022010593169887898e+02
3.500726871036768557e+02
3.512809765139720071e+02
5.231483348508058384e+01
3.089454803291931171e+02
3.499392531184865618e+01
2.006906212063059058e+02
3.109208957995006699e+02
1.966782411589151991e+02
3.437938969491298735e+02
3.316917041684918104e+02
3.895824576830715813e+01
3.742909833562706012e+02
1.972923125938525573e+02
2.043713445056984312e+02
-2.697787270422961114e+01
3.939488105043202495e+02
1.541781493209992071e+01
1.563798703461780981e+01
1.759127742889516526e+02
1.667996971114222902e+02
1.660497435327890798e+02
2.195472549428021409e+02
1.542085190099551717e+01
2.945928953332252576e+01
1.175681454952281157e+01
1.491415568382861636e+02
2.050984208630028149e+02
1.659502405566650296e+01
6.217732434833260413e+01
3.461413028475620024e+01
1.641890826387478297e+00
1.915127309598018712e+01
1.464975829431742227e+01
1.152381110615698923e+01
2.264169134844654252e+01
2.523619557977685446e+01
1.693992646609756747e+01
2.264814494477552032e+01
2.825418788373566414e+01
1.886791348239202932e+02
1.995780704352774535e+02
3.701683058822442831e+02
3.381127255582825910e+02
8.456626378037131531e+01
2.860278415583579203e+02
1.306129440601628460e+02
2.862391035161712125e+02
3.551479601329146476e+02
6.031605557984568833e+01
7.288944485862921852e+01
2.736160381841331741e+02
1.965623806417059427e+02
5.440297616973574435e+01
3.673095521063193587e+02
3.842220359553977005e+02
5.353261829139855621e+01
1.833439101372241353e+01
2.210446359803922434e+01
2.336232698641656569e+01
2.623998257181670510e+02
1.868512327043607968e+01
9.891092841708836403e+00
7.097467139323958918e+01
3.169923344241774998e+01
2.233240913134372363e+02
2.268223178616227287e+01
1.898126916013037260e+02
5.868987706383870062e+01
2.771158511049806634e+02
9.521193729512832249e+01
2.262033317186654813e+02
1.357369545518646987e+02
3.022472173591199862e+02
4.171486769402487766e+02
4.482361622238514087e+01
3.943695601868701601e+02
3.149812679469329737e+02
2.211711885828071615e+02
3.230347519299583041e+02
7.615627413977537685e+01
2.948461201891526571e+02
3.777889325996691809e+02
3.448123339212921223e+02
3.057879245681235716e+02
2.286555228478309232e+02
1.134384277283834450e+02
2.151986083884026471e+02
3.504362148337084477e+02
2.766964780460435804e+02
3.600758039724586297e+02
1.324710641192838807e+02
5.088175365645450370e+02
1.986081135415765004e+02
4.474017833691635815e+02
3.263727868553672806e+02
4.593382727850492415e+02
1.850086228698202433e+02
2.769092411272431420e+01
3.057493960626814200e+01
4.419997024981446430e+02
3.502133568099607146e+02
5.727501352426313730e+01
4.309997489574765837e+02
2.198163617586810972e+02
4.863662604573003705e+02
3.706541281658410867e+02
1.151098593391594136e+02
3.290114248648202420e+02
5.005003970021407440e+02
1.621422725400513798e+01
5.438872457628658594e+02
4.615003086556260428e+02
5.139518229262524756e+02
3.135939666277867559e+02
1.598959733933715484e+02
3.056722916381471578e+02
2.672268901941155832e+02
1.701724127688452199e+02
2.243073670014528034e+02
1.625625491311131725e+02
1.628389696540675402e+02
1.081679281840067119e+02
1.214037447412309234e+02
1.302714707526223776e+02
1.093829471929268351e+02
1.293306737390477963e+02
1.879761353744314079e+02
1.954175598909830001e+02
1.888417662899395282e+02
1.548061080650498411e+02
5.846125288065335468e+01
3.455833444075101397e+02
3.620150963644701960e+02
1.507353859584277416e+02
2.269014974230809969e+02
7.265503205532910158e+01
1.993387398893366651e+02
1.744515095159963280e+01
4.100098925881426339e+02
6.983234355939746507e+00
1.141134038495885363e+02
2.826777276402605139e+02
1.706616135776834824e+02
1.271125468418264290e+02
4.620217332587948817e+02
7.455443373155054587e+01
1.010252851406731907e+02
2.719034882174088352e+02
3.803392652903531257e+02
1.125453778780490666e+02
3.780231660120273318e+02
1.444297812704825219e+02
5.034556308413857550e+02
3.924727532235880290e+02
1.329868939686184888e+02
5.978995172787523416e+01
3.449626828778264809e+01
1.434324729260479216e+02
1.955902227918898291e+02
3.537025143711845772e+02
2.859517833823700244e+02
3.469495345729665701e+02
1.322329248419973737e+02
3.524015501803789334e+02
-6.968853074361877020e+01
3.435227321504826250e+02
3.988626915490083888e+02
4.005350376282623870e+02
2.493060880640155830e+01
4.002394560034859978e+02
4.050360204010873986e+02
4.859234020239135248e+02
4.574082119502740511e+02
4.316790204357747598e+02
2.018773762268960326e+00
3.243639816749912939e+02
4.221209324863783081e+02
2.482440416137401940e+02
2.240049938560591158e+02
7.776608655109401980e+02
7.821829120531434398e+01
4.628934798733447451e+02
4.932401461386139658e+02
8.344146501177414166e+02
3.495014037009560752e+02
1.786319325876652329e+02
4.009891938097096613e+02
5.027588985155407499e+02
7.921210754240585175e+02
2.192379684020504271e+02
1.919523578180468064e+02
-5.892346403272605926e+01
2.088119283737860030e+02
4.151035074556151585e+02
3.379899628385424535e+02
2.412102279805122862e+02
3.313481553825729407e+02
3.092781078177272320e+02
7.176582726889613184e+01
3.662849350618086532e+02
4.575764738807795311e+02
3.584567224746452325e+02
3.695918486295039997e+02
4.840679106696839540e+02
2.180782185113664866e+02
5.321361880087796408e+02
2.497233777354282438e+02
4.768300314626495151e+01
3.847173207883239456e+02
5.963730459157213772e+02
3.690480335610115503e+02
2.198080297729703148e+02
2.743021486904179937e+02
7.146545894229017648e+00
1.528362657525526629e+02
2.127761027590244964e+02
3.531908670740871230e+02
4.521514507877129745e+02
1.796679445719419732e+02
3.612749345434140196e+02
5.340541721085475046e+02
2.132344203866528005e+02
9.070476388846714144e+02
4.359044172220572477e+02
4.529107586890383175e+01
4.302607471208780794e+02
1.014964003379343751e+02
8.247121445064007048e+02
1.633642073441068590e+02
2.022481276432249615e+02
5.834305169742057160e+02
2.886980698373530458e+02
2.135426618757990980e+02
3.940103291831217689e+02
3.457048765513418687e+01
5.659708920864621859e+02
3.395740301228082103e+02
5.611434933108700989e+02
3.120975067140929582e+02
1.309921438882356028e+02
7.431971242237177933e+01
3.936112521104163875e+02
4.023940457528024126e+02
1.802012982191798756e+02
4.272839136486577445e+02
3.028891671079470598e+02
5.368339653059788361e+02
4.798278422493634707e+02
5.274206982134385271e+02
2.210033510737417259e+02
2.072277360606987600e+02
5.231409117307478027e+02
4.584872259060017541e+02
3.410737612792610207e+02
5.287101550496171285e+02
3.152826964509567347e+02
4.670759965176124240e+01
4.479765886126064629e+02
1.587488669188928441e+02
3.019441902866162764e+02
6.678989110818774577e+01
2.934238264960701486e+02
1.739060591465648145e+02
3.012998663423619519e+02
4.514164377390711138e+02
2.613812001571762380e+02
1.629927044429387024e+02
4.108915051946746644e+02
5.101087756778421181e+02
2.431363014304354238e+02
4.015314945962754400e+00
3.261782792630131098e+02
1.883936314093288615e+02
3.607492975777106494e+02
3.548805108216521944e+02
1.848937609623268372e+02
4.206400101208765250e+02
1.351218089231732833e+01
4.347629261215765268e+02
6.346435490702876905e+02
7.488410274085553056e+02
3.310386452280802132e+02
2.976508632339563292e+02
3.558470379210584724e+02
3.311628030829122054e+02
4.940903329089114209e+02
3.022438632219591454e+02
3.508594280735735538e+02
4.558378968097360371e+02
3.754165228215937873e+02
5.931437918947858634e+02
2.150670116727629306e+02
3.708323071220822271e+02
2.174301921269568538e+02
2.033266603819142233e+02
4.998334182993157242e+02
5.966847589283452180e+02
1.317072861806628623e+02
5.636492369588825113e+02
9.898388788112811199e+02
5.561163301401068111e+02
1.673374941045157982e+02
2.758897602590753877e+02
2.618057537017174354e+02
1.090246818779309024e+03
8.599013646397138473e+02
1.544853922359133414e+01
1.223866845204196210e+02
3.452049444490357359e+02
1.497318319198947620e+03
1.361207373540813137e+02
3.109653918925849325e+02
5.219589936694504786e+02
8.353091832846390616e+02
8.302586032350775440e+02
2.978167685645245797e+02
6.590162420299861878e+02
1.440248372953864646e+03
8.962018131830458856e+01
8.228214383629724580e+02
6.295827911534869372e+02
7.454064880168651825e+02
5.483815450899846837e+02
1.043771617013463526e+02
6.014366150834680411e+02
2.374492573053981204e+01
2.114447939789340012e+02
3.478357740498491921e+02
1.813354877087047043e+02
6.467939174523282873e+02
1.194174111733101199e+03
6.132399193188623485e+02
9.155908512241374808e+01
6.678259374383292197e+02
1.042473971253670015e+02
1.284423523873844942e+03
5.096678049204624017e+01
1.088302441330770080e+03
2.800816237839960081e+02
7.755112914216956597e+02
1.259125523446159534e+01
4.737221101017279778e+01
1.140469623340844919e+03
1.163602277929830819e+02
7.457319863842407415e+01
1.398350341448399661e+02
3.107910203040620672e+03
9.216589252424685128e+02
1.453415895128959505e+02
1.437370962055626933e+03
4.653926334387804218e+02
1.432965108314845111e+02
3.487699447026303687e+02
2.488273632769952997e+02
1.810206407632775836e+03
1.022672831483055944e+02
1.121007632604347236e+03
1.249614820925997492e+03
1.026323256910957753e+03
1.577713680660364730e+02
1.190853135485444454e+03
1.116462498655181435e+02
1.344597173268860217e+02
1.393571602757561720e+02
9.836647988109548351e+02
1.790326043472557274e+02
1.035509538473803104e+03
1.120624338634943797e+03
5.120975568671121891e+02
3.189176177128011247e+01
3.672846366950182784e+01
3.735035934121308856e+03
3.719450545412149495e+03
1.113836372020812604e+02
2.009109430640271967e+03
9.536940682657159414e+02
1.195678773708065847e+02
1.236152341752251232e+03
1.932548863097988942e+03
2.088584465479708797e+03
1.400216835915759361e+02
1.214169092158977037e+03
6.341137589050059660e+02
1.683266038835125073e+03
1.634469939904784326e+02
5.913775485783709200e+02
1.348178643426993403e+03
1.614445383325050670e+03
1.200065103496688010e+02
8.293991225372666349e+02
1.975151702843010355e+02
1.357452703459613303e+02
1.092736669113297467e+03
2.062720046187242247e+02
1.029974773366435329e+03
2.138988274711885424e+03
1.320640469645886924e+03
5.178602465964460180e+02
8.663239000403200407e+02
1.699453831060758375e+02
6.925772302938499934e+02
1.386137774202106129e+03
5.965797080381013018e+01
2.810703921492159907e+02
1.449226438260506029e+03
2.096593426719865420e+03
3.787068588478538231e+02
1.233300885572328980e+03
1.958361108530345518e+03
2.880308329492009307e+03
1.150292308312234127e+03
2.265666144475169403e+02
1.387829802094779268e+02
1.132062469177202502e+02
2.443005287856732139e+03
8.793170919056572643e+01
8.901889255044874005e+01
3.983010072861848130e+03
4.173177165989771311e+03
4.226249681460462853e+03
3.440677704320924679e+00
4.184133979081521829e+03
1.387486439431447252e+03
1.108991079110546707e+02
1.133778238970018037e+02
1.393682227576623291e+03
1.087119936737873189e+02
3.546104188852905736e+03
8.564851124402133564e+01
1.087310670372235961e+02
7.703298793235313724e+01
2.932108267420413767e+02
1.021483225783377264e+02
9.395466616216636169e+01
1.296087488778655825e+03
3.634526312730883546e+03
1.200820100650964264e+02
2.692701978850662272e+03
6.940705953239663586e+02
1.175639206985247256e+02
1.089054966511497611e+02
3.559530058176475450e+03
3.005745672569683848e+03
5.516739831322362306e+02
9.649428473474247880e+01
7.901813606092223097e+01
2.200093268835693380e+03
1.677299415573119404e+03
4.538853031181060032e+03
4.633964589760837953e+03
4.881577785673690414e+03
7.709161693218551648e+01
2.815075624121073815e+03
1.516227941579632898e+03
2.363389836946804508e+02
2.667829934704331663e+03
2.138430294865549683e+02
1.003751293584490512e+01
1.578961247704128823e+02
1.009367975913087179e+02
2.291293599580962109e+03
1.244136497653639935e+03
2.937245562049158139e+02
1.840381402777327935e+02
3.130843825970596299e+03
2.372444901985971342e+02
3.296254677576683207e+03
1.095763804018971257e+02
2.644803763193291161e+03
1.075482147661672116e+03
1.343183442469740612e+03
2.358845902808499432e+03
3.792728094051631160e+02
1.186907512767608523e+03
1.846664210188748257e+03
1.802684701687025381e+03
1.588987770565171616e+02
8.422935641770749271e+01
1.071053364222971595e+03
2.457202299545479462e+01
2.332816613730968527e+02
1.827709731473061368e+02
1.893286542061309063e+01
1.767057876892731656e+02
5.526706950167479135e+02
1.365653968976362194e+03
1.280593877989924522e+03
2.785388354694754526e+03
8.450333608701620278e+02
6.406041596408572332e+02
9.947521302802045966e+02
1.899076064500202961e+02
1.720661861615510873e+02
3.804837086356008967e+03
5.205446081075841676e+02
2.235679135002279736e+02
1.077037027574077115e+02
1.866381075262888089e+03
1.354467968996676973e+03
1.459925929482864831e+03
1.079775396203890807e+02
2.221885852119598894e+03
1.036446962497721103e+02
9.539987045301469948e+01
1.127643884916099069e+02
7.920173450431825586e+02
1.154541618371447242e+02
1.419042177525962188e+03
4.762105814933028341e+03
8.019938921925150908e+02
1.779485670171096103e+02
2.712419977940014178e+03
4.597325399162680696e+03
4.465029575040991404e+03
4.448663320253218444e+03
4.596393203912904937e+03
4.578456413200434326e+03
1.321548001916413114e+03
7.523919253506313680e+02
1.396330205650660673e+03
4.484178934073781420e+03
9.629367970126924092e+02
2.453940289936752777e+02
2.518959925011780797e+03
1.815258489046632917e+02
1.693557953840960693e+02
9.047280245747855076e+01
7.283860570867724959e+01
1.016631542162197803e+02
1.445985271709529343e+02
5.029474981459481455e+02
7.074203320480495449e+02
1.855101916704643600e+03
7.066163551255107222e+01
8.547741270702024963e+01
1.501413775144151487e+03
7.043093242754077892e+02
3.300840516217066124e+03
2.083201366584211200e+02
5.290591910698099127e+02
1.111836478084942200e+03
1.594997460598434827e+03
1.012642182921906738e+03
8.036314637989754601e+02
1.960388101950704595e+03
3.130531564650494602e+03
1.266839474375228747e+03
5.875546702978349458e+02
3.686135446947950186e+03
4.742670299102000172e+03
4.493095011749011974e+03
9.388873201911729893e+01
1.068716936488074651e+02
1.201427392073939586e+02
2.651635838680430879e+03
8.765577694071086512e+01
3.405529595474358757e+02
1.152242134944740428e+02
7.930049157080762257e+01
2.316473872376800358e+01
1.249147117969444594e+02
3.022143290587638148e+03
3.576492339777417328e+03
1.108843170824045785e+02
1.711910838349403150e+02
9.012147745584532288e+01
1.175844933004444215e+02
4.259705609116519554e+03
4.614939459224392522e+03
2.075974444225064417e+03
1.326707400782709954e+02
1.622380929274963819e+03
4.907829068223018112e+03
4.687510448830707901e+03
1.525252903918416791e+02
2.453283879810906285e+02
1.379615910655807625e+02
1.381943855940599803e+02
1.277329653362415058e+02
1.923209635763390224e+03
6.478428087322432702e+02
3.321631457996390964e+03
1.073986365165214494e+02
1.245187226390089137e+02
4.323671086589835795e+03
6.801598748862561479e+02
5.237637477611576742e+02
7.232766150707632278e+02
9.868358331925132632e+01
2.010981000932154359e+02
6.124057582435350469e+02
9.827698671679210918e+01
9.821690994652733764e+01
1.040302809804310726e+02
1.043992300745944846e+02
7.351869609494387703e+01
9.849969302771458501e+01
8.260180615326365228e+01
9.102367227166891439e+01
1.933763373645363117e+03
4.818130114590216181e+03
6.367500945323457699e+02
3.983018594753195430e+03
4.915819868724129265e+03
4.914596380383185533e+03
9.954921351057625145e+01
1.045944320301095104e+03
2.884066338529270070e+03
4.759800569091958096e+03
4.839797575982361195e+03
2.863621719704855877e+03
1.469563881510099009e+03
2.584492929148107123e+03
1.905114918706017079e+03
4.685943899742097528e+03
4.900172363342739118e+03
4.798503148490391141e+03
2.715158783141712775e+03
1.283329196361184813e+03
2.302661769383978481e+02
4.572445096945009936e+03
3.731408272081936595e+00
1.290457723437343475e+03
3.242748095898716201e+03
4.907026485791778214e+03
4.876548071147809424e+03
1.185190017893085951e+03
3.219128202597108157e+03
1.814533932971881768e+03
2.616050305312592627e+03
4.869907720067277296e+03
4.823052123581418527e+03
2.836644578524124540e+02
2.988227858050036616e+02
3.625914146326248556e+03
4.893498327295585113e+03
3.396861795392086378e+02
3.268339077159620274e+02
2.454486825664831031e+03
8.212377913585467013e+02
4.798603550058660403e+03
5.095582948908551771e+03
3.195595329425495379e+02
4.366990725975889291e+03
5.123230448781458108e+03
5.162425478120481785e+03
3.872989116050288885e+03
5.561429188890089108e+02
4.793910038043013628e+03
3.160791222295792522e+03
1.154475505110612175e+03
4.204915266222467835e+03
2.623764440241972693e+02
3.640267359008759740e+03
7.360175991489189755e+02
1.250742926304606499e+03
3.250535143788435107e+03
4.774680239580707166e+03
4.791420370693163932e+03
4.896996033206787615e+03
4.774429113808090733e+03
4.574567116226535290e+03
1.032061362427808291e+02
4.787523136828152019e+03
4.881947004893926533e+03
4.852728671733756528e+03
1.465107899066921391e+03
2.557525113413439612e+03
1.974609974013238798e+02
4.699111605561272881e+03
4.840635253292502966e+03
4.834431722916111539e+03
4.868293725354595153e+03
4.947156641498622776e+03
4.781761513582437146e+03
4.727306991556130924e+03
4.743830228546033140e+03
4.752955845399190366e+03
4.670838156586376499e+03
4.616965215068628822e+03
4.631171490042761434e+03
4.814564261421424817e+03
4.815247082084401882e+03
5.204749381970042123e+03
1.191700025586383845e+03
2.969162717587877523e+03
4.701121363696618573e+03
4.266839060987103039e+03
2.048806040663226895e+02
1.838335224633811777e+03
2.543722487798984275e+03
3.716531795590861748e+03
6.854467071305319905e+02
4.371815757257458245e+03
1.424204384270866512e+02
3.812428859173536694e+03
7.855286850925244835e+02
2.706604327923825167e+03
1.754255374350509783e+03
1.816415330352739602e+03
2.537284815045554751e+03
2.194384033386381361e+03
1.916156509505212625e+03
3.314418514400870208e+01
2.972607715665340493e+03
1.573827117495015273e+03
4.059397409231024994e+03
4.326631312468055057e+02
2.285022948901586915e+03
1.911789483960828875e+03
9.263805554774990014e+01
4.816983202835977863e+03
4.749547544122983709e+03
2.615020653821517044e+03
1.870108699683193265e+02
9.895486328749354925e+02
3.936080604841060449e+03
4.630491146356307581e+02
4.677610536664580820e+01
4.870862312648192528e+03
4.866353272856160402e+03
4.718438277726510023e+03
4.709189976921181369e+03
4.826851316258485895e+03
4.793644293546830340e+03
4.768570858932307601e+03
2.696813358369559488e+00
4.636973117295307929e+03
4.638597252187598315e+03
1.839900276126557173e+03
2.582945478246466791e+03
2.957485359352947853e+03
1.479674338308584538e+03
4.689154692052267819e+03
4.672167665264562856e+03
3.127637660204245549e+02
4.221212758234775720e+03
3.539927419164078856e+03
9.136789487264398986e+02
4.892148008889987068e+03
4.670157549465793636e+03
4.733060162836039126e+03
4.652014605304467295e+03
2.979557129908689603e+02
1.998581407143484739e+03
1.694679324737663592e+03
7.970192394263372648e+01
4.449408336398661959e+03
3.819654689899259211e+03
3.774007985179108005e+02
4.700621532482928160e+03
1.966787865997962470e+01
3.594878381402544676e+01
-3.717047985908411079e+01
-8.388756206762732148e+00
-5.350479364375708968e+01
1.852009613926958664e+01
-2.383546409163032109e+01
-1.996793632212093783e+01
-2.505655330457143748e+01
2.721635777689982305e+01
-4.889517299171367171e+01
-1.495477747884523900e+01
1.806987046008125120e+01
-1.833694564617817591e+01
2.812653962201716240e+01
5.068572201656829179e+01
-1.576938271869952324e+01
-6.240847579630660391e+00
-3.139546575378680870e+01
-2.897735664524828181e+01
-1.055795553444622570e+01
-6.637777012035520841e+00
-1.416439777016600132e+01
-1.746695859030548803e+01
-7.058522701153971290e+00
-1.105715932788641354e+01
2.764370888998850528e+00
1.480777353771877181e+01
6.071710774176376901e+01
4.282057576958214895e+01
8.754018697192311720e+02
-1.332995757906251377e+01
1.936375617787731471e+02
-8.474471847026311622e+00
4.526302562154737075e+01
4.623866839544845675e+02
2.099072404160379435e+00
4.095885617507782626e+03
3.982136518647067533e+03
1.977536312891339207e+02
3.509034147877085275e+01
2.218406719395656879e+01
4.440418805670120150e+01
2.143307039045600249e+01
1.811763201432434016e+02
2.496182535506564761e+02
8.716916945257699467e+01
1.522252030243566026e+02
1.257658145976243986e+03
3.002567308800013961e+03
1.358776814499270813e+02
3.851870451501019488e+03
4.106555978858891649e+03
5.805353371638767612e+01
1.599057117200896414e+02
2.857613914263007473e+02
5.986999900050842598e+02
1.336940490627891052e+02
4.126008177522227925e+03
4.629733683988418306e+03
-6.957885658674697105e+00
-5.287950597918549711e+00
-3.180968528422956521e+00
-1.330535240314124223e+01
-8.867598086066687202e+00
-5.125961329751608275e+01
-7.967057339412708217e+00
-5.402646423734243086e+00
-6.027146669300009307e+00
-5.112715637498550514e+00
-3.801712972001634050e+00
-5.240847748375219162e+00
-2.963443312202132773e+01
-8.156894025355194700e+00
1.097572453867390152e+01
-1.802788317131830098e+01
-1.999850383792819386e+01
1.866706668696785698e+02
5.320028391442321691e+01
2.069009441893686926e+03
5.197554334612166116e+01
3.842105260108155107e+03
4.228280067427126596e+03
4.009297882892055441e+03
2.077046280877525817e+02
4.063686375720524666e+03
4.939977717579432465e+03
4.702467809659382510e+03
4.949466304737594328e+03
4.802880567077691921e+03
4.808071485410046080e+03
4.802448763528742347e+03
4.964724614298083907e+03
4.933408601602733142e+03
4.966219895989887846e+03
4.883992774620969612e+03
2.230918425494254734e+03
2.155571924253710222e+03
4.792127462509041834e+03
4.814207953820910006e+03
3.074606834475137020e+03
1.440851992392499142e+03
4.784388338448928153e+03
4.761127270136142215e+03
4.966413797545499619e+03
4.868844686089981224e+03
4.968868188847577585e+03
4.784880755605368904e+03
4.726093557959066857e+03
4.778975860123816346e+03
4.863051882760256376e+03
4.710252293576741977e+03
4.892868049205600073e+03
4.953285455184574857e+03
4.742610941395962982e+03
4.678989146557024469e+03
4.739907208279956649e+03
4.972916282143001808e+03
4.704732843213525484e+03
4.784000589091373513e+03
3.029168070203992102e+03
1.495094017077489980e+03
4.790038625365661574e+03
4.924848711857787748e+03
4.958426072950615890e+03
4.767835691391197543e+03
4.757457239696876968e+03
4.797734186941515873e+03
4.537800054271130648e+03
1.532478090939156800e+03
3.118538479531484427e+03
4.831276813816234608e+03
4.874910815791758068e+03
4.687653523448573651e+03
4.901652872362031303e+03
3.034995526642786899e+03
1.627589388237516459e+03
4.945768215254099232e+03
4.784449147131434074e+03
4.718437713191712646e+03
4.725519019501843104e+03
4.776462232219617363e+03
4.668218876796257064e+03
4.802404820101241967e+03
4.860835307405377534e+03
4.530333760043035909e+03
4.081197568953222799e+03
5.202820106557700228e+02
3.411899910953914514e+03
1.431391685765037494e+02
8.574516672167845854e+02
4.710921408517076998e+03
2.953786334354118480e+03
1.695672477289279414e+03
4.859710215899680406e+03
4.175531478868610975e+02
4.343294513935811665e+03
4.755095152908282216e+03
4.856806017199870439e+03
2.263962804062319265e+03
1.653900560507842101e+02
1.578989903839718863e+03
1.988366704401420748e+03
9.068392340349367586e+00
8.835129828862624990e+00
9.428515718245980892e+00
8.668693956559117453e+00
7.497062976981545113e+00
1.140345839458283095e+01
7.672055050960977063e+00
1.307477434522975557e+01
7.279076083180435752e+00
1.939356815327057859e+01
7.838825322247554794e+00
9.042882930444061884e+00
1.200027892605185542e+02
2.735851860793259789e+02
1.129117798671208561e+02
1.175058944134601262e+02
1.014057103229273196e+02
8.099357157489239967e+01
9.531935274611085163e+01
1.136198687248739532e+02
1.189103788946552527e+02
1.987335026119191980e+03
1.094278381401816489e+02
4.158340139541740427e+03
9.256453147832671391e+01
4.297364372638562600e+03
1.008894433117853318e+00
4.957876878206910988e+03
3.243602925688094729e+03
1.318097546714860073e+03
4.905403306439447078e+03
4.807169109716509411e+03
5.763564173190120528e+03
4.067490745651959514e+03
5.011366972660673127e+03
4.888545453789367457e+03
4.925059531262991186e+03
4.859257992340838427e+03
1.455545752805585835e+03
3.302765312774660288e+03
4.857156068585478351e+03
3.433678409605991419e+03
1.190866620691427897e+03
4.799757478537666429e+03
4.963136026718609173e+03
4.984643303183884200e+03
4.811957772908315746e+03
4.904119894136599214e+03
4.856358968285969240e+03
4.970706049403109319e+03
4.968725844195197169e+03
3.105968041625510523e+03
1.703747097557675261e+03
3.178288412867639636e+03
1.648516616678628679e+03
4.933706117580162754e+03
6.227068899531028592e+02
4.166226547910427144e+03
4.882340511682670012e+02
3.685524492330835983e+03
3.771797887067633042e+02
5.008694358479713628e+03
1.045966189315526663e+03
3.829556354456626650e+03
4.235263256209190331e+03
4.150877694860839142e+02
5.078313788311494136e+03
4.896381863442069516e+03
5.095027301361941682e+03
5.092247513006112058e+03
3.063950030762724055e+03
1.740857437294649571e+03
5.039619259684171084e+03
2.738573304557163738e+03
4.242623074400687528e+02
1.404453127003446298e+03
3.416529037735426300e+03
1.475823181459419175e+03
4.309428470673754532e+02
2.303763351613762097e+03
1.814565202077121967e+03
3.538713200154476226e+02
3.500499961245761824e+03
4.807199802510579048e+02
3.367524259890240046e+03
4.519432346432543568e+02
3.576385668980365722e+02
1.822496893413914734e+02
5.106493131222020565e+03
3.186594091486968594e+00
1.546242059841285254e+03
6.391187640185419383e+01
2.965349430723736532e+03
4.956433725375563881e+03
4.901538701119517100e+03
2.722123973223740450e+03
2.008766871006772362e+03
2.323239692060136349e+03
1.337127294824145565e+03
9.366395381002171234e+02
5.045034860654383010e+03
2.337544712405177165e+02
2.409415709191254791e+03
1.925256666317269037e+03
5.105228524975854270e+03
4.031655655848666811e+03
9.164626565245537222e+02
4.957062232646834673e+03
5.088327388866498040e+03
5.178299616968671216e+03
5.004088674332294431e+03
5.208926093719429446e+03
5.132184854655399249e+03
5.196877525635155507e+03
3.585925058510146755e+03
1.143054615279532754e+03
5.054247174388127860e+03
4.844356687772026817e+03
5.011063669169640889e+03
5.162524513898179976e+03
5.065723780236587118e+03
5.229335853550611318e+03
5.177716250635556207e+03
4.008784222747509034e+02
4.395513469347893079e+03
4.942978705421781342e+03
5.086634730819881042e+03
2.040774201384884350e+02
4.732676824268240125e+03
4.791622958654789727e+03
2.195530838749888289e+02
3.926495179048202431e+02
2.793926613569422898e+03
1.437706288154075992e+03
5.180828974080457556e+03
5.044643064190678160e+03
5.069171500647227731e+03
5.058926402228220468e+03
4.219164720262027686e+02
4.411037644382764483e+03
5.001134434282495931e+03
1.327647551224694098e+02
4.932295268755510733e+03
5.014167121854470679e+03
4.789159832701958294e+03
5.283760270788919115e+03
5.257225078005061732e+03
5.244671134113600601e+03
5.149181198673709332e+03
5.231147648072997981e+03
5.107749331485550101e+03
3.543341179262453352e+03
1.059593954500506243e+03
5.329843088904837714e+03
5.224645555261507980e+03
5.174632357534976109e+03
3.755165552598403451e+02
4.335029630710363563e+03
3.686513909943940348e+02
4.571415683774590434e+03
1.125045566400600450e+02
4.939864739565122363e+03
5.317778147080782219e+03
1.904257459443829248e+03
2.911430082063710415e+03
5.164756154871553917e+03
4.511880954599571851e+03
5.011198333694869689e+02
5.255663421210617344e+03
5.080762963485123691e+03
5.042813814686746809e+03
5.284011063522886616e+03
5.141426548616529544e+03
4.912928314379960284e+03
5.305792089480672985e+03
4.939985368035909232e+03
3.652811389058903728e+02
3.233268057864002913e+03
1.070924221819647073e+03
4.905074618979345360e+03
5.210601043575632502e+03
3.384893863305389004e+03
4.772867237496416237e+02
6.061727571541532598e+02
5.271763914197358645e+03
5.203428606600555213e+03
1.786979059039563026e+03
3.102190951615268659e+03
4.958602530009303337e+03
2.280806299103949641e+03
2.735619742717613462e+03
3.590092660914331645e+03
1.362042070066140695e+03
2.480610196221243768e+03
2.193318099193211765e+03
4.055719388156575178e+01
3.482514345061127187e+03
1.386408183923183060e+03
3.713725478270778240e+03
1.195767125442014276e+03
5.191139523963906868e+03
3.068229818044449075e+03
1.422961390525741763e+03
4.369392057181587006e+03
4.003507571781547085e+02
5.147451685585926498e+03
5.139674445765427663e+03
1.830044550521142128e+03
2.306122822593458295e+03
3.005410333656385546e+02
3.228570930195854771e+01
5.145813261840509767e+03
4.598133587652370124e+02
1.585921778002098392e+01
1.970824618048238335e+03
3.462665849698007605e+02
1.851562827727919682e+02
1.863468379857268431e+01
1.723817769970343150e+01
2.024923029584129708e+01
6.209650835423383342e+01
2.171336649865348889e+01
1.399162599708611765e+01
1.920846961438070650e+02
3.912850725409506595e+03
3.456008442711691941e+01
3.424548923325875904e+01
2.238651789795794045e+01
4.358616892004200054e+03
1.009400189373028223e+00
2.339041827034716547e+01
2.483181291829977155e+01
1.657384245209646068e+01
2.404034750887727512e+01
2.044327439488115417e+01
2.007556241537915653e+01
4.054283832272814379e+03
2.442920920592231937e+01
2.098328742370096052e+02
2.836682687187153107e+01
2.938712192142372714e+01
3.556653874730865482e+03
1.640238396200129785e+02
5.128169813232940214e+03
1.427247653618162758e+03
3.503678038552455746e+03
2.610857825011784371e+03
1.898049764175310884e+03
1.360504339908990005e+03
3.160939170924606969e+03
4.852530053651887101e+03
1.874157057392994375e+03
2.039761265728016951e+03
4.981791737746183912e+02
4.421694105393918107e+03
5.541008016860964744e+02
3.215895033039518012e+02
3.288758365715112177e+03
1.068114833698353323e+03
3.761161653369400142e+02
4.508294396568310731e+03
1.838872942961597573e+03
2.965957328983691696e+03
5.246563180767390804e+03
4.733653040336567756e+03
1.719771681644009220e+02
5.295890191376336588e+03
5.210910250678170087e+03
5.282777129757568218e+03
2.417890725861002466e+03
2.366101789463965360e+03
5.272925655622652812e+03
5.185598422150244005e+03
5.435989370951696401e+03
5.439012284103049751e+03
4.310926091979225930e+03
6.600193343830461572e+02
5.597841153996136200e+03
1.926429664903666435e+03
2.957787229342752084e+02
2.221325747426845737e+03
5.031611293728897181e+03
3.205482962542036603e+03
1.767897332288176585e+03
5.190265625079772690e+03
5.368908793455269006e+03
5.343543151341064913e+03
5.300787880260181737e+03
5.463864929347219004e+03
3.567081009614304094e+03
1.176249549187426055e+03
4.594593068955947274e+03
2.268271295165038453e+02
5.484328920942981313e+03
5.342372792785793536e+03
5.518675788441728400e+03
3.920186170065292117e+03
1.041163353248579369e+03
2.266621425329502927e+03
2.698220589187639234e+03
5.533378021938785423e+03
4.308141956542695880e+03
6.789154765548759087e+02
5.577600577025855273e+03
5.666970388757218643e+03
5.390928451725988452e+03
5.294510933790023046e+03
5.619793662471854987e+03
3.305589900714119835e+02
4.430248904690906784e+03
2.639280584561640239e+02
5.209355918476341685e+03
5.538608799070428176e+03
5.392237893729650750e+03
5.208767255632891647e+03
3.191371089132712314e+03
1.704803407513274351e+03
5.231000826009438242e+03
4.426053838443692257e+03
5.299193257507399721e+02
3.540578200535444012e+03
1.413000656562304812e+03
3.933942556030629476e+03
7.430034169113052940e+02
6.917724010010534812e+02
2.032630242837269918e+02
1.183776685160063607e+03
2.067483520820908780e+03
5.177154417510258099e+03
9.703766910256334768e+02
4.095110808670273855e+03
5.192734514801157275e+03
3.901157667868028057e+03
1.009477535870447241e+03
5.415191747039414622e+03
2.228949427143030789e+03
2.649895441845367259e+03
5.390072609607134837e+03
1.714868998032117361e+03
3.152913817911089609e+03
5.212037595263221192e+03
5.353209922458974688e+03
5.413023679928913225e+03
2.864078577393141131e+03
2.346903235906685495e+03
5.102767041613529727e+03
2.597749806643779266e+03
2.105329907222295333e+03
3.696816314826516532e+02
4.516467734036595175e+03
5.209138367131425184e+03
5.178060823426582829e+03
5.535602538273907157e+03
5.301957342743595291e+03
5.442827709681195302e+03
5.035108410347856989e+03
5.254034081894351402e+03
5.329607759997838002e+03
5.041154276508181283e+03
5.228196522836908116e+03
3.620221741632365138e+03
1.188486736033816442e+03
5.440333199844498267e+03
2.954642812607901874e+02
6.083937632807450200e+02
3.870494114291348978e+03
5.378735009338523923e+03
5.234545939110922518e+03
1.679928040779804405e+03
3.073506712963368273e+02
2.609922754817021541e+03
2.238033403358002943e+03
1.890724086268639667e+03
2.031854356923324758e+02
7.937452166602095076e+02
4.263845341070812538e+03
5.424744803924992993e+03
3.245961394808172372e+03
1.655020936519255656e+03
5.302672145150891993e+03
5.526718307874908533e+03
5.369617014203293365e+03
5.392337788845283285e+03
5.387397254537290792e+03
5.503459957423173364e+03
5.469674265997136899e+03
5.585324970222965931e+03
5.427124536437672759e+03
5.508306631478931195e+03
3.895671446313447177e+02
1.162323488172911539e+03
2.648769870477123277e+03
5.408226351644866554e+03
5.716781063816010828e+03
5.698347622976498315e+03
5.401655269111539383e+03
3.766652110232415453e+03
1.343632402253614373e+03
5.793931496326067645e+03
5.574300680470772022e+03
5.283359969799726059e+03
5.517770697930437564e+03
6.398392592949871016e+01
1.112805244747938218e+02
9.326312647681892543e+01
4.463489678754310262e+03
3.791247572266078350e+03
1.161813969559717407e+03
3.306271550930443937e+03
1.922284371052186316e+03
6.101553657351684201e+00
5.647936111054994399e+03
5.351604373303561260e+03
4.158410378052922169e+03
9.845984238831356379e+02
5.398980980198439283e+03
5.570876351777119453e+03
5.537972599462967082e+03
1.098155387492995033e+04
1.231015802770339178e+02
5.436788794416418568e+03
5.510590858224060867e+03
-7.412450021948291834e+00
5.569703989025378178e+03
5.648806005503427514e+03
2.405494306556763604e+02
5.214122971993071587e+03
5.610437468277258631e+03
5.355077759324894032e+03
1.962483729222071531e+02
5.271306943314436467e+03
5.228113871425895923e+03
1.746329409961017518e+02
5.250351321023512355e+03
5.712520704926107101e+03
5.557803260181628502e+03
5.446445239959408354e+03
5.451688113962555690e+03
5.456281130489404859e+03
4.033742765980535751e+03
9.688395478902515379e+02
5.661246218614308418e+03
5.889119981511189508e+03
2.513499304499907339e+03
2.144035467601853270e+03
1.604873105767427433e+02
5.134604197395560732e+03
5.471492201694441974e+03
5.735941415777851034e+03
5.432644713837562449e+03
2.979342100716417917e+03
2.297863035619419406e+03
5.747126920882294144e+03
1.551258889464180129e+03
1.141353016413699379e+03
1.841820800649955800e+03
5.635091671870607570e+03
5.528233955088649054e+03
5.678588258930433767e+03
5.443633685940402756e+03
5.583191580644702299e+03
5.429054679082516486e+03
5.490893702230676354e+03
5.474062937307116044e+03
-7.224345146183088318e+00
5.538900046245062185e+03
-5.564910314099271282e+00
-5.386364887201935403e+00
-4.392628621358620755e+00
5.248229889361735331e+03
5.858358652477421856e+03
5.636719448935642504e+03
3.612906462598751659e+03
1.717314653959263069e+03
5.644493173788950116e+03
9.287357849768793585e+02
4.215287584666537441e+03
5.615223896390391019e+03
4.163953676388444336e+01
3.361851404619677851e+03
1.337541794525719524e+03
5.137368685456421190e+03
2.932789069696053730e+02
5.200350704237470381e+03
2.207240069612027582e+03
2.806018644633640179e+03
5.681211082719674778e+03
5.343632757429146295e+03
1.116915231664112973e+01
5.454997050709490395e+03
5.534739879959315658e+03
5.735497158405585651e+03
3.529002771678280169e+03
1.296724377563608869e+03
5.351007045150791782e+03
5.608887266499784346e+03
5.649324652613241597e+03
5.343562056660588496e+03
6.416779737071887268e+01
5.798947767212733197e+03
3.098857993593633182e+03
2.107470696113018676e+03
5.586665889424095440e+03
3.114920359878234649e+03
2.189496203229762614e+03
3.516428698665642059e+03
1.640758412261078092e+03
5.765401798654218510e+03
5.858335874709594464e+03
5.309031436805194971e+03
1.834450644627889062e+02
5.794837561758277843e+03
1.991896431317803035e+03
1.353330475691788308e+02
1.938004633959224066e+02
2.427488340086252720e+03
5.766019127779971313e+03
4.126906144583429523e+03
1.239038587839587308e+03
4.378703408624974145e+03
8.985090729270476686e+02
5.735173504809969927e+03
5.885944220292503815e+03
2.795121544563243532e+01
4.848888774112409919e+03
4.177369000062135456e+02
5.816697943111620589e+03
4.323191774225643712e+03
1.187045998558035762e+03
1.424140184384648080e+02
2.284104716388247198e+03
2.860369692588527414e+03
2.724565687578647157e+03
2.589397740385702036e+03
5.659177466087255198e+03
5.949559747725822490e+03
2.832336515856196684e+02
5.247227753901296637e+03
1.819546756339389617e+02
3.136763565694813224e+03
1.832669514893697851e+03
8.679106514850727763e+02
4.427112665716536867e+03
2.429385928221814481e+02
5.294674038769521758e+03
5.600034155036392804e+03
2.274532780376084702e+03
2.864518048615320822e+03
3.533769363760521173e+03
2.067773985278578493e+03
5.972736526486123694e+03
1.542216208853994885e+02
5.238881345294499624e+03
2.459593511054358927e+01
7.631347533152677443e+00
5.922398405110814565e+03
5.893117290603535366e+03
3.033026951801036830e+03
2.221090966960031892e+03
5.839684549578259066e+03
4.634183965463386812e+03
6.838125055951627473e+02
5.875818258715455158e+03
5.971038728571341380e+03
3.211880411706287759e+03
2.273222808092456944e+03
1.060078458142643285e+03
4.237244104829353091e+03
8.980300319150622954e+02
2.738680050484324511e+03
1.342254127373776328e+03
5.675074034116357325e+03
5.975945368915062517e+01
2.986831477301264385e+03
2.450395773189794454e+03
3.812636328372409480e+03
2.440246701569241168e+02
1.151093544856652215e+03
5.902032164153554731e+03
8.329247762770610279e+02
3.171771454158749748e+03
8.046872253552484153e+02
3.483781156421146079e+03
2.005669579912768995e+03
3.847158026575682470e+03
1.584019280077435496e+03
6.048019950419409724e+03
5.971642119395582995e+03
5.001853745426452406e+03
5.222523115254072081e+02
1.395882295929492329e+02
2.945294209294266693e+03
2.243526637017261237e+03
3.532537448118303928e+03
1.844829545998139338e+03
6.187041773879936045e+03
6.004119650557958266e+03
5.971745368877435794e+03
6.049584297636589326e+03
4.754696456792905337e+03
5.726124669612161142e+02
6.027352805799069756e+03
1.550997227354978122e+03
2.624997564459755267e+03
6.585676927186824514e+02
3.954979028467094849e+03
1.518038724161862319e+03
4.079978506923190253e+03
1.423522507660169595e+03
1.240247951394727806e+03
4.214076314754262967e+03
6.053905314078177071e+03
7.690378140418152952e+02
4.643461753647070509e+03
2.990504949362981733e+03
2.423958849979644583e+03
3.783581555280739849e+03
1.872771878782029034e+03
6.085533556048716491e+03
2.658860419369230385e+03
2.922572789957266195e+03
3.077568152336774801e+03
2.479142849203843070e+03
2.567691679307055438e+03
2.962129666721216381e+03
4.473815263868505099e+03
3.129375412556241827e+03
3.618912437102274453e+03
3.651225357149544237e+01
6.179221751661976668e+03
6.089625673441212712e+03
3.975206316039001649e+03
1.496096956722269397e+03
2.267543300425696543e+03
3.066410718406975320e+03
3.384626202229105019e+01
1.259935075926182890e+03
9.141547800519130078e+02
2.886670495140392177e+03
1.534781553292594367e+02
5.322967276715604385e+03
6.035975364901476681e+00
6.060518483527948774e+03
3.593846723120185743e+03
2.066000367858252503e+03
5.417074628817124903e+03
1.090588140395833960e+02
1.662049479717582301e+02
8.315773690289847764e+02
1.490947894082787855e+02
2.205179612750986053e+03
1.291764195153647734e+03
3.050446502397220229e+03
2.626497072669520549e+03
3.575890675502535487e+03
2.051257306111063372e+03
5.800529292533361513e+03
6.158742601595899941e+03
1.619036601129624842e+02
4.719646670695387911e+03
5.475642958382856023e+02
4.568409593483604112e+03
1.188736782071755897e+03
5.748665648522428455e+03
2.539570383291652149e+02
2.770853248132424142e+03
3.043916279691811724e+03
1.813272577215941055e+03
1.789960517579334009e+02
3.217102622726761638e+03
3.428506377658482052e+03
1.483276219589339746e+02
1.918410225561719244e+03
2.678265733705090497e+03
1.777415183191239066e+03
6.265982128001190858e+02
6.121306722967150563e+03
3.919197372576244561e+03
1.531608457993263983e+03
2.743535241823206434e+03
2.849271712998471685e+03
3.426422858070107850e+03
2.312973069689935528e+03
3.465961687866862121e+03
2.258869102961253702e+03
6.057830396942249536e+03
6.125549358312962795e+03
5.190925086312649910e+03
6.358047647947748828e+02
6.089306592236757751e+03
6.253046642395841445e+03
2.335626785804307019e+03
3.360283165148546686e+03
6.047209411291601100e+03
4.402821311352849079e+03
1.421858882499125002e+03
5.861909752811215185e+03
5.740230215285261693e+03
1.881929770219753095e+02
5.688015472364842935e+03
1.515670275400285050e+02
1.824942899760736381e+01
2.781122225893646373e+03
2.552222876795376578e+03
3.544413159239230481e+03
1.903285409025740819e+03
5.807605685612216803e+03
6.229672864760908851e+03
4.860337810721090136e+03
7.676982328790754764e+02
6.025603247428036411e+03
6.209191763380594239e+03
6.204309586345499156e+03
5.496317531332889303e+03
2.851756039195910262e+02
6.169166385595760403e+03
1.839037709582356229e+03
2.764226012976401762e+03
6.640178970964763039e+02
6.153823201987427638e+03
2.413330880296397481e+03
2.673155586939053137e+03
2.160457049054079732e+02
6.302969572214581603e+03
6.120186423692692188e+03
1.283219271167753504e+03
4.431721491903557762e+03
1.997110824018137464e+03
3.757494253508597467e+03
8.612193740070671311e+02
4.924284450230872608e+03
5.463464568684236838e+03
4.083593076774133692e+02
3.243298964647855883e+03
1.659204636305274107e+03
5.219382908732118267e+02
6.041671040958472076e+03
5.722752912678831308e+03
6.233272123988845124e+03
5.006339559811730396e+03
7.173129879459788754e+02
3.436705506344048445e+03
2.208123904322399540e+03
6.086679232979963672e+03
6.050327233545558556e+03
6.265988077370130668e+03
6.158831727248949392e+03
9.337689836244422850e+02
4.675269018226824301e+03
2.645381408987380382e+03
2.839596576014417678e+03
1.758395331448763500e+03
2.371459749006362472e+03
1.136336315896707447e+03
6.168690706493063772e+03
4.232134791306923944e+03
1.531242488035516317e+03
6.099235691878041507e+03
2.108816591881103250e+03
3.507684668856127701e+03
7.613277957753789451e+02
2.094595578429028137e+03
2.353449158461640309e+03
6.246307171576200744e+03
6.254167158778803241e+03
3.619454973118102316e+03
2.225095489304502735e+03
6.298861839246526870e+03
5.693942946734937323e+03
6.240794998052442679e+03
6.146115957149640053e+03
6.189108515975651244e+03
6.101147373290590622e+03
6.260577678477301561e+03
5.878714735290690442e+03
5.418179109154790751e+01
6.275131933070902960e+03
6.100412423211118039e+03
6.296368032060819132e+03
6.032717813348383970e+03
6.258809373782949478e+03
6.230786766818778233e+03
6.243901171931621320e+03
6.163040218105226813e+03
6.258656677287079219e+03
6.204615152888538432e+03
6.176621094323435500e+03
6.105617274734945568e+03
5.941205156067785538e+03
6.260657501629543731e+03
6.278107965156385944e+03
6.408087428026159614e+03
3.583530228693494337e+03
2.005201118856435187e+03
6.208388599427987174e+03
6.110098347209622261e+03
2.312511794220185948e+03
3.460990815664885758e+03
5.448851064084635254e+03
2.868570246130475425e+02
6.209413385134464079e+03
3.846229368641107158e+03
7.143722023178609959e+01
1.671768256052156175e+03
6.226615445062827348e+03
6.317144303181352370e+03
6.138306816704149242e+03
6.082753164558444041e+03
6.026752008405828747e+03
6.209549747434002711e+03
6.205228284093366710e+03
6.320544254582650865e+03
6.092007547796533800e+03
6.274925327636578913e+03
1.800386765463158099e+03
3.991082148504226552e+03
6.183734825868054941e+03
6.194573586972537669e+03
6.000041538565809788e+03
6.053468265831222197e+03
6.227210405006354449e+03
6.236315688138444784e+03
7.662587409889997616e+03
2.743906920659869229e+03
1.421409462329686221e+03
6.196406535730681753e+03
1.193260235681250805e+02
5.890225893529982386e+03
5.923691606733115805e+03
6.148988850440965507e+03
6.150381254285499381e+03
6.266582066311698327e+03
6.242387571698209285e+03
6.252357030355552524e+03
6.094835415720940546e+03
6.228615049171729879e+03
6.220912781824925332e+03
6.278302815212055975e+03
3.600400337451362702e+03
1.884237982052992493e+03
3.063139121436655898e+00
6.190705004493328488e+03
6.307122390661053032e+03
6.302508318179612615e+03
1.814953319605623619e+03
4.080671717885266844e+03
6.182260609001042212e+03
5.990669945252959224e+03
8.853951357094808827e+01
5.966218100034491727e+03
6.321861128264948093e+03
6.035517043858164470e+03
2.006272798498453724e+01
6.337955231907386406e+03
9.499736297050853295e+01
4.193496559269165118e+03
1.354152701436459893e+03
6.293926813870948536e+03
6.244525980990344578e+03
4.069557062684246773e+00
6.115179856525295691e+03
6.170327978331556551e+03
5.405129575815674798e+03
2.468452052851026565e+03
3.881843011485866555e+03
6.253179925310088947e+03
6.249129905299593702e+03
5.894051377534330641e+03
2.380585017092556654e+02
2.450432895188534076e+03
3.472330573587576964e+03
6.299193820815797153e+03
6.352886907136717127e+03
6.035699880978917463e+03
3.318790754016790743e+03
2.215966908399991098e+03
2.095408522830396123e+03
3.426922513331879145e+03
5.645007705685754445e+03
5.753553047471542925e+01
6.220137543452919090e+03
5.948357261373887013e+03
6.239195330922739231e+03
7.444841710618527031e+03
4.910892500990683402e+03
6.282708432456773153e+03
6.157843736108105986e+03
6.244496527950924246e+03
3.207071593140321056e+03
2.388266998127537590e+03
3.229412298040203133e+00
5.863603198920696741e+03
6.295537256659514242e+03
6.414054862550483449e+03
6.016328654079490661e+03
1.000797712180154349e+03
2.374486987771049940e+02
4.035053871799134413e+03
6.450691364887196869e+03
6.264944825009921260e+03
6.254672196137875289e+03
6.382819701539880043e+03
1.359702046469170227e+03
4.538229601089427888e+03
6.112439810562422281e+03
6.358788470550964121e+03
6.414904236571396723e+03
6.349316596795362784e+03
6.372193238218351325e+03
6.279929530487920601e+03
9.119197453357060112e+02
4.804215385323099326e+03
6.396259351071576930e+03
6.325786280351047935e+03
6.181921562587767767e+03
5.243747005919789444e+03
2.557626398467426725e+02
9.050309935173616793e+01
6.109616591765602607e+03
3.681738606324717011e+01
5.509820535992154873e+03
4.624203359753299992e+03
1.322883709611480981e+03
6.430464139662702109e+03
6.257317546738237979e+03
6.493719773073240503e+03
6.320244782642609607e+03
5.986573260334167571e+03
6.219734492787690215e+03
6.052530629785987912e+03
6.423389086358680288e+03
6.212499084491439135e+03
2.972577030880632378e+02
5.352981074936607001e+03
1.022113266850304717e+04
1.501157119503125841e+03
6.187075310755571991e+03
5.855201702361342342e+01
6.147020644321986765e+03
2.850221664508038884e+03
2.752504111241192277e+03
5.736199719729546814e+03
6.457640434950440977e+03
6.254498441025682951e+03
2.115256470794389315e+03
3.695407018649155816e+03
6.325790157137212191e+03
6.334504531049752586e+03
6.439629750815865918e+03
6.142104654524794569e+03
6.158756734882066667e+03
6.146898156625950833e+03
2.083252173802067773e+03
3.333107850462238275e+03
5.324050024545329507e+03
3.052412660326921809e+02
6.290055017426941049e+03
6.298960108772174863e+03
2.793111434818460452e+02
2.658365245545699054e+02
1.870028719877257799e+03
2.637529984221383529e+03
9.541976083951540204e+02
2.677511329334946595e+02
4.118492612182101766e+03
6.300834877051545845e+03
6.208575081232414050e+03
5.706469885285157943e+03
6.363654789487358357e+03
6.514021854671624169e+03
6.149350376197548940e+03
6.195834472569397803e+03
5.818075183919082519e+03
6.233369717899440730e+03
2.710275903386916525e+02
5.791954748554169782e+03
6.367540920431271843e+03
5.088342452435043015e+03
5.818071897286359899e+02
6.122807310740185130e+03
6.207884786453098968e+03
2.859051919168809377e+02
5.614128412203943299e+03
6.179659052742397762e+03
5.816523146135287789e+03
6.266102844820625251e+03
5.973377908310551902e+03
6.257289925506829604e+03
2.436806804414098622e+02
2.361645556544596616e+02
5.149801805991023684e+03
6.355359447221781920e+03
3.431080167175997303e+03
2.132790369100701810e+03
2.105975853790324948e+02
1.420231607154787298e+03
4.016837740300072255e+03
2.908437674722739757e+03
2.936336083078130287e+03
1.923398411866607148e+03
2.322616270958124460e+03
1.079877355505398782e+03
