1.230868024674779448e+01
1.240932112812886778e+01
1.212191216538232119e+01
1.228810135951034610e+01
1.259325845734524307e+01
1.265464813670629063e+01
1.239592244272331456e+01
1.252761514161326240e+01
1.229707366841452476e+01
2.528884317127860868e+02
3.241185056842341794e+01
1.766504814884501116e+02
4.326621883949453462e+01
3.555611724335052770e+01
3.313262146316409371e+02
2.986896143489358337e+02
2.301050827027267474e+02
1.556933113809380984e+02
2.815015111192354880e+02
1.603143675245815984e+02
1.937020446451268185e+02
2.053292359196735219e+02
2.975077861083503308e+02
2.052304231880401915e+02
1.934022106528605605e+02
2.056310622087497961e+02
2.340996100049166273e+02
2.838857087293408767e+02
2.486529605727496914e+02
5.828272874402169634e+01
3.000950463410011935e+02
2.146222304128385474e+02
1.428067773978089328e+01
5.598940319530813525e+01
3.264395753391671064e+02
2.850542858875372758e+02
3.223237699626207586e+02
2.509977639905078775e+02
2.985226063994952028e+02
4.428032724214210134e+02
3.480406933972269030e+02
4.281410882194649048e+02
4.966762269057336994e+02
1.727500908678335634e+02
1.276417789442045603e+02
3.231885398511770404e+02
4.281918510470039791e+02
1.116642250726475112e+02
2.369791372604905177e+02
2.651655475422363679e+02
4.151434636297921088e+02
3.556479287513138843e+02
4.165888898901762332e+02
4.656501974708535272e+02
5.852786611397507386e+02
3.954891249630663310e+02
5.015215542409957266e+02
2.111784348784699432e+02
3.838736924628523184e+02
3.352851514673243400e+02
2.957466692247595574e+02
4.275553939194040254e+02
2.216883157772332709e+02
4.500628908452173391e+02
4.839041554434335808e+02
3.614066302423894967e+02
3.834548511789552094e+02
4.133864507520650591e+02
3.263983777089982823e+02
3.888261786666495254e+02
4.583958574711558072e+02
3.603051545377380762e+02
3.473786675718703805e+02
2.889348845182422565e+02
3.506560876591390752e+02
4.029035969445773162e+02
5.638390089796507709e+02
6.279575403704441214e+02
7.665401494808968437e+02
9.109774938227094481e+02
8.881460240850705077e+02
3.201135367804109819e+02
4.459905595673946550e+02
1.580845136262468600e+02
6.182513511159131667e+02
1.773693590987784319e+02
3.250031772831370631e+02
8.469676284446547925e+02
7.264185383809461882e+02
1.011952265377577532e+03
1.932528345649043786e+03
1.487231413306566310e+03
4.228645446096447813e+02
1.777477116053864393e+03
3.352502664795773626e+02
1.326941000054966480e+03
2.389793701997284188e+03
1.472480520366781548e+03
1.803718902660998083e+03
1.785593671949267900e+03
1.380562924331851491e+03
1.007244062990107182e+03
1.063615633399517492e+03
4.440606933701204184e+02
4.126158352813935153e+02
1.079334736133044998e+03
8.078485849047484635e+02
1.269104925155548472e+03
5.846849484450061709e+02
1.018757733688008329e+03
1.309966082794512204e+03
9.666837059833424917e+01
3.512207125749106581e+03
6.259737068570985912e+02
5.086682924312104888e+02
1.026225742062750470e+02
2.048959628454394078e+03
1.066014233131878370e+02
5.381749192772892911e+02
1.160454986412416247e+03
9.312346146821286084e+02
2.280657772097198176e+03
5.824525580239602505e+02
4.131114452882313344e+03
1.598771306817633558e+03
4.745837809033802728e+02
3.880686863795982845e+03
2.480048324802485695e+03
1.713676899303540949e+03
2.130250525254486092e+03
1.418745832669263109e+03
2.800079475813769932e+03
2.757692777848626520e+03
5.308712881008052591e+02
1.731209682996232459e+03
3.411861779740885140e+03
2.085714029495648902e+03
2.462367534813621148e+02
1.037213067186803528e+03
1.128982395337589423e+03
1.475336540473790137e+03
1.997679349158075638e+03
2.176398562748913264e+03
1.929209336843488472e+03
1.547268194055389358e+03
3.976453664494371878e+03
5.491712375698951973e+02
2.037490772797708587e+03
2.138142146314271940e+03
1.795441977074357510e+03
1.082341156265811833e+03
2.134391900844287647e+03
3.601583547109380106e+03
3.387890899009602435e+03
3.071358573264115876e+03
2.555552257329782151e+03
1.687250594612313989e+03
2.760370447262185735e+03
2.938016357557633910e+03
1.502447277292144463e+03
1.362571308004415641e+03
1.244190467559400759e+03
2.666445059045232938e+03
9.657627832389491687e+02
3.899645178670863061e+03
2.018439003999577380e+03
1.428082468401520657e+02
3.435905320076721637e+03
3.320487918494844735e+02
5.047239533877356735e+03
3.949988988164829607e+03
1.545683615387228201e+03
1.860822898759054851e+03
3.504275822925909551e+02
2.147983473481369401e+03
2.590450378417198863e+03
2.192169151183268696e+03
2.375067126175404155e+03
3.388768629031345881e+03
1.323247772839073605e+03
4.239305385843167642e+03
4.596174725095555004e+03
3.535280729006949059e+03
4.175315678317484526e+03
5.071480989675230376e+03
4.582380893516723518e+03
4.777876096302317819e+03
4.550675305663837207e+03
4.700265477792179809e+03
4.377465486317501018e+03
3.084036226798215921e+03
3.775779090182365962e+03
3.686924273407670171e+03
4.275702872449097413e+03
4.394442646947369212e+03
4.462907582140468548e+03
1.205616865445213534e+03
1.709949235983907329e+03
4.744346757998765497e+03
1.406490608562107354e+03
1.277600190282771564e+03
4.570790580863324067e+03
4.190884767694711627e+03
4.653237468857351814e+03
4.762546495824043632e+03
4.395595440657889412e+03
3.608611582978201568e+03
4.086984254993265495e+03
4.477298382142858827e+03
2.789525282903614425e+03
4.878038996793615297e+03
3.362074710447970574e+03
4.583607094003132261e+03
4.951751730473208227e+03
4.742699142289124211e+03
4.856463399291911628e+03
4.874285107293316287e+03
4.868242029968825591e+03
5.038421907083115912e+03
4.993197637339823814e+03
3.962093061348418814e+03
5.016897810991175902e+03
4.889735388538880215e+03
4.800033554968659701e+03
4.935146065748976071e+03
4.686535265774132313e+03
4.376418688755535186e+03
4.715207029298095222e+03
4.686333869828260504e+03
1.510069553300644429e+03
3.056492172310320711e+03
1.547328799587764479e+03
1.711049151171944004e+03
4.337606559692123483e+03
4.810669985994714807e+03
4.245061631744767510e+03
1.241440517979950073e+03
4.578953473590666363e+03
2.068164199520472721e+03
2.930480271079505656e+03
4.047062165904610538e+03
7.971509231708366769e+02
4.619289751408710799e+03
1.549800470318803036e+03
3.649289201006214171e+03
4.222046036017737606e+03
4.675813480330119091e+03
4.862498053832491678e+03
3.254185625772674939e+03
4.239787062203885398e+03
4.496145374503009407e+03
3.455546491339159729e+03
3.863595050633989558e+03
4.546238896975365606e+03
4.947292355271587439e+03
4.561589270581898745e+03
4.230240090891502405e+03
3.534400473330802924e+03
4.500130902739919293e+03
1.894290271689041447e+03
3.673068842673429117e+03
3.815828295502992660e+02
2.692722141253395876e+03
4.728459733812496779e+03
4.783216134903354032e+03
2.731653542491766075e+03
2.912366355114384078e+03
1.257298480329031065e+02
1.498635867371774566e+03
8.616047110406682918e+01
1.017371767420837614e+03
9.996613071778359227e+00
-7.265641783918114882e+00
-1.275415311684776398e+01
7.776948820989599653e+01
7.208746913175563975e+01
5.620627782937477832e+02
2.066918851820663349e+03
1.357669420689458128e+01
8.184393153657326820e+02
9.806714438645251164e+01
4.298076823768526083e+03
3.693754289201345273e+03
3.961189121082296793e+01
2.154386823073988921e+02
8.321679657129682255e+02
1.652532950778462606e+01
4.023551521886505270e+03
-6.416130319189565334e+00
-1.939839191321859246e+01
2.284964295411163675e+03
3.868313679453608984e+03
3.476395119955123846e+03
3.730377933452543857e+03
4.550510025473552560e+03
4.438037831751812519e+03
4.782333043648476632e+03
4.941041736150536963e+03
4.935098263578035585e+03
4.640145737088166243e+03
4.664292791145448973e+03
5.046111429505026535e+03
4.947723908523023965e+03
4.967591417174035996e+03
5.013361994817872983e+03
4.992689191560883046e+03
4.932248107833089307e+03
4.749019093221861112e+03
4.922994860160443750e+03
4.992873535107015414e+03
4.956348779549046412e+03
5.087453620069678436e+03
4.900904172121902775e+03
5.001163856735778609e+03
4.935773171218780590e+03
4.395593758935020560e+03
4.759799440409481576e+03
8.636034682341281723e+02
4.951662704839774960e+03
4.672333247332325300e+03
4.911579930102278922e+03
4.536019196164603272e+03
4.988457286943444160e+03
4.892274093174801237e+03
2.631572061694010245e+03
5.034626942251530636e+03
1.303859517587791856e+02
5.076480903098581621e+03
5.059351885280751048e+03
3.123297892208946905e+03
4.866076914200473766e+03
4.839923715645847551e+03
5.048982418928933839e+03
4.833527454259457954e+03
4.943420995300314644e+03
4.229522230785832107e+03
5.055767028853198099e+03
4.805994438278948110e+03
3.196842606894085293e+03
3.973842369984753987e+03
3.355926875981011108e+03
4.580611151731093742e+03
5.021611441326591375e+03
4.240048256895080158e+03
4.040112060401841973e+03
4.915515503574120885e+03
5.006103077403034149e+03
3.935672981288043957e+03
2.052669593691266527e+03
3.483482811651744214e+03
4.957486381696707213e+03
2.697757496144296510e+03
4.977365101069484808e+03
4.812043883311656828e+03
3.681087808719170425e+03
4.973438725982874530e+03
4.208525939619613382e+03
4.878950161299102547e+03
4.147660102686762912e+03
1.884305104778487703e+03
2.368163411325549532e+03
1.052725690049351897e+03
4.895916560764359019e+03
4.846488864848645790e+03
4.846171200377390960e+03
4.674538284190597551e+03
4.992326916320409509e+03
2.947605864908877265e+03
4.341135533416246290e+03
4.845829916464976122e+03
4.841345999621602459e+03
4.968041092143464994e+03
4.023311864752978181e+03
5.032896896483869568e+03
5.099124734050999905e+03
5.004930156397260362e+03
4.780340535019153322e+03
5.089637470725660023e+03
5.029041603393077821e+03
4.772278921922465997e+03
4.531721458856690333e+03
4.884598298096337203e+03
5.233063293295545009e+03
6.384262396286090961e+02
5.003043373287344366e+03
3.378133727259429634e+03
5.024718812497789258e+03
4.976914337447909929e+03
4.937653848771278717e+03
3.190800369024057545e+03
3.042993763811829012e+03
4.756075728016696303e+03
5.185032033395954386e+03
2.372323840344758537e+03
4.402873174278940496e+03
4.031623243323233510e+03
2.264202305874972353e+03
2.170859456926303665e+03
4.746341915874193546e+03
4.329297179322617922e+03
3.548576159182847277e+03
2.661897427755265198e+03
4.996515105989665244e+03
1.270077997438914736e+03
4.381308998704733312e+03
5.185972711271921980e+03
4.616553335710492320e+03
4.936667098948322746e+03
2.673524505700859663e+03
2.457237605972545680e+03
5.293173269804068696e+03
5.272098936453557144e+03
4.255784873399411481e+03
3.435492891559051259e+03
5.344096815279923248e+03
1.777031923572847518e+03
2.110511842662809613e+03
3.283364450849716377e+03
4.477027531993576304e+03
4.364076537905646546e+03
4.496194389346797834e+03
3.647006864698860682e+03
4.667116662323673154e+03
5.424299573183131542e+03
3.979867406145165205e+03
2.348296451097876798e+03
4.691567197675891293e+03
4.942272882624130943e+03
4.082343223261409094e+03
4.713742411967547014e+03
4.902468647856620919e+03
4.927852941566809932e+03
5.363193854107276820e+03
5.250264244162807699e+03
5.328812361317633986e+03
5.383422423116789105e+03
5.322572218458799398e+03
3.932410035297698869e+03
4.830422987535742323e+03
4.650169355099722452e+03
3.238603636430632378e+03
5.309666385848357095e+03
2.205292460282012144e+02
5.494509183283924358e+03
5.440867521331303578e+03
5.015744621647947497e+03
2.823051223499257503e+03
4.968119325747884432e+03
5.265051666122422830e+03
4.436265032101809993e+03
3.883209174734669887e+03
3.951033416812438190e+03
4.069099133043991060e+03
5.299161309918274128e+03
2.775977937123449465e+03
3.237641578177232986e+03
4.783927016585390447e+03
4.791120224935148144e+03
5.351343022061752890e+03
5.332749128586058760e+03
4.994702079258532649e+03
4.927573927857580202e+03
2.182980856016611142e+03
5.355730463093743310e+03
5.365148440008228135e+03
4.389020449642556741e+03
4.057074127016434886e+03
3.206134251305848466e+03
2.132355972013258906e+03
4.345026750515710773e+03
4.009483385206588537e+03
3.954584168298794793e+03
8.864800633946667858e+02
4.985820489114636075e+03
4.424717474772589412e+03
4.063398290352447020e+03
2.300588369242524095e+03
3.751767387369664448e+03
5.263235844227502639e+03
1.806005784328566222e+02
2.364189989722972769e+03
4.421684861180619919e+03
2.320543485633034834e+03
5.333026513626912674e+03
1.246723071485283981e+03
4.895397399018967917e+03
5.114566835309256930e+03
5.042808083874769181e+03
1.400836417303806343e+02
3.710806318901858276e+02
1.953609057757502754e+01
3.154116874911532520e+01
1.766000404456311571e+03
2.554885733357408299e+03
4.343488005201307715e+03
7.647579818560923286e+02
1.326261492186919440e+03
8.909830180543818869e+02
2.458259762987991962e+03
3.527151538831069956e+03
4.604643310255296456e+03
2.847480321424349768e+03
4.813682767844969021e+03
5.291882557459402051e+03
4.747572572548267999e+03
5.086917916722720292e+03
3.893027241845519256e+03
4.069963045811601660e+03
2.885458509528647483e+03
4.744201356616464182e+03
2.744202489077762039e+03
3.820711383508406470e+03
5.029156794204066500e+03
5.059832831838995844e+03
3.827204724869407983e+03
4.120262841408598433e+03
4.773560290801250630e+03
5.187867773078380196e+03
5.602972550137528742e+03
3.455390410450306263e+03
4.551054769806347394e+03
5.458495129162538433e+03
5.412278253325181140e+03
3.502627880456623188e+03
2.376049639271293927e+03
5.315215836953967482e+03
4.264192946096592095e+03
5.017751167930328847e+03
5.478546109316132970e+03
2.886333209764087769e+03
5.390817262535603732e+03
5.031368138343336796e+03
5.683556979516046340e+03
3.578067504336596357e+03
4.655306140016485188e+03
4.766048069076867250e+03
4.916279647302153535e+03
5.392857511121110292e+03
4.643983309594835191e+03
5.437247682057653947e+03
3.883604280271311836e+03
5.715338909832712488e+03
3.873976407499882043e+03
2.523674815954666883e+03
4.164050672679497438e+03
3.200765707915752955e+03
4.012005195499607908e+03
4.519768016721959611e+03
4.623320602661205157e+03
2.024128457081849774e+03
4.050327525681619591e+03
5.594515386749779282e+03
5.390708962286450515e+03
5.491795427441290485e+03
5.671512100431682484e+03
4.126672090186037167e+03
5.518512579544242726e+03
4.285020435886258383e+03
4.943506256413229494e+03
5.653784863736497755e+03
5.524857404086238603e+03
4.704780190886283890e+03
4.544774551521155445e+03
5.403653074977703909e+03
4.298213667577179876e+03
5.574970845016860039e+03
4.940401194612257314e+03
5.121815546172101676e+03
5.603737901744252667e+03
5.689697571247705127e+03
4.527000857335842738e+03
4.995254844494730605e+03
5.470129249115115272e+03
5.104849470993422074e+03
5.719121437000977494e+03
4.853221742320012709e+03
5.555360858060526880e+03
4.743608697270892662e+03
5.457188015850500960e+03
5.291406733325825371e+03
5.007451555367745641e+03
2.130543273518022033e+03
4.279153626985433220e+03
5.438911410724497728e+03
5.617276117976803107e+03
5.071142802059112910e+03
5.453869563860405833e+03
5.617926585835550213e+03
5.502287550706397269e+03
5.804161148740324279e+03
5.442005737251640312e+03
5.423116432146136503e+03
5.277888374521488004e+03
3.176689076732340254e+03
5.675182762784816077e+03
5.762280450371241386e+03
5.135387915223758682e+03
5.523190863386790625e+03
5.642112023503302225e+03
5.142600932968800407e+03
5.797700093929045579e+03
4.947304053250467405e+03
4.057865023938008562e+03
5.708385980566656144e+03
2.016302894421324254e+03
4.256679508994998287e+03
2.048629373912297638e+02
5.737765987191996828e+03
4.951641986284417726e+03
5.516769250101633588e+03
5.700372688759582161e+03
5.449307895786089830e+03
6.434759557953118474e+02
5.299837305142047626e+03
5.826991788402991006e+03
-2.871892368241449667e+00
3.820814283593161235e+03
5.208965295173349659e+03
5.649398378316853268e+03
5.233467429997531326e+03
4.763542616387578164e+03
5.600891668884050887e+03
4.712048345749704822e+03
4.539728788059846011e+03
5.019473831663884084e+03
3.818179759668902079e+03
4.601743298149378461e+03
5.174950292604297829e+03
4.049560283305288067e+03
3.730216219145163450e+03
5.726371449771790139e+03
5.025585980163707973e+03
5.657076739723608625e+03
5.382060384333529328e+03
5.268755056294585302e+03
5.233418139262494151e+03
5.506370420066159568e+03
4.970626983731392102e+03
5.545906363273431452e+03
4.054307721267808574e+03
5.042692886710688072e+03
5.791991644952739989e+03
5.437231232290543630e+03
5.580119981696807372e+03
5.705254543942432974e+03
5.825553071085807460e+03
5.549744387184151492e+03
3.840663021047396430e+00
-1.151667225431690866e+00
5.484588062062297467e+03
5.168947899788541690e+03
5.811469448114118677e+03
5.914744773375766272e+03
5.663152838350983984e+03
2.998561803654075902e+03
5.825846978628105717e+03
5.694540751941646704e+03
5.242456496215784682e+03
5.773362938266318451e+03
5.706168794254661407e+03
4.802484264464545049e+03
5.427633883437672011e+03
5.146555062720663955e+03
4.641035714069775167e+03
5.596603698822179467e+03
4.946570149754861632e+03
2.166279479401226581e+03
5.259748112707657128e+03
5.157461131629150259e+03
5.769876102434560380e+03
5.004830078482315912e+03
5.447944219593470734e+03
5.412808402446762557e+03
1.375507328813040715e+02
5.937242965569976150e+03
5.667037527548039179e+03
5.818508747240569392e+03
5.436800516772816991e+03
5.860483223329818429e+03
5.614610394764446028e+03
5.251477515405625127e+03
5.697386398225475205e+03
5.780280688906968862e+03
5.695034373110964225e+03
5.930620077531158131e+03
5.993558429124856957e+03
1.908596150737162361e+03
3.826610533876274530e+03
3.640374968198220358e+03
2.798097929184167697e+03
2.280709440503874248e+03
1.988630257924738089e+03
4.919111915139365919e+03
5.991383247758439211e+03
5.916786202995450367e+03
4.160293522032790861e+03
6.100128628921178461e+03
5.280874823087307959e+03
2.917727767187010159e+03
5.591133209008119593e+03
5.626308370698321596e+03
5.066329772196421800e+03
5.085940737771065869e+03
5.899876579093485816e+03
4.423651895535862423e+03
6.068788963985962255e+03
4.209480547535951700e+03
6.061435582987654925e+03
5.159569208320539474e+03
4.703445525259341593e+03
4.554315648523206619e+03
4.243199767406526007e+03
5.697753712156556503e+03
3.960048636978563991e+03
2.968073143331833307e+03
3.519758223763322803e+03
4.960932214149090214e+03
2.535774294389831084e+03
5.006871568766989185e+03
4.978109946168658098e+03
3.072260811692035531e+03
5.318702980975964238e+03
5.948293247480344689e+03
4.572811000561455330e+03
6.029096019677161166e+03
4.469892113501110543e+03
5.567998641024621975e+03
4.577158405863677217e+03
5.569198270448823678e+03
1.416868776009935971e+02
5.837703132838070815e+03
4.778655318691433422e+03
2.067110880508168975e+03
5.802072969311393535e+03
4.632549787846565778e+03
5.962068621345139945e+03
3.170708425825227550e+03
3.866994566713810400e+03
3.667090773154931867e+03
4.991690747849729632e+03
3.871756621073275710e+03
6.621960132920295337e+02
5.453972340826327127e+03
1.475763602696277417e+02
6.112369768640334769e+03
5.672608282633942508e+03
5.057717121235509694e+03
4.083649215873851062e+03
4.187695656027764926e+03
4.001877274397756992e+03
1.891479998928570012e+03
3.088531886150440187e+03
5.164503921022295799e+03
3.398897254745769260e+03
3.861446383609779332e+03
4.543213125766783378e+03
5.426397109392253697e+03
5.233037089114473019e+03
3.380637237843895946e+03
6.042979757104056262e+03
4.011458784883742737e+03
1.570102986790937223e+02
3.671827109099284826e+03
3.242921207164480165e+03
5.176983481246708834e+03
3.726097287682805472e+03
6.135673301941985301e+03
2.965496247653697083e+03
4.775036879517642774e+03
4.993826511919103723e+03
4.796387994683102079e+03
5.078427495120451567e+03
4.968082363013601935e+03
4.682606166328397194e+03
5.695884819434516430e+03
2.909726375403974544e+03
5.974462736397294975e+03
4.053958775898697695e+03
3.452730680018853491e+03
4.651896905481667090e+03
5.325791266957330663e+03
5.240279371097244621e+03
5.410515621389715307e+03
5.831119743963159635e+03
1.274890127380469266e+03
5.653748439133538341e+03
2.855582144283798698e+03
6.238394226944556067e+03
5.146457740504725734e+03
3.771456893033342112e+03
5.120141847823899298e+03
5.705735600418883223e+03
3.737954926164319659e+03
5.003913407471713981e+03
4.667409320260260756e+03
4.722566506383494016e+03
5.211047873521028123e+03
5.975498036716651768e+03
5.553677555397099241e+03
5.079123117200455454e+03
5.761416090553232607e+03
5.802269190036940927e+03
5.204578602759278510e+03
2.009930675864185559e+03
5.527726678164910481e+03
5.238854329166491880e+03
5.914422659886095062e+03
3.299224009862641651e+03
3.467800905528969452e+03
4.985433309780322816e+03
5.194145834652594203e+03
6.129858782493633953e+03
5.876797565504883096e+03
6.200313254305179726e+03
6.221049678955371746e+03
4.320893087103034304e+03
6.278204952624686484e+03
6.196705590487266818e+03
5.824156846963475800e+03
5.781784266191897586e+03
6.121164832722535721e+03
5.774834662030154504e+03
5.488567748261161796e+03
5.015345925063587856e+03
5.218615984072124775e+03
3.863534216910057239e+03
4.561814416128527228e+03
4.784331511992493688e+03
3.710782864002242604e+03
6.362555188512007589e+03
5.983471567677330313e+03
5.967813181604058627e+03
6.038452150511099717e+03
6.267478260585903627e+03
4.804186178762460258e+03
6.160342654388337905e+03
6.289992026785098460e+03
6.190039073249162357e+03
2.831546040892734709e+03
2.178953610993360599e+03
6.263775808434113060e+03
6.158108775279705696e+03
4.158763635301389513e+03
4.355169558518433405e+03
5.656915102292970005e+03
5.317862451465683989e+03
6.019354919246433383e+03
4.864424493443991196e+03
4.802113218496743684e+03
2.437186722083447989e+02
3.683922755128722201e+03
6.187066968725666811e+03
6.295795609583286932e+03
6.202294808100813498e+03
5.668027897830605980e+03
6.068276218487718324e+03
2.815619329012314665e+03
5.235678762060711961e+03
6.273992583665723942e+03
6.247395644380854719e+03
5.766620951372829040e+03
6.206336010004260970e+03
5.999696783671352932e+03
6.269704955310025071e+03
6.302569942299822287e+03
6.300520258771378394e+03
6.320363187454836407e+03
4.831472605294065943e+03
2.294067064584891341e+03
4.021025931023790235e+03
6.377379328233132583e+03
4.145508853395233928e+03
6.290648746300534185e+03
6.164268876044154240e+03
6.240799855007327096e+03
6.278312702494329642e+03
6.229629638951887500e+03
6.198476419880918002e+03
6.367301033108678894e+03
5.790292193854807920e+03
6.363667700805727691e+03
3.912575504494858706e+03
3.568458330680929976e+03
4.106977615665820849e+03
5.708398288718530239e+03
6.323417622300359653e+03
5.271210020939642163e+03
6.376742493058005493e+03
6.015891457896712382e+03
2.204187992308734920e+03
6.305335044060333530e+03
2.993375563008924928e+03
5.458967255873509203e+03
5.833370624222492552e+03
8.586782990303471763e+01
5.870713553137586132e+03
6.321896947988637294e+03
5.046232102880900129e+03
2.170993156208188338e+03
6.360456514727160538e+03
5.177248457289862927e+03
5.192315734593569687e+03
6.338970928603254833e+03
5.422852091504779310e+03
6.293051703759012526e+03
4.141970016848430532e+03
5.876736625791142615e+03
5.551609731095515599e+03
6.221731134469778226e+03
3.309028733818791807e+03
3.748974040380774568e+03
1.893383142104477884e+03
4.682264837065669781e+03
1.665965249921799511e+02
2.772980477174413409e+03
6.209560271025790826e+03
6.166226308261134363e+03
6.042653193839780215e+03
2.698317244583437969e+03
6.284935335186242810e+03
5.104934051063921288e+03
5.022553583536021506e+03
6.023317929269824162e+03
6.230648525499897005e+03
5.882791304772088552e+03
6.120723409972431909e+03
6.343992858422727295e+03
6.003974359889592051e+03
4.800081244972747299e+03
6.325833885832582382e+03
6.361031024046243147e+03
5.849369556369185375e+03
4.046987845517938695e+03
3.302734250926429922e+03
3.707509532913697512e+03
6.582525724962954882e+03
5.656747449608856186e+03
3.181998976368750846e+03
2.814477332276473135e+03
6.178981332302560986e+03
5.895548131901842680e+03
4.489054140552987519e+03
5.162249862205952013e+03
6.339868605353715793e+03
5.759709809404939733e+03
5.985307712560881555e+03
6.310508819433003737e+03
5.325453417174888273e+03
4.786213068408533218e+03
3.414908276640165241e+03
2.354894426512862992e+03
5.716349610296392711e+03
6.234018017546482952e+03
2.275362060398068024e+03
5.101141906529695916e+03
7.792276615888306424e+01
4.516127809076970152e+03
4.933685884540115694e+03
6.296619348411995816e+03
4.548483727071614339e+03
5.467691286666857195e+03
6.430907112839891852e+03
6.219154774337963318e+03
6.288327721098924485e+03
6.193762282107689316e+03
4.525691764119561412e+03
5.265127520380720853e+03
4.706968275202705627e+03
3.975598439643968049e+03
5.620704516471005263e+03
5.138421897398048714e+03
5.109364279540941425e+03
4.209389296120119980e+03
5.665683342649649603e+03
3.802619494755129381e+03
6.299190893068136575e+03
4.499557447693193353e+03
4.087719456525005626e+03
6.242896716707638006e+03
3.809071303276991330e+03
2.835322879912816916e+03
3.172703526170679652e+03
2.668637105803461054e+03
9.874718015658670538e+02
2.663027282795289921e+02
1.904460157756944227e+03
2.770618454216849500e+02
2.618411655572767245e+02
1.845352030364534130e+03
2.594997297730826176e+03
5.738667018288605504e+03
3.583839369901698319e+03
3.725637436015028015e+03
2.611245627150259452e+02
6.451770045571742230e+03
2.688785358480489776e+03
5.047952222656055710e+03
4.969955088728738701e+03
2.588339920616070685e+03
5.914630269344856970e+03
