2.535131146866758911e+01
6.816761136497477835e+00
3.737614195967933028e+01
8.077309959282658269e+00
1.222715052588523754e+01
6.083448346624836134e+00
1.034223402252071722e+01
1.524226330643306504e+01
2.818556718450966159e+01
7.184071590869296031e+00
1.843994557039730253e+01
2.077130256086968174e+01
5.239488571673106776e+00
1.434519912598223890e+01
1.114643672820418452e+01
4.449946600273086972e+01
1.259856671338099154e+01
1.023575358481227227e+01
1.545651814805620639e+01
3.795840309532113821e+01
8.769982193557937933e+01
1.258791167746153761e+01
1.362251484841415738e+01
4.325704858945680087e+01
1.252632275048281407e+01
2.988587185026293014e+01
9.761738078570910915e+00
2.025685119651298294e+01
9.776840447642170417e+00
2.007689714063532804e+01
1.326225337832207458e+02
7.439047330399245261e+00
2.002484767228748552e+01
2.468950553282979143e+01
3.847577354024883078e+01
1.072463403069356325e+01
7.435718760295655372e+00
8.623603431706541755e+00
9.900830190594980706e+00
2.475617645824093671e+01
1.135100084375723917e+01
3.983563487711589346e+01
1.328896387306859239e+01
6.820008112132843792e+01
1.832596008916650376e+01
1.533186877201293186e+01
7.912435651653000335e+00
1.477622446215274188e+01
1.863313425762257580e+01
7.562874152819046181e+00
1.158463388764385904e+01
7.903507275117347852e+00
9.535019890786420760e+00
5.294193639062318546e+00
9.379019143795868985e+00
1.144633194895550332e+01
1.348826676497795951e+01
5.991754295076263759e+01
9.289873392101343441e+00
5.559507105285964812e+00
3.007221826118889396e+01
1.490020450003625108e+01
1.281841610810194787e+01
7.899693824289163224e+00
1.129135843653320137e+01
7.847381716335736002e+00
5.275616893240322902e+00
3.049556652927685718e+01
1.083360243564628078e+01
1.034101385766696346e+01
9.492644968368630032e+00
2.176349483755961955e+01
7.075395031935523882e+00
1.003685249494521514e+01
1.818075289726109744e+01
3.666071047325382182e+01
1.130695724355432930e+01
1.289789258382850967e+01
1.367121180300467920e+01
3.923759449233561014e+01
1.651480037502938103e+01
1.050943483138997792e+01
3.273172531263696072e+01
8.736550162135726438e+00
8.772657338610137856e+00
1.219000907408197598e+01
1.188299266709383240e+01
1.054250381826280147e+01
9.068802264113969613e+00
7.987669494284814320e+00
9.204749352162995280e+00
3.733869253510513175e+01
1.325776703266675227e+01
1.731585339657256384e+01
1.272020118908922370e+01
9.948253772264413541e+00
8.103791885609531676e+00
9.774787355583576698e+00
1.520032275522617482e+01
9.180098411276327752e+00
9.984725432365888054e+00
1.708282694274498326e+01
6.131390442891666126e+00
1.592884261144622826e+01
1.289886527112201797e+01
2.049107818892671418e+01
1.022998262099605604e+01
1.982518736589629427e+01
3.979794318505953044e+01
9.110236013778850506e+00
1.089671664577963384e+01
1.017472366822025620e+01
1.076121909157453871e+01
9.936450229541531343e+00
1.072676459748768529e+01
9.339190689089756248e+00
1.337846250267339876e+01
8.697033081744343974e+00
1.478592392501517949e+01
8.149263647765447871e+00
1.197160638536778698e+01
1.393437742362979570e+01
1.036143911779029558e+01
1.167581498133404594e+01
7.017749429094378044e+00
1.324543912286476655e+01
8.213557205643571280e+00
1.433054554809292291e+01
3.111315409579790980e+01
7.616528126511925123e+00
1.254083114500031826e+01
1.365058101030323279e+01
1.229035138029132668e+01
1.226603031988179637e+01
2.328874022760518692e+00
1.328743603065490220e+01
1.986525481641156787e+01
9.523769936611191866e+00
2.142905035325279428e+01
5.406598355252455690e+00
7.422637344936033443e+00
1.475805650904541011e+01
8.394646332022231761e+00
5.798462971380519093e+01
1.152828863753026667e+01
8.451325557823521351e+00
1.855320081995308357e+01
1.062823011171879983e+01
4.505134655526622822e+01
2.097410255393799972e+01
1.138993743402345693e+01
2.738237178112432346e+01
6.895068762134803464e+00
2.268682892222010139e+01
1.267285423427153113e+01
1.814809860006531039e+01
8.643872847313049945e+00
8.241947223088189389e+00
1.237816497781989078e+01
1.385542096001207923e+01
1.385445274491400269e+01
1.428847728879960144e+01
8.552817482155926854e+00
6.777077798029818467e+00
1.039592102293296172e+01
1.115100339150660247e+01
5.251884694566769873e+00
1.458350550081278918e+01
7.652458210150118845e+00
1.052092184284959764e+01
1.149831059958690105e+01
1.878514399266120449e+01
5.410953678135269485e+01
1.074908486966384302e+01
1.136173645413941280e+01
7.226094972948017059e+00
1.235470998572273693e+01
1.886130267836307439e+01
7.050658844581340290e+00
2.314633341786120013e+01
1.958525376496804071e+01
2.253236184319732516e+01
1.103851673338067840e+01
3.316864231284031206e+01
6.546673536555236872e+00
1.107936213274438408e+01
1.274533374594961010e+01
1.014108148282718247e+01
2.322243718982604932e+01
1.045520328463709170e+01
1.378173005078700442e+01
1.002883877017128711e+01
1.940674927116755555e+01
5.978770878884572149e+00
1.527915686243019167e+01
2.166554622332808933e+01
1.079690133775018523e+01
8.616069340735181825e+00
8.916201527827213624e+01
1.103909841434893480e+01
1.783251462024573541e+01
1.113346039605658433e+01
2.553372145051960729e+01
8.453920768376685047e+00
6.537530071459202397e+00
8.419805543043839435e+00
1.959210612214694791e+01
1.370875701650426848e+01
2.690714435737843502e+01
1.091453083406127433e+01
2.328179970823254408e+01
2.216291672664961965e+01
1.335724841157935927e+01
1.338265897626117962e+01
1.414163463139624177e+01
1.214376393338169002e+01
1.521625271886649600e+01
1.828695853816277861e+01
1.235875885063170543e+01
1.947847076283177614e+01
5.746073618733213095e+00
8.822610200752745158e+00
8.360897776490880062e+00
1.088997942856516410e+01
8.848259365146224908e+00
1.228313061881694068e+01
1.366677268334112938e+01
1.377918900582816875e+01
1.248835733715489837e+01
2.037317600550563412e+01
1.745064395176201444e+01
7.062138548645849667e+00
1.079336725142685793e+01
1.138115176100779635e+01
9.581804854209519107e+00
6.122124134757539338e+01
1.145107372091912268e+01
1.277918071454057092e+01
1.485478648002136381e+01
8.433560462603923114e+00
2.065225913311280692e+01
2.871998748925073031e+01
6.206513906320330065e+00
7.515986340990487236e+00
1.640563763760500038e+01
7.692229443437589964e+00
7.571974028140624036e+00
1.026820404911392259e+01
6.256136465075518238e+00
4.214301301953400980e+01
1.656621722131061247e+01
1.315542590172529280e+01
1.623953026004816991e+01
1.172386599998170809e+01
2.168606268602972165e+01
1.721820692515768769e+01
9.059577584153997165e+00
1.622580884229025244e+01
2.061153501852697900e+01
1.288285004248378662e+01
1.417991948106270961e+01
1.092627951336281455e+01
8.460319871364848865e+00
1.912922734092232702e+01
8.508773234597100554e+00
6.379887649612608236e+00
3.343334543972708417e+01
3.541036507413475931e+01
1.064589259994952819e+01
1.220438579641690069e+01
1.491739909690988952e+01
1.230076663385402291e+01
1.597439520495495202e+01
1.916614798684463139e+01
1.365479218680296292e+01
1.737349987422474484e+01
1.724789626758284200e+01
4.140874037194509327e+01
9.134163693888103452e+00
6.876680205375810040e+00
1.263631783769404926e+01
9.110373161151061083e+01
2.728964703907631062e+01
1.059780183669239584e+01
8.644942506918269487e+00
8.040149115109596067e+00
1.261333370579892055e+01
1.528596474583901532e+01
1.285443367314633178e+01
1.579928928197475102e+01
1.226472593379864939e+01
1.288711758057905676e+01
2.135883503808341288e+01
8.426160486043318798e+00
1.969012114532691271e+01
2.984474668308656220e+01
1.182786413976774220e+01
4.735273893982239457e+01
1.321704235984357823e+01
9.371726038294566408e+00
2.686586790079391918e+01
1.245854983963984530e+01
1.210873410421002028e+01
1.112783268339662079e+01
2.887903414366038390e+01
1.689579461903235469e+01
1.217261172876932562e+01
1.077455092853687191e+01
1.812049222494688294e+01
2.472594943591201044e+01
8.931630150289457504e+00
1.920709247034220368e+01
9.539494249808939230e+00
1.562449056466128816e+01
2.989552702584520816e+01
1.028944737674863852e+01
1.916295136516111342e+01
1.187776574183292944e+01
1.202796760239959717e+01
8.944941199554920175e+00
2.874100337436436448e+01
3.667472245538702680e+01
1.049450543656094084e+02
1.158918679431492293e+01
7.738234205262615717e+01
5.904143006493263179e+00
3.599893688469968112e+01
1.283484717424939348e+01
1.577334168457952046e+01
1.133859141317170938e+01
1.112316265202456123e+01
5.378220857509171537e+01
1.503159427876158283e+01
2.426106734096252637e+01
7.789250477332801736e+00
9.889716844885876768e+00
9.861361287722399283e+00
8.135711390623107775e+00
7.916362857939252429e+00
3.265715169640841253e+01
1.153995392325993130e+01
1.631057364373689111e+01
9.616027610080434940e+00
1.467209424293335474e+01
7.766129538841093449e+01
8.489219993314046420e+00
9.990243112987469587e+00
1.178221134396895486e+01
1.198561609865295630e+01
7.561749371440792622e+00
8.490420181023374369e+00
2.824365635269884933e+01
1.359322351426485298e+01
1.746083942825253388e+01
1.708155583288109369e+01
1.341846315944297530e+01
1.016465106739475743e+01
1.026610585319623326e+01
9.106102476392209155e+00
1.715381180443399955e+01
9.462734298338473238e+00
8.219108048828481117e+00
2.288439846132887112e+01
1.239968176700191727e+01
5.156711085201875377e+00
6.091512608478310220e+00
9.453537770880014790e+00
1.368830271957253863e+01
1.101455507032069292e+01
3.031435486592988582e+01
1.020639065674143353e+01
1.827615660573077960e+01
1.874308060310409374e+01
2.406762854037955535e+01
1.360502851723378193e+01
8.979880864089089698e+00
2.279274173082078292e+01
1.069031446429241683e+01
9.401914479491049192e+00
2.010696286470308181e+01
6.000149006614810077e+01
2.659877258793902044e+01
6.487579127983691407e+00
1.660714302465280667e+01
9.843279131454240272e+00
1.352296321710105431e+01
2.708527896566716464e+01
9.389449155874567410e+00
7.853404284235400823e+00
7.467353587011741567e+00
8.944574093487830169e+00
4.077614056817058952e+01
9.532515198168150405e+00
8.787875453031603001e+00
1.329274013735265036e+01
2.042413937480085906e+01
2.185612835823400957e+01
9.275354560616529298e+00
4.252257890585235600e+01
1.279532888169988603e+01
1.734476615405768030e+01
1.696203990376860560e+01
1.616512209396250555e+01
4.039273552727195238e+01
4.179931018781448238e+00
9.733949578316618556e+00
2.168773308002139544e+01
2.648706981074488809e+01
5.144562717341165126e+01
2.136481985379639070e+01
1.296014479833120880e+01
1.044173193520111909e+01
1.695487397765759852e+01
1.122605506575633605e+01
5.573550358497194424e+01
2.628297512992388718e+01
2.380814825978489679e+01
1.863930211977815077e+01
1.527477639095210904e+01
8.946032100493063410e+00
1.075393911595415908e+01
1.087583916809274420e+01
2.155601279565107475e+01
9.578034473536906290e+00
9.087167619158378784e+00
1.135430717280682700e+01
6.353014432855880500e+01
2.579793008215630934e+01
1.243849641639518921e+01
1.647936264983077592e+01
7.586012126427016611e+00
9.756005808005555835e+00
1.133314711338600489e+01
2.341468153089318704e+01
3.271919607919188167e+01
1.234385176333094414e+01
3.160148695876124947e+01
8.476989424672444429e+00
2.709118389477989552e+01
1.145365128974688851e+01
1.291355446185717426e+01
2.211641800151343773e+01
1.272814228157635874e+01
1.375464727598885872e+01
1.192035531775103863e+01
8.237560565965997839e+00
4.324428704198625439e+01
1.581147909311490274e+01
1.337337676275136822e+01
6.480396552035344371e+01
8.123010522814315237e+00
9.946273236748488955e+00
1.145878317125610479e+01
2.470696792522718610e+01
1.976530970799322162e+01
7.500810122615386888e+01
3.985920586375790720e+01
4.296533593260128470e+01
4.123830875476550517e+01
3.984833812028416133e+01
3.879711971616451649e+01
3.897369462793995609e+01
3.864369695929482162e+01
3.865452733405512475e+01
3.836082349822196136e+01
3.888537245673420273e+01
3.886939624457471609e+01
3.720784889136733398e+01
4.032694173705428398e+01
3.888004913112474270e+01
4.011966693769335279e+01
3.825611521243746438e+01
3.837056991280434204e+01
3.864388974200171845e+01
3.823880823479684210e+01
3.865886592757895102e+01
4.066849889905173399e+01
3.892643006518371607e+01
4.005505896762616658e+01
3.836483370463206199e+01
4.019664008802365629e+01
4.007664628368912929e+01
9.709420350329416749e+01
1.204757113850747317e+02
9.114504409083163239e+01
8.948255017355351981e+01
9.333955334714306673e+01
1.008275661961368428e+02
1.072656438224762923e+02
1.149850367258054291e+02
1.424664862072553717e+02
1.595161756337483325e+02
1.601705265665330273e+02
1.774214909542440637e+02
1.738236490219255757e+02
1.634891794966149519e+02
1.389733664399154804e+02
1.483048671234637652e+02
1.171153179499168289e+02
1.265015366625729740e+02
1.322035134597119850e+02
1.457338377268016814e+02
1.435668005318925111e+02
1.975067971376163030e+02
1.633029089495391020e+02
1.576263247154186899e+02
8.507927572931004434e+00
1.692848244188892863e+02
1.754835251097166804e+02
1.649963048350215615e+02
1.388923191484153392e+02
1.751758775466868485e+02
1.680174673197371646e+02
1.669658716602083359e+02
1.853779712405544444e+02
1.853129464371463371e+02
1.777454464224925346e+02
1.922193735968367321e+02
1.346682411400993544e+02
1.379848542792612704e+02
1.709589637360371626e+02
1.927019901913500632e+02
1.955861440148376857e+02
2.069058306169416142e+02
2.050037945105016490e+02
1.921103551939141028e+02
2.021323089750888755e+02
1.928914582521482828e+02
1.766315959180680011e+02
1.965699432563907862e+02
1.955128271017135546e+02
1.935066072262918340e+02
1.889457485154416929e+02
1.987795373977893405e+02
1.922124742443640173e+02
1.879070383138878810e+02
1.847073257596425719e+02
1.892251489863560892e+02
1.879931398360080266e+02
1.899761732851346494e+02
1.893745255153711184e+02
1.894670344832848912e+02
1.952992149868773595e+02
1.936810203884083705e+02
1.905360124858598283e+02
1.972020765828488322e+02
1.953844873519229282e+02
1.953859922629608832e+02
1.958734221760700223e+02
1.973230635253484309e+02
1.933489992662556460e+02
1.901423944177050487e+02
1.913709430533624527e+02
1.884435971478661713e+02
1.818599266932082799e+02
1.848455619193774453e+02
1.801841420267534204e+02
1.811287635527566522e+02
1.844893758547479763e+02
1.846451419394909408e+02
1.876083320789908839e+02
1.873159806002252878e+02
1.913383844186999170e+02
1.914143367688246258e+02
2.002151370673964834e+02
1.913112197266367787e+02
1.984351217867739763e+02
1.947926964899930908e+02
1.960265656522147140e+02
1.933593145650356462e+02
1.941072682404801242e+02
1.837419395170686016e+02
1.870493117355647996e+02
1.858331928972510241e+02
1.860087236456162429e+02
1.872769349906342029e+02
1.855253351260405452e+02
1.853041465360690268e+02
1.856657284713555498e+02
1.851529653559374822e+02
1.871347678290904923e+02
1.863068692177640742e+02
1.892014455365584240e+02
1.850880738233684610e+02
1.941002630286707529e+02
1.950490123175055999e+02
1.918917161065664914e+02
1.863791133852883490e+02
1.882479293463754857e+02
1.881959921619270233e+02
1.902411514687532019e+02
1.886408125941420053e+02
1.926918895633091324e+02
2.002459913036192631e+02
1.956854837169267682e+02
1.951760490524782199e+02
1.886810953597565117e+02
1.936660161724193472e+02
1.968190568546752104e+02
2.026648884003383841e+02
2.012377679164627295e+02
1.980441934548095446e+02
1.853705233756312509e+02
1.871849546086612577e+02
1.894887630523470818e+02
1.955287953142469632e+02
1.973316262062477335e+02
1.957457090875582537e+02
1.947644249755099111e+02
1.905608963137806597e+02
1.947930819018070565e+02
1.939469245392495793e+02
1.922071885200651877e+02
1.939504988648427570e+02
1.960824334084212239e+02
1.941090410157471808e+02
1.976658999498869207e+02
1.945235806924524411e+02
1.945582867014969395e+02
1.814704134023629933e+02
1.864824906661998511e+02
1.887846567985878039e+02
1.842881949305800333e+02
1.857502986585899123e+02
1.983317416024655984e+02
1.909384329202169965e+02
1.947636368191007534e+02
1.923893861856213050e+02
1.841477309151390216e+02
1.795198406656022314e+02
1.790084771178812559e+02
1.752269915296903662e+02
1.796584128354026859e+02
1.824593981462279828e+02
1.794253053731700049e+02
1.750813768920876328e+02
6.084839627777269300e+01
6.045902972324778091e+01
6.244389287991548088e+01
6.022841012724136789e+01
6.322967372736428615e+01
1.916817342109694948e+02
2.199345063889892060e+02
2.020069680234720693e+02
2.291856458441322104e+02
2.265523028005853234e+02
2.230005268406394805e+02
2.168852337641608585e+02
2.190889153921070260e+02
2.169231440452140873e+02
2.092641222729722017e+02
2.101769764381317032e+02
2.210830755880411402e+02
2.199375177956917184e+02
2.127013891740970735e+02
2.166608776003404273e+02
2.204775366732019677e+02
2.302439199509695982e+02
2.248172852409722395e+02
2.238877599941620531e+02
1.053918600432019446e+02
1.194787626837866696e+02
2.372126729286030411e+02
1.329289376454037210e+02
9.491800400183763031e+01
1.105397064947418073e+02
1.070725256094326880e+02
1.177059045522228331e+02
1.296739181179917750e+02
1.241057186016387419e+02
1.416526995445723287e+02
1.123726170444668497e+02
2.014091125182698363e+02
5.295475116696776468e+02
1.044608265362260454e+03
1.041058158362076028e+03
4.455265075349455515e+02
2.327013973615719635e+02
2.539130149701390735e+02
1.324915879579424143e+02
1.184136255992233231e+02
2.474952851034847257e+01
9.064985372412411380e+01
1.340027155038104070e+02
1.113121306330735507e+02
1.085841135394642833e+02
1.275865706830374222e+02
2.206977023871494836e+01
3.575026085947168326e+02
3.644233788251191868e+02
6.295698228208206046e+02
4.523235159191038974e+02
9.489602936591793991e+01
9.119168589390851309e+01
9.460640719722430276e+02
2.224417446848721625e+02
2.560674013440309977e+02
2.075563712651966739e+02
3.158030640767590285e+02
2.795049305858981938e+02
6.850985230395557437e+02
3.331419918824625483e+02
2.235711237667445630e+02
1.442788177510538787e+02
1.559108457135687900e+02
1.134581516521031688e+02
5.858489703510312552e+01
5.682348060766700115e+01
3.130380139400907638e+02
2.372740791268355736e+02
9.423752924996983893e+01
2.858588291612352350e+02
2.575419374711419209e+02
2.644507677735568336e+02
2.374166800529351349e+02
2.665029910850998363e+02
2.638042919970492335e+02
2.449501762143767962e+02
2.456655899793885567e+02
2.207066676562249938e+02
1.992718668158561002e+02
2.111524350120618010e+02
2.037418164192407914e+02
1.909143032292704447e+02
1.977192783943867767e+02
1.935231528713835587e+02
1.150054756451368405e+02
1.880913359156994886e+02
1.860158227579933339e+02
1.936976478740503467e+02
1.903661985025220815e+02
2.035622150228740566e+02
2.044974046216912598e+02
1.966403036172609688e+02
4.119245273284410302e+01
4.792825824030148141e+01
3.608334845122132606e+01
4.202133901144210881e+01
2.402107356578360964e+02
2.455799924587989267e+02
2.694810379203939306e+02
2.545201126003473746e+02
2.275078054032809973e+02
2.428094687077619085e+02
2.311423163800156146e+02
2.278880824153690980e+02
2.345825663024118626e+02
2.190984715616569360e+02
2.115700790808229499e+02
2.198820686300217915e+02
2.089282444541001098e+02
2.138901132832837675e+02
1.884495625671106325e+02
4.940305049726272557e+01
5.613489806518020941e+01
5.553071919208310447e+01
5.713234418017653127e+01
5.172623176246057142e+01
5.174672348251072407e+01
5.155237242251238428e+01
4.973662879469353726e+01
4.982514383620907950e+01
4.518057253218174907e+01
4.617534208444276800e+01
5.080918855272550161e+01
5.113161551844068953e+01
5.470194548046167426e+01
4.926146453420257387e+01
5.152846276162802042e+01
6.091979067695942973e+01
5.341274048946787900e+01
5.573734491740036390e+01
5.412888831481357244e+01
5.333262237417419982e+01
6.182153496771695700e+01
1.677027813397674549e+02
5.134881421911825328e+02
2.425060483421062827e+02
3.934550286772184222e+02
2.738458625482863340e+02
3.419645361739829355e+02
3.266221923779459644e+02
3.047734089491475515e+02
3.226559121995579176e+02
3.379605523038086403e+02
3.039795511434572290e+02
3.363739901090315811e+02
3.860318580818633905e+02
5.236296018077650842e+02
4.136545119944920543e+02
5.489896084018943156e+02
6.000437980484576883e+02
5.790501667777444936e+02
2.728306975141462090e+02
7.438842031473009229e+02
5.939356872808092476e+02
8.474636327221757881e+01
3.169662636461789020e+02
4.034954284218965199e+02
4.128207593481933486e+02
4.471635124606902991e+02
6.134120337264631644e+02
1.727782610275269235e+02
2.404231607410932270e+02
1.202374971939316310e+02
2.902596774874018024e+02
3.324653966045529501e+02
3.226831088298577583e+02
2.502178887998254595e+02
3.220717644654787364e+02
1.825308155137939252e+02
2.669780262197539855e+02
1.613635462941062428e+02
2.349524285102248768e+02
1.312554234484287861e+02
1.493055743375390705e+02
3.713748653846684533e+01
1.314155036816823952e+02
2.496566196424930126e+02
1.415574088982496050e+02
1.839046302322074666e+02
5.686222096681933635e+02
6.429799816737246374e+02
6.703024935178001442e+02
4.265357801017833594e+02
5.692371903701642850e+02
2.849110213149409105e+02
4.681407547378606750e+02
5.203960489937434204e+02
5.427397450278331235e+02
5.646585685061395452e+02
9.286572659851462674e+01
6.210240840477140409e+02
6.100637779803569174e+02
4.923587991812084397e+02
6.082169848068959936e+02
1.107703186854596140e+02
6.102709085641098454e+02
6.181656844750556274e+02
3.016067736517256890e+02
3.230189146745770472e+02
6.119182406859674757e+02
3.779875015524631863e+02
3.275923524487909049e+02
4.190370246699715153e+02
3.050302767192387137e+02
3.350935633222497358e+02
5.403272218312314408e+02
3.171487705772964887e+02
1.768521857910975825e+02
1.673747797451196391e+02
1.732126380449870169e+02
5.501086964068343832e+02
1.713125650195414380e+02
3.137200822583467357e+02
3.179106588722504512e+02
4.273223629079441821e+02
4.544560276259850298e+02
5.424217833441092580e+02
6.231811579039707567e+02
6.279901175823491712e+02
9.212925749460671909e+01
6.232863544167357759e+02
5.538992833396861215e+02
5.569208776862450350e+02
5.912307870053838315e+02
5.984845946007266093e+02
6.444562906814601320e+02
6.100372897849986202e+02
6.053598597621279396e+02
6.015787940825809983e+02
5.949498262060861862e+02
6.162898643332765687e+02
4.262402088868255987e+02
6.020593853343987121e+02
6.082456413390608532e+02
6.139376575143952550e+02
3.871747530645667439e+02
6.366290389277819486e+02
6.445014382417095931e+02
6.122806156587896567e+02
5.366925389388271697e+02
2.706870256836566568e+02
3.643097500305195240e+02
4.686199254447561771e+02
3.488342847499441746e+02
2.612640394959463492e+02
4.817998211612524528e+02
5.257599854021581223e+02
6.343499515755316907e+02
6.210596362810576920e+02
7.447812066667322597e+02
5.944669830683806140e+02
6.413749457491204566e+02
4.906712940985669320e+02
3.810981475533396861e+02
5.664334439917053032e+02
5.221081359470910002e+02
4.139004906422575800e+02
4.666678936797029564e+02
5.994611143268950855e+02
4.900939255532667858e+02
5.096488880379324087e+02
3.844779942002116400e+02
2.303147640325558143e+02
2.882554374648225348e+02
2.721406264704142473e+02
4.686668802033210000e+02
3.292170594767554235e+02
3.162335820605816252e+02
2.530585181450464916e+02
5.834729019504718508e+02
3.465892918476390605e+02
2.587069123365889141e+02
5.211166094374066233e+02
5.765513125012712408e+02
2.693348755359871234e+02
2.900522629808155557e+02
7.865463035689932667e+02
3.423295585111628156e+02
3.595236259474224312e+02
4.143665782556172985e+02
2.267073940339069225e+02
3.441914328529517775e+02
6.804779456819481993e+02
1.091872128340214658e+02
5.332938220670180272e+02
5.890030852386065590e+02
9.745457908477925457e+01
9.708403332890080151e+01
9.892571301344376877e+01
1.001549147162582045e+02
1.123856384846635450e+02
1.012351400888334894e+02
1.054164196292229150e+02
9.409824939332169436e+01
1.138739223998159531e+02
1.159887313508670275e+02
5.497331534107419202e+02
6.570609212055850321e+02
5.654564111250527958e+02
5.083036352311065116e+02
6.801303374227110226e+02
7.207332785385159468e+02
6.466013803663977342e+02
7.717308572158183324e+02
5.718448050280743473e+02
5.400623439035842921e+02
5.443198374525047711e+02
5.605952127584633899e+02
3.249729765302915894e+02
4.547726935891447511e+02
3.135028211790196906e+02
6.609287188166752003e+02
6.770417362601010609e+02
7.292376704473983864e+02
4.192207894507635615e+02
5.045900494573130004e+02
2.944684230929318005e+02
4.958478541337323122e+02
5.552304513362281568e+02
7.623282404785466042e+02
7.776625699845886857e+02
9.156368183082536234e+02
6.953055681736512952e+02
6.552573148634584186e+02
8.329008610771437588e+02
6.469078406310535456e+02
7.817521563809281133e+02
7.260789919756980453e+02
9.781273616991880999e+02
8.317960955902540263e+02
7.698864724899925704e+02
1.522811675799488739e+03
6.546991199980221836e+02
7.341535282310674120e+02
7.725944641156893340e+02
6.646669733192447893e+02
7.143162424956097993e+02
5.636092182422984251e+02
9.599067623839531507e+02
6.556929583692415235e+02
5.148511764569050229e+02
9.893516167997090633e+02
1.003412104407135075e+03
7.371253740858008996e+02
6.350293278035306912e+02
8.071854783863694820e+02
1.084711088692869225e+03
7.514885752758725630e+02
1.537056904348626631e+03
6.955183434597659016e+02
6.548456670274244971e+02
2.877613984079784473e+02
3.482211293617235128e+02
2.795125198880671746e+02
5.821663603838187555e+02
2.408191207353223433e+02
2.599521455453561884e+02
2.500839815287803845e+02
1.971028964837901469e+02
4.885896516908034641e+02
3.583344530769857101e+02
3.123041283101650265e+02
9.503154390510295570e+02
6.022213678827571357e+02
1.124861991390201865e+03
5.062323023376317792e+02
6.351526132430385587e+02
7.304064974999718061e+02
5.769251851185628084e+02
5.853479642236477503e+02
4.898384721488900482e+02
6.522144814400242012e+02
5.884648120057585174e+02
5.813380769265606887e+02
7.365915791816067895e+02
6.038805979026415116e+02
6.260285392227179955e+02
4.470914646432447626e+02
5.850090440350255676e+02
7.329147352383553198e+02
4.622436734179270275e+02
7.315528332986930309e+02
4.346351780646680822e+02
2.543779349018753067e+02
3.190277939126951310e+02
2.210038309929292950e+02
1.890459671025738828e+02
2.516961351443809747e+02
2.667594796538748483e+02
2.910479394287795571e+02
6.689601927678731954e+02
3.993687164242892891e+02
1.138468851128219285e+03
5.156618406956501985e+02
5.698707759075780359e+02
7.440088574805940880e+02
8.842671306841549494e+02
1.021218110927427006e+03
6.596273315928553984e+02
8.197074996977262344e+02
4.183126070692044891e+02
4.648407279933497875e+02
6.586598716790929302e+02
5.863624114840027914e+02
7.016819283771194478e+02
3.808734246411181630e+02
7.275823085833596906e+02
6.235181578479930522e+02
3.710613428109536471e+02
4.999815511969999875e+02
4.934555740979035363e+02
4.107691000466364812e+02
4.584104543514654893e+02
7.230108017544710037e+02
1.102781997039905661e+02
5.299256550127853416e+01
5.160949374994551420e+01
4.541932210598821484e+01
5.599827338504401268e+02
5.820209738061867029e+02
6.743391651116891126e+02
4.840235037945755607e+02
5.299112220416366199e+02
4.961314705289503308e+02
6.531731658368323679e+02
4.036265599487174427e+02
4.972838845533728431e+02
7.071145702666897250e+02
3.167446722003143122e+02
5.236613216979684466e+02
6.064366039912200677e+02
7.247879834364927092e+02
6.612647626692121321e+02
6.877740191604621032e+02
4.966810156118848454e+02
7.130720760364825992e+02
7.141024296144518075e+02
6.608380166665755269e+02
7.034117951702609162e+02
6.521862807976383465e+02
6.915118777220289985e+02
6.918080040834219062e+02
7.166264609236220622e+02
7.333566980156655291e+02
9.859259615302978546e+02
1.954600005303055468e+03
8.395582835776973525e+02
7.540137711406082417e+02
8.760383877240437869e+02
1.139094255063058881e+03
1.179161347439866177e+03
5.795123741099974950e+02
5.251055612663332113e+02
1.051123540960618584e+03
9.055742865183204913e+02
1.019956383228558593e+03
9.321985118565168023e+02
1.056171775679044913e+03
9.931920991831772199e+02
1.883704088615429100e+03
9.240854944068483974e+02
9.176736810224505234e+02
7.643419323991803367e+02
1.380112013452822339e+03
8.878927455990624367e+02
1.609656454902838504e+03
6.014700629611886598e+02
7.150682447729043361e+02
1.008282243188550979e+03
1.024660174459777863e+03
6.261400007116394590e+02
6.203863767158709379e+02
6.146423405849081973e+02
9.549274207440275859e+02
6.563220632670795567e+02
6.590765635692290516e+02
9.288034100397051134e+02
6.502214482491236822e+02
6.202969145225357579e+02
7.995538259314780305e+01
1.018429738307097068e+03
8.565652062267145084e+01
8.322075463359088587e+01
7.929736609284023530e+01
8.895189022636602658e+02
7.253221152384953712e+02
6.780765157394193920e+02
1.215582061910845596e+03
6.658488127155113716e+02
1.745450478143540920e+02
3.899196918664024025e+01
4.199893603921044871e+01
6.141187044742545140e+02
4.242228613520977376e+01
3.859976910242563264e+01
3.681364400916420720e+01
2.805636138906862698e+02
6.398936114838270441e+02
6.810042343770408024e+02
9.453735477173968320e+02
7.472280712119119244e+02
6.492408656134982721e+02
8.878442493139132239e+02
8.063652348589509984e+02
6.756309416615285954e+02
3.101733358193097274e+02
7.526041015091276449e+02
1.125181199111739033e+03
7.221594001003572316e+01
6.919104885907781011e+01
8.456364175843609701e+02
1.136073011232187355e+03
1.239455991057622214e+03
1.025386236164133152e+03
7.739729208249747217e+02
9.598571642447926706e+02
9.350331243121074749e+02
1.166359479903174588e+03
7.329257258168632916e+02
6.596034706767933358e+02
9.968574779279767881e+02
8.254177405215347108e+02
1.121315202117310037e+03
1.143939581374660293e+03
7.451689532722116383e+02
9.185616879372994390e+02
9.279698978929123996e+02
8.183172584547838824e+01
7.498310373579984400e+01
6.851853535475670469e+02
2.421507550099448963e+03
6.105146948085766780e+02
8.417370311573594108e+02
7.973323871463145451e+02
1.164518391250350987e+03
3.982991790132526262e+02
6.562707112233844100e+02
8.513498599918279979e+02
1.078997595417659568e+03
1.002744153277226701e+03
6.909418526647041290e+02
1.333846306653726970e+03
2.126018074053424698e+03
7.422282822794334152e+02
1.610124277312509093e+03
1.126303856214977486e+03
9.660538837397514271e+02
2.416721228874461758e+03
3.262666804666810549e+03
7.209719284034434850e+02
7.390246848438741836e+02
7.522077183622538996e+02
2.358021446294080192e+02
2.401530798055474634e+02
1.215371506754055872e+03
1.009691822535864389e+03
5.967454552475577430e+02
6.916433210255536324e+02
8.769803780866067200e+02
9.581215509897305083e+02
8.983156597282571738e+02
1.171632489228622262e+03
7.063263348413896665e+02
1.985376093649507538e+03
2.921851114676831457e+03
1.613252366307166767e+03
2.424547603600659386e+03
9.480317902614938248e+02
1.543219022762667237e+03
1.281662367167111825e+03
8.485068921574146543e+02
8.889544552435578453e+02
1.273238645321524245e+03
1.075146827304042745e+03
2.032399500558045247e+03
1.083313809656950980e+03
2.356699650859497524e+03
1.044086681327195265e+03
1.166620876074169473e+03
7.573315223712080524e+02
6.108346569380156552e+02
1.205486043290095722e+03
9.056855786150453014e+02
1.334208702671397305e+03
1.083157797359011738e+03
1.027327717703909002e+03
1.640312168417633757e+03
2.190107768835043316e+03
1.082574259396141088e+03
1.168799755075383246e+03
1.318731496285496405e+03
1.074123375415091232e+03
8.857473067753462601e+02
1.289267394457567434e+03
2.412185989785612037e+02
9.876957621754637557e+02
6.970358111908774390e+02
1.503180572152299646e+03
1.090408644840113311e+03
1.132139052687145750e+03
1.093377260852665358e+03
1.289420515514322233e+03
1.760741310117745115e+03
1.115344467026417306e+03
1.410984822078132083e+03
1.558976377365743701e+03
1.026967207139434777e+03
1.422500849361314522e+03
1.074674765520764140e+03
1.535362180380725476e+03
1.329198923250595044e+03
1.913276283254358987e+03
2.214432731288490857e+02
2.216900385708895271e+02
2.557328848113588265e+03
1.705454754768048360e+03
2.131092208542540618e+02
9.075866913962695435e+02
1.006816562016766738e+03
1.954395476418932049e+03
1.648002403304032669e+03
1.225235389509932020e+03
1.368135395562519307e+03
2.313721222626497365e+03
1.018032753454707063e+03
1.355718608650569195e+03
1.567818206722962486e+03
1.372006310746611007e+03
1.075594161894299532e+03
1.383350781763599343e+03
1.486804328306543084e+03
1.091561570962298219e+03
3.543656566101951285e+03
1.287418804406333493e+03
1.693937445158779610e+03
1.514274543446980488e+03
9.822140475711164527e+02
1.692334497113037060e+03
2.610824993211776928e+03
1.938650756727302905e+03
1.007909143560959933e+03
1.946930940358797898e+03
1.667491438767261798e+03
1.572515185559114116e+03
8.024893817232479023e+02
1.496275264049872703e+03
1.383865380350100395e+03
2.628640552925489828e+03
1.293837902250758589e+03
2.109469647551396520e+03
1.058959288358908907e+03
9.528731348054412820e+02
3.696017540723794355e+03
1.375036832359952768e+03
1.084452919571366465e+03
1.322177579292837208e+03
2.072975897860687837e+03
5.583118760040487132e+02
3.139526209482143258e+03
2.968330053239169956e+03
2.937118327278818015e+03
3.344941021859910961e+03
2.785099170174644769e+03
3.624143386485133760e+03
9.633453190717369807e+02
3.548538718892850170e+02
2.357315569641086768e+03
1.988134723055285122e+03
3.547449275219415085e+03
1.441908750876734985e+03
3.043421632878528726e+03
1.092234160646613873e+03
2.384065331799980868e+03
1.102071552548188492e+03
1.263483397460511242e+03
1.175577461514820016e+03
1.283272357011672284e+03
1.745307042286272463e+03
9.838935142627376536e+02
1.303774029550065507e+03
1.731175631378370554e+03
2.316427205459651304e+03
1.815453230949245608e+03
1.423169914552580849e+03
1.867408347338026942e+03
2.736614192974652269e+03
2.885793553664352203e+03
1.257427676705435942e+03
8.988906034002554861e+02
1.018405291432205445e+03
1.107479512394414769e+03
1.252338390236549685e+03
1.848900059598984399e+03
1.189326886165222732e+03
1.266708972903643826e+03
1.084590311650825470e+03
1.439511071766172108e+03
1.317458645168970406e+03
1.446268520536141523e+03
1.655910408465704904e+03
1.284443946670938431e+03
1.315283785579351161e+03
9.839046361966959466e+02
1.417285061966913645e+03
1.661884575703395967e+03
1.568880290622214716e+03
1.497836324030650758e+03
1.757611249980094726e+03
1.224311789679738695e+03
1.152613880907659905e+03
1.290418212624291982e+03
1.093327171404584305e+03
1.954507270964614236e+03
1.064047190531468004e+03
1.304299993104788200e+03
3.646003783222674429e+03
9.843113093923745964e+02
4.601639070356402073e+01
1.683354999199966187e+03
3.599867695606245434e+03
2.175510153202725121e+02
3.626735443060740636e+03
1.255936037996869572e+03
1.287468965007222778e+03
3.485676196518247252e+03
2.824449742210654222e+03
1.787482012620817386e+03
1.573213644792613422e+03
1.473973941127249873e+03
3.622861054974711351e+03
1.978923095186374439e+03
9.300710071659376581e+02
3.610308179151578770e+03
8.950065361172014491e+02
1.252840362813240745e+03
2.269076988485805941e+03
1.526576584570152818e+03
1.105249367491328940e+03
1.479063013883241638e+03
3.661432126988966047e+03
1.222780255504954994e+03
1.955688371879930855e+03
1.331866318171312741e+03
3.572374861855203108e+03
1.114456833542552658e+03
3.533211326884196751e+03
1.046699574741455081e+03
1.430302459181057657e+03
1.118242735333519022e+03
9.947526666709587744e+02
2.652426432233937248e+03
2.157735927181082616e+02
2.121173778662523546e+03
2.280229139537127026e+02
5.962110300697455614e+02
3.565050000572372483e+03
1.145288649925825894e+03
1.046655237603974228e+03
1.050777867771938418e+03
3.614835848217341663e+03
1.085763031458633577e+03
1.578499359412498734e+03
1.030440948095015528e+03
3.336968746765118681e+02
1.166187889339197000e+03
3.569201414052708515e+03
3.639691568742464369e+03
1.200922508915827848e+03
3.586695818474312091e+03
8.151231665192407263e+02
1.165622895881511567e+03
3.575133888823885172e+03
3.249717969131062091e+03
2.732249501531744954e+03
3.583845094604962014e+03
1.739094875368594558e+03
2.706742314546927446e+03
1.210374701857449736e+03
1.762163888563127557e+03
1.088706836270094982e+03
1.610416347445709789e+03
1.435334551266763356e+03
1.546478611507871392e+03
1.639001564820404838e+03
2.864786122366754171e+03
2.597532074785237000e+03
1.169651252514948510e+03
1.217386677164212188e+03
1.458162096425669688e+03
1.109615457630238097e+03
1.947089682658340507e+03
5.550720682316961074e+02
2.659748486818273960e+01
1.148550237403898791e+03
1.223286956302468070e+03
1.414433875817202306e+03
1.583876431884113572e+03
1.116768114092995802e+03
1.268407742888801067e+03
1.070458457576945648e+03
1.978749766036888559e+03
1.414228458259596891e+03
2.740027736048339193e+03
1.442708613631385333e+03
2.250250516691797202e+03
1.489041426387870388e+03
1.095386384627274538e+03
1.728929476529868680e+03
1.179803368767505162e+03
1.594508398484823829e+03
1.379280974076732264e+03
2.506415184731189129e+03
3.095617684137457218e+03
1.222040697052579844e+03
1.947270837899725166e+03
1.340833359808394562e+03
9.873057365928112858e+02
1.417718688986993357e+03
2.359225199896593040e+03
1.573083493333080014e+03
1.442512096281248205e+03
1.041044492171091633e+03
1.233609514761900527e+03
9.853521123385262399e+02
9.407399044182367334e+02
9.547948870310315215e+02
2.573009007929275413e+03
2.892699567462479081e+03
2.015490498204361757e+03
1.317066300346083381e+03
2.853294358176719925e+03
7.553146695590635318e+02
1.151028855573654027e+03
1.151880150977634457e+03
2.274031215655737014e+03
1.250388636986115671e+03
1.103956288609264448e+03
1.227871896232131576e+03
1.098918873954748051e+03
1.413399347862701461e+03
1.477937532230065699e+03
1.409373685134099560e+03
1.325098220976219181e+03
1.423727520394955945e+03
1.038625536057363433e+03
1.454542821396323689e+03
1.369356006298927241e+03
1.372186666367565749e+03
1.262004098712166751e+03
8.897246158650915504e+02
1.167266870592296300e+03
1.236731316631134632e+03
1.396801748429853433e+03
1.387611734503699154e+03
1.082684891887321101e+03
1.728808960257625813e+03
1.077203542505450287e+03
1.053546818076125874e+03
1.489934693942429703e+03
5.840650186282025516e+02
9.736405768674954970e+02
1.363259884203479260e+03
1.080933341420889747e+03
1.888833549447872883e+03
7.500135203357722276e+02
1.331266254649746998e+03
1.236346345896084813e+03
1.986640519852228181e+03
1.325731622063852910e+03
1.386772409406533598e+03
1.495886935429075038e+03
1.600970799757197710e+03
8.835281983949893174e+02
1.746928937373489589e+03
2.637935887053240094e+03
1.209244357427205841e+03
1.901490566141960699e+03
1.336107976740110189e+03
1.270144204560215030e+03
1.319729211471057624e+03
1.044857250713395388e+03
9.487846916113592215e+02
1.939925422567296209e+03
1.679437388351085247e+03
1.205441161314809733e+03
1.527335025253423510e+03
9.394431524253749330e+02
1.047600353690496149e+03
1.269111654917594933e+03
1.214197586296565078e+03
1.366512259896818932e+03
2.889746526149429428e+03
1.013027119648799044e+03
2.169347779936356062e+02
1.247593842542660923e+03
1.024053689941184302e+03
1.873227564827988317e+03
8.560218390867615881e+02
1.067716496103061445e+03
1.554577703713516485e+03
9.218434747648963139e+02
8.538165446686058431e+02
1.274466536715798384e+03
1.309329829815485255e+03
1.840428421266550231e+03
1.259043611259918180e+03
1.348883939390204660e+03
2.631153553730778640e+03
8.537341363252550082e+02
9.864684621160367897e+02
1.094954950626656910e+03
1.056666906231820576e+03
1.461576281058605218e+03
1.197019515571433885e+03
1.300805997297079330e+03
1.612551556236989200e+03
1.372955521733920705e+03
9.360384864472435993e+02
9.525117090624355569e+02
1.349925016519998053e+03
9.317184635252353928e+02
1.121940770837301898e+03
1.103104955060714246e+03
8.450851096564125555e+02
1.312391228065177529e+03
1.336123884668559640e+03
1.063645146868132997e+03
7.494666999127551890e+02
1.195946151371298129e+03
1.396087448957577180e+03
9.796737694530023646e+02
6.910941403872208184e+02
1.301746550221707821e+03
1.071833855143433766e+03
1.095496470159750288e+03
1.359662283002716322e+03
1.088032878946469282e+03
1.350513088282282524e+03
1.266715453314941442e+03
1.038219427015696510e+03
8.886601892566569632e+02
1.540074608089170397e+03
9.034613407127247910e+02
9.557964266141379994e+02
9.068824153349698918e+02
1.255319847810100782e+03
1.393815145078424393e+03
1.003029899128255920e+03
1.362264321112899324e+03
9.400533689298760009e+02
1.144856840540245230e+03
1.143164112226674433e+03
1.067618040335494015e+03
1.029235322074054693e+03
4.818632129998629807e+02
1.351372144103648679e+03
1.693634564897698056e+03
2.239741282629852776e+03
1.381371349207829098e+03
9.201428003352027645e+02
1.037846224759164897e+03
1.272406573347952417e+03
1.258683312020577659e+03
4.540820439776729813e+02
1.233800101951118222e+03
1.070243336304304648e+03
1.204313965385249958e+03
8.727833933529968817e+02
1.066040462929754312e+03
2.027196841876768531e+03
1.179526951653867400e+03
1.384845712656515616e+03
1.050233079509306890e+03
1.874305783609336231e+03
1.358122820674347849e+03
1.602184500042765649e+03
2.434643187429128830e+03
1.344561950834320896e+03
2.012558850217930512e+03
9.367597704500042255e+02
1.245835351401014123e+03
9.441262345796752697e+02
9.891171107830772371e+02
1.281630972609986657e+03
2.528503581094175388e+03
1.091768470663146445e+03
1.050298661927981584e+03
2.738236270914599572e+03
2.063651484621818327e+03
1.262679820212262030e+03
8.223837839544336248e+02
1.941534791453436355e+03
9.421010729031330584e+02
1.251540312036881460e+03
1.982099230748241098e+03
9.470395847639285876e+02
9.258129177304515451e+02
1.055224696538899934e+03
1.325626745745377093e+03
1.117030047993303242e+03
2.765372536055092496e+03
1.167903391350841048e+03
1.730096029067449308e+03
1.106969961723955294e+03
1.030415626474912187e+03
5.409361863698369461e+02
1.003737105480303512e+03
1.505166566459742853e+03
1.239042761211921061e+03
1.031989606971739022e+03
1.032486249338380958e+03
1.722403274403995511e+03
1.232839149042715462e+03
1.847751453225183013e+03
1.176988660050430553e+03
1.297478100954004049e+03
1.528181100871603348e+03
1.237971113992187838e+03
1.059613120947140260e+03
1.548397494980825286e+03
1.172867490609810147e+03
1.342998286511750393e+03
1.582262493848367058e+03
7.713342436172313228e+02
7.772731698236042348e+02
9.446885239560889431e+02
1.221583512569795857e+03
2.053839839208987541e+03
1.549158637553849985e+03
1.676202735736969998e+03
9.586425396551164795e+02
1.568926426778403084e+03
3.204748820698084728e+02
1.636207986963575195e+03
1.050823013911536464e+03
1.475166563277993419e+03
1.685443364661810392e+03
1.160590973349637579e+03
7.380477202768257712e+02
1.507135449524666683e+03
1.849758167810701480e+03
1.642193663313390743e+03
8.953077083666232738e+02
7.472109800287585131e+02
1.628256221663781844e+03
1.261245926411679648e+03
1.902728136956346134e+03
1.285436400004590041e+03
2.298555876646166325e+03
1.694851683931956359e+03
9.763420479647195407e+02
2.015866103347632361e+03
1.365065801798156826e+03
3.114066388528328389e+03
1.717661198442580826e+03
1.371204876416139086e+03
3.594350611812941679e+03
1.917917193606062256e+03
1.379682211854237494e+03
1.061085058426330534e+03
1.194464842903168119e+03
1.163423564415704277e+03
9.831732420291132257e+02
1.100794931579907598e+03
1.667287219051044758e+03
1.644736077771300643e+03
2.427336590466150483e+03
2.146674864925236761e+03
1.361310796976665642e+03
1.510497726993049810e+03
1.049759305584729645e+03
1.041772094988460367e+03
1.036488375561532621e+03
2.737150919117628746e+03
1.102697738518111464e+03
1.120539402491885312e+03
1.115168692746885881e+03
1.368851164112297056e+03
1.044662825481390200e+03
1.251724585666493340e+03
1.107808738948897826e+03
1.100112836331328481e+03
1.858598065327438007e+03
1.893780188531619842e+03
2.280259760212065885e+03
1.051103250899393970e+03
1.576009625465189856e+03
9.212829997587983826e+02
7.360948210123054878e+02
1.622123608853676842e+03
1.065427727583410842e+03
5.280825028605520401e+02
1.063177984204348604e+03
7.402348801028053913e+02
1.898141640063936620e+03
9.962138930472102629e+02
1.343361987518341493e+03
3.598007859638378250e+03
1.700448552222743729e+03
1.169645766951085307e+03
3.982619439909222365e+03
1.029330670490661305e+03
1.319800718621338547e+03
1.793638182018584530e+03
1.205787716070720535e+03
7.418490211948973183e+02
1.577764452991930739e+03
1.766805006638678833e+03
1.762881943933650973e+03
9.640291440266020118e+02
1.165650836530929155e+03
1.095614532688541658e+03
2.279290122231409896e+03
9.647581276339032001e+02
1.851131827997909340e+03
2.307849220996080930e+03
1.130125088409468844e+03
1.160343852669596345e+03
6.275509591055155170e+02
1.240233218648340653e+03
1.361683262212200816e+03
3.108069802677956886e+03
1.086752057015247374e+03
1.818786123270466533e+03
3.208396097507768445e+03
1.053866656689611318e+03
3.322832466218321770e+02
1.677723782492206283e+03
1.276410493858749078e+03
7.414186470916589542e+02
1.008872213486444480e+03
1.052433857526632892e+03
3.743124127899497580e+03
9.463951105970922981e+02
7.297648337364797726e+02
1.233485036404236325e+03
2.199300890096355488e+03
9.387209997899722111e+02
1.860471834595808787e+03
1.008204358535640722e+03
1.699627656574719822e+03
2.681328459160313741e+03
1.666361515642037375e+03
9.976045054971996251e+02
2.045577691915969808e+03
1.310485703329292619e+03
1.715304296394207540e+03
1.521871129013919017e+03
1.247333371690836884e+03
2.263737027249630955e+03
1.060993539548152057e+03
1.309340487596423600e+03
1.047125314542989599e+03
1.517231255340615235e+03
1.056791893330802623e+03
2.272515525170365436e+03
7.441973387640929332e+02
9.891455073102290498e+02
1.409783280704689105e+03
1.388360026520530255e+03
1.413037549146628180e+03
1.367614053839280587e+03
1.354462734570448220e+03
1.562286444114366759e+03
2.452370548043142662e+03
1.405838486908714231e+03
1.786467381678625998e+03
2.381771798690436299e+03
3.044634246069366782e+03
1.666803567304150192e+03
1.288048037695094536e+03
1.374500503677553070e+03
9.900206078817446951e+02
8.659140884366894397e+02
1.017746761744529749e+03
1.048087119262705983e+03
6.177457691654963128e+02
1.287126835778165287e+03
1.307759579045967484e+03
1.965789207958345969e+03
1.593356834916059370e+03
2.184338764976216680e+03
1.051377432886235511e+03
1.630847327861218446e+03
1.814677751125075702e+03
1.796870856492282883e+03
1.244631835593440201e+03
1.631707217673610558e+03
2.347914835395342379e+03
7.906760762897728227e+02
1.467248527112672264e+03
1.357620391609161288e+03
1.407085947971937230e+03
1.185831489912186498e+03
1.256460267152856659e+03
9.809081015321565928e+02
9.817069553475679413e+02
2.416475572223444942e+03
1.381652118616434109e+03
1.372109327244297901e+03
1.652945277191840432e+03
1.277532129484822008e+03
9.383193230123195008e+02
1.317226341386488912e+03
1.565229724941464383e+03
1.360801341270359444e+03
1.408010493708294462e+03
1.474904944371152624e+03
1.409077164721703411e+03
1.165651940123696022e+03
1.568666439268479962e+03
1.240601952567808894e+03
1.133443711004862053e+03
1.087635511466838352e+03
1.367818358555833129e+03
1.896193866948055074e+03
2.073663002259737823e+03
1.285606172015058519e+03
1.404231372489057321e+03
2.170497708317890556e+03
1.938721987774485342e+03
4.428208953555998164e+02
1.317671553190734812e+03
1.322504797643516895e+03
1.123357339843447335e+03
1.485069551247486288e+03
1.428978555353335651e+03
4.395825657588661102e+02
1.252594484356169914e+03
1.532614421555236959e+03
2.092279511060349250e+03
1.328522055301290266e+03
1.103653966866135534e+03
2.224793399345497164e+03
1.834688461006075840e+03
1.640307342226230730e+03
1.650126448309074021e+03
1.578385513103415860e+03
1.968244073903656727e+03
1.323201812994223019e+03
1.671599347660832336e+03
1.599176873950156050e+03
1.244250211111948829e+03
6.935514198658166833e+02
1.041853844297113710e+03
1.324281257462128679e+03
9.503236897349868286e+02
1.808506350989255907e+03
2.556411914535042342e+03
1.558774268390533052e+03
1.844234278398424067e+03
1.575002276346757753e+03
1.305414494775514868e+03
1.373597063192982887e+03
1.162648321120493392e+03
1.467113900348590505e+03
1.416178294469548973e+03
1.968150271211500240e+03
1.335289397893351861e+03
1.617245613327801038e+03
1.587138095413725978e+03
1.839525965235400463e+03
1.599881375468036595e+03
1.702699580326134537e+03
6.553561902151458298e+02
1.656578299256118726e+03
1.739926629673470870e+03
1.994910525752946569e+03
1.645597548672837547e+03
1.607967691191634003e+03
1.527493356200887774e+03
2.214036309319164957e+03
1.449455023182418245e+03
1.797054110989711489e+03
2.000090543320683537e+03
1.607239537242242477e+03
1.293598804004099065e+03
1.023068502708050573e+03
1.597400315701468799e+03
1.616929296726212897e+03
2.590750201615197511e+03
1.299955575293495258e+03
6.832200163684066183e+02
1.530604983816160711e+03
1.655091876465693531e+03
1.985681997606084224e+03
1.700782635929457683e+03
1.715591082300829612e+03
1.541830246154981296e+03
1.613732028062513336e+03
7.158223714328325968e+02
7.870949401942290251e+02
2.738067328490755244e+03
1.352234720907601968e+03
1.334445041233394932e+03
2.011360470850538604e+03
1.622347234143842797e+03
2.176178416167106661e+03
2.381815371454069918e+03
1.969688145870997459e+03
1.609384345393304159e+02
2.415062882559514037e+03
8.039708657997075534e+02
1.847973719530832341e+03
2.557161836702413439e+03
1.397242395201576983e+03
1.330498027755136263e+03
9.805925297302493391e+02
1.591656330636639041e+03
1.816407347090455914e+03
1.437552997530029643e+03
1.341000282516114794e+03
7.288442859367024766e+02
2.331886383948725324e+03
1.384890288496166477e+03
1.330574271198832548e+03
7.642210756077306542e+02
1.592605471284181249e+03
7.324826347279835090e+02
1.140560636216268904e+03
2.142208606585173584e+03
1.708772951693566711e+03
1.020547969304524486e+03
5.926511087071354495e+02
1.556404340766491032e+03
1.644348079966585601e+03
9.241596053098598986e+02
1.418292901323463866e+03
1.616219182913573377e+03
5.970177809287655464e+02
1.377700833884770418e+03
2.049341154195885338e+03
1.881538523388551766e+03
1.567325700923896875e+03
1.409890709938275904e+03
1.308867651195365170e+03
1.754886913977114318e+03
1.368281593161604633e+03
1.368911996936731157e+03
1.776069432242224593e+03
1.642945897553582881e+03
1.080300831338305443e+03
1.671963268747938855e+03
1.359231047179335974e+03
1.773095333018740348e+03
7.365875583132403790e+02
6.110955392375259407e+02
1.549101389755875061e+03
1.732704977261082604e+03
1.472566422250897631e+03
1.633827599567373454e+03
1.480527753441595280e+02
2.185126107198572299e+03
1.279210767505449979e+02
1.057173432756434977e+03
2.299676235217516933e+03
1.706972299601992290e+03
1.363358937929186823e+03
8.041313798822569652e+02
1.728757976402749591e+03
9.887179468297697440e+02
2.524304772438404598e+03
1.666903802674857616e+03
1.139065831368740646e+03
1.880442231169129855e+03
1.619170012686948667e+03
1.676777423491919080e+03
9.108364492236941032e+02
9.373365384709014734e+02
1.530270636330474645e+03
1.582825382452006352e+03
1.494276671552706830e+03
1.798578063837322588e+03
2.264012688941303168e+03
7.232406147625633821e+02
1.629678078817224559e+03
1.615884076086583718e+03
1.836580167459858330e+03
1.200422330978859009e+03
7.451526225844122564e+02
1.753531574354578424e+03
1.549132248468469243e+03
1.060946542139395433e+03
1.056661015668041955e+03
1.156347806239547253e+03
1.221983655177902392e+03
1.274933611878913325e+03
1.083965618381110744e+03
1.610416109401277936e+03
6.119529820529364770e+02
1.659154969758207244e+03
2.504471931363820659e+03
1.725309403453468576e+03
1.388441061952556765e+03
1.509176937198148607e+03
5.839014830590371048e+02
1.374229429096352305e+03
9.905891824638114258e+02
9.963018165310509175e+02
1.272726601002304960e+03
1.411366144941682933e+03
1.028451893757223615e+03
1.200197099581804650e+03
1.255572269313209063e+03
1.143092717022034321e+03
1.718131932626048638e+03
1.170996175271363427e+03
1.552076500444727799e+03
1.370581737774805561e+03
1.894894318003168564e+03
1.723625350297624664e+03
1.344453261907509386e+03
1.908937403783326317e+03
1.115493493863546746e+03
1.490191802994065711e+03
7.462900667448221839e+02
1.353424440835230598e+03
1.231479232847957292e+03
1.662985355281303100e+03
1.193741615732933496e+03
1.317436061696514571e+03
1.616750564560781243e+02
1.478245183449303568e+03
1.287263489694536020e+03
1.129205571744570079e+03
1.488314194946067573e+03
1.669256980789034060e+03
2.050841806516985343e+03
1.596504586261273971e+03
1.438526080800852696e+03
1.015283047692484388e+03
1.067614896308925381e+03
1.557705561937498032e+03
1.679673323620149404e+03
6.356115922396747919e+02
1.384101471717753157e+03
1.525947839262683829e+03
3.809888439583463651e+02
1.298305277717454373e+03
7.550067186864793030e+02
5.982179533195310341e+02
1.452951182966993201e+03
9.132373330447622948e+02
8.274952333080617564e+02
1.693638687710973272e+03
1.793124163099945008e+03
4.090229921797784982e+02
2.359761871356729444e+03
1.090939678332252242e+03
1.577317656416255431e+03
1.260600526645353057e+03
1.028616787512281462e+03
1.102866525974190381e+03
1.359074661747885557e+03
1.029214755491198730e+03
1.334373883751148242e+03
4.730854719021245955e+02
1.409190454190086712e+03
1.343572849245001180e+03
1.428532833311794320e+03
1.366841005981183571e+03
1.087102551815819879e+03
1.298594998481779612e+03
1.603110497672101928e+03
2.245475319688162472e+03
1.340754236018151914e+03
1.272654967461849992e+03
1.252610796447733264e+03
1.139677020350638486e+03
7.216213835571251138e+02
1.076645794572311161e+03
1.163709229159266670e+03
8.299061152177406484e+02
1.394045199751671134e+03
1.050615181642272546e+03
1.216638460257208635e+03
1.002696001291926677e+03
1.417785577054233954e+03
1.064936985311485387e+03
1.088156338885835339e+03
1.515127686153616651e+03
1.632682581379765679e+03
1.500451459254249130e+03
1.257004828444075429e+03
9.722162673646580515e+02
1.076533785912914027e+03
1.265829508063923868e+03
1.175610437278793825e+03
1.824703707128872566e+03
2.514659899448979559e+03
1.719375886730079799e+02
1.388637097936955115e+03
1.750819570706376680e+03
1.976760710583172795e+03
1.976837892920778586e+03
1.723021798086298986e+03
1.965827671870971926e+03
4.384577706217788204e+02
1.885144868907455702e+03
1.448131153127811103e+03
1.101876998406561825e+03
1.029969507559037993e+03
3.915833329059358903e+02
1.147169724618258670e+03
1.790583445519043380e+03
1.305921305606485930e+03
1.048919742127998688e+03
1.028486749068594236e+03
1.002700290511259936e+03
1.391894949611330958e+03
1.079694240194503209e+03
1.679436499357038429e+03
1.148929518860085636e+03
1.338056848715189290e+03
1.407530462535705055e+03
1.037646589395358887e+03
6.541542084880779839e+02
7.356041506841788760e+02
1.335521073136323139e+03
1.104967634119633658e+03
1.453538711086089279e+03
1.522821300075601357e+03
1.108825371920725956e+03
1.396227381348363906e+03
1.488392652937689945e+03
9.707791788083692381e+02
1.240099217645271665e+03
1.724346752379308555e+03
1.406996157405688109e+03
1.035077524641323862e+03
1.464880405322046272e+03
1.117094426117598687e+03
1.315407770566117279e+03
1.591355545462616647e+03
1.325264653580720505e+03
1.483378691962989933e+03
1.317986717980992807e+03
1.614005449601859937e+03
1.696598031904428808e+03
1.811276981108149812e+03
1.102786945432119182e+03
1.958400524168341917e+03
1.305327168455159836e+03
1.202662046782255857e+03
1.073022244552057600e+03
1.455808181459282878e+03
1.093599749620982038e+03
1.214966289804403459e+03
1.260093958190057492e+03
1.415217801218021123e+03
1.414779438584107083e+03
1.180251037201064491e+03
1.287730284840712784e+03
1.308997001574320620e+03
7.162165830229158701e+02
1.362917475493408347e+03
7.059564527579570949e+02
1.255456968374106737e+03
1.279222791263325689e+03
1.354276774886954854e+03
4.001514425892493705e+02
1.438443600073511561e+03
1.038157768324311974e+03
1.125134638656003972e+03
3.849601037159778230e+02
1.635927819607008360e+03
1.033398230701030798e+03
1.399002031384552765e+03
1.374951588064776161e+03
3.936036220064533495e+02
1.205460147573805216e+03
1.035026796351739904e+03
1.771784276276839591e+03
1.318151304735345320e+03
1.508453634091576305e+03
1.308064892037812569e+03
1.084734962513987057e+03
1.261167098590672140e+03
1.233550156007972646e+03
1.231799168180705692e+03
1.399691300677843628e+03
1.394252271082829793e+03
1.847583220955529669e+03
1.130878135981479318e+03
1.345205996552643001e+03
1.455054061773578042e+03
1.057404837519228977e+03
1.046221475029593876e+03
2.152218259060528908e+03
1.968825332812809847e+03
1.039171777962142187e+03
1.641819404686495318e+03
1.300303102436653489e+03
1.279378404081802046e+03
1.370790558676571663e+03
1.141163809095466831e+03
1.103510688285173501e+03
1.114845601079012113e+03
1.821651510177026694e+03
1.898785253995984249e+03
1.252422663213587384e+03
1.469441420561609220e+03
9.760469607584291225e+02
1.096604885798595888e+03
1.381788273850906535e+03
1.728923125383141269e+03
1.354196647242815061e+03
1.087991122462952035e+03
2.370119038671580256e+03
1.864177922057593833e+03
1.408413093921498103e+03
1.379406490170308189e+03
1.469770319266947581e+03
1.085023362300309373e+03
1.355713060164447825e+03
1.384104148658946372e+02
1.441252047081646197e+03
1.012287505000303668e+03
1.564918933351064197e+03
9.412125775253498432e+02
1.158822643550544399e+03
1.373626563579019830e+03
1.058875169311679656e+03
1.406888783688686999e+03
9.108995555408228029e+02
1.636912257908257118e+02
1.765096547040548785e+03
1.306253744139452238e+03
9.631852033239312050e+02
1.134560066231965266e+03
9.898785103821762732e+02
1.011168653914688889e+03
1.687566894295789837e+02
1.853305745554417172e+03
1.420461009885834073e+03
1.337002527600628810e+03
1.309847563933120000e+03
1.334202699308229285e+03
1.070780206200775410e+03
1.587848401428514535e+03
1.316001104254866732e+03
1.031834488989931288e+03
1.074648653626310534e+03
1.178937456669903895e+03
1.832177505556328015e+03
1.159835280536358596e+03
1.452793532974590107e+03
1.052611344923777324e+03
1.204178985888811894e+03
1.147514581622654305e+03
1.255288514552616789e+03
1.586359219921644353e+03
1.301131850640749690e+03
1.331951320120924038e+03
1.152860732649022566e+03
1.410471795784655114e+03
1.550163296649184986e+03
7.477634754063735727e+02
1.054921451853121880e+03
1.391487415274356863e+03
1.124568606959052431e+03
1.261597761137507177e+03
1.096518535179381388e+03
1.428069764468469430e+03
1.528963772414246705e+03
1.303938091390804630e+03
1.717875910302434477e+03
1.231335088250311628e+03
1.156547331469887467e+03
1.616804795605006575e+03
1.408105157155325969e+03
1.117623167560509728e+03
1.395776423591240700e+03
1.204204732479088534e+03
1.307165463540686915e+03
1.096804317715929301e+03
1.100037029763919691e+03
1.724179697360930277e+03
1.163007408412739778e+03
1.033859346860727783e+03
1.086059128168761617e+03
1.114798262090327853e+03
1.356600976029949834e+03
1.416869271695406496e+03
1.403040722842471951e+03
1.086097982064407006e+03
1.162394839788816626e+03
1.231568548456529015e+03
1.548794394717828482e+03
1.371977274869255780e+03
1.099139951081180470e+03
1.233322922404231576e+03
1.361733132253931217e+03
1.230459698596784165e+03
1.147643577397182298e+03
1.718774454852692088e+03
1.243486910719507478e+03
1.670098619097855362e+03
1.311225473762330239e+03
1.781915487209010280e+03
1.370656490092714193e+03
1.258933602244354688e+03
1.117862227500943845e+03
2.161250347676223100e+03
2.317909081299233094e+03
1.288898643722134693e+03
1.726467377089934189e+03
1.659925279651459277e+03
1.219746862098141037e+03
1.748350412161777285e+03
1.395693471158228704e+03
2.037226346857311000e+03
1.816077929382024195e+03
1.167412310550464099e+03
1.851898085346720791e+03
1.229229194397286165e+03
2.541009765520931523e+03
1.660496802088101504e+03
1.115773591933708303e+03
1.084187398256821325e+03
1.647812012349629867e+03
1.227816926425713746e+03
1.226981566121219203e+03
1.339026780549559817e+03
1.337702167241523284e+03
1.657882594256623861e+03
2.859753370671239736e+03
1.499253874650221860e+03
1.964848279194520728e+03
1.025013084317218954e+03
1.104402736130736230e+03
1.007898927566446105e+03
1.244798458640270383e+03
1.151564347552054414e+03
1.737410498178466469e+03
1.603006393231131369e+03
1.623184401789527783e+03
1.782460129540784465e+03
1.158137011117879183e+03
1.320126484778765871e+03
1.354681418782002311e+03
1.715143977911139473e+03
1.647663510910590730e+03
1.221308289682614259e+03
1.273948580038646469e+03
1.086786356927138513e+03
1.027195783764694852e+03
9.535488628201884467e+02
1.616411060514570863e+03
1.062515095931609039e+03
9.175934477542004970e+02
1.073730813151216353e+03
1.402006087241178420e+03
1.112499164334811894e+03
1.446600569250981607e+03
1.458681014038274270e+03
1.191081157968337038e+03
1.214169278821510716e+03
1.064636874171858835e+03
1.357645478119186009e+03
3.823038518752573509e+03
1.537831437692686222e+03
2.533857939698012160e+03
1.389064942450134595e+03
1.895355953908602032e+03
1.680106140287828566e+03
2.270131662692165719e+03
1.287457193154066772e+03
1.063233783532769849e+03
1.199073048202746577e+03
1.066389081942186294e+03
1.148669105673419381e+03
1.620629338308280012e+03
1.352320262070247736e+03
1.409499275771214343e+03
1.215967754538596409e+03
1.356431981842239566e+03
1.632987296354755017e+03
1.159310447008016808e+03
1.373067674546249009e+03
9.568488749311187576e+02
1.457360058948471305e+03
1.732964167929720588e+03
1.370297534607047055e+03
1.402271491724636917e+03
1.167829327418758567e+03
1.545945029278055699e+03
1.144079442250535976e+03
1.355404516687038040e+03
1.351904060174749702e+03
1.363121102945946177e+03
1.501145970338169491e+03
1.384860492922493222e+03
1.257850655205064868e+03
3.165109600066000439e+03
1.273749067998784767e+03
1.837057835549492665e+03
1.654930200915744081e+03
1.234580580728282712e+03
1.481929833869025970e+03
1.718003951649818873e+03
1.361348002496394884e+03
1.067976526460815421e+03
1.120764160083966999e+03
1.098399933453151789e+03
1.622905896617878170e+03
1.071150167545072236e+03
1.069455148066650509e+03
1.219796389106134939e+03
1.455166256673232510e+03
1.157918617813106721e+03
1.096406835926697795e+03
9.953329174995121775e+02
1.449380658975459937e+03
1.167552364871518876e+03
1.275027139326155748e+03
1.577803800076234893e+03
1.105477889619950474e+03
1.176379795216566663e+03
1.157751388409114952e+03
1.015692961806476205e+03
1.303286663915841245e+03
1.145799496551816446e+03
1.347640460332122757e+03
1.349266147973775560e+03
1.094853213338025853e+03
1.222570100514248679e+03
1.204087107879541463e+03
1.083904894029116804e+03
1.019419314521217530e+03
1.177555414411041056e+03
1.213922951563200741e+03
1.108288553072490458e+03
1.033756979382664667e+03
1.129935612876877713e+03
1.310623335789380917e+03
1.033791494319709045e+03
1.889166528043512244e+03
1.476562695343047835e+03
1.416248220076187408e+03
1.315357887172252958e+03
1.348836178736363763e+03
1.668886131528317492e+03
1.236453267363608347e+03
1.737265582882708259e+03
1.360324031056769172e+03
1.298203476835624770e+03
1.024346752191436281e+03
1.158578660286322929e+03
1.813143818594817731e+03
1.556746793666880876e+03
1.149689630879876404e+03
1.757970942810103452e+03
1.109008266203253243e+03
1.372989205183500871e+03
1.170276307645533734e+03
1.275365159302278471e+03
1.121666303002101813e+03
1.448699972259111291e+03
1.323165367701501509e+03
1.135481758248834467e+03
1.728134585546761400e+03
2.008005377221411436e+03
1.300353257141598988e+03
1.325976222739899868e+03
1.623521127356147645e+03
2.015055164180673273e+03
1.054012881004530300e+03
1.284952723136302438e+03
1.332379203511333571e+03
1.744178989239526913e+02
1.074644209984237477e+03
1.137235387190760548e+03
1.523879566438581321e+02
1.677022911851380968e+03
1.136493902438713349e+03
1.505473548692943041e+03
1.212069993255645613e+03
1.057699628893137742e+03
9.666651473589582793e+02
1.186351086858449662e+03
1.298969973504925065e+03
1.120531243139927938e+03
9.987704261113226494e+02
1.847699300425916590e+03
9.981360025451134561e+02
1.087070515048196967e+03
1.246402324108325956e+03
1.306458972027336586e+03
1.464844258643458033e+03
1.592983980343545682e+03
1.536980478073053291e+03
1.472437235245191914e+03
1.312015163709680792e+03
1.084073490583711873e+03
1.554726504456808016e+03
1.387817691561151605e+03
1.032222287874959420e+03
1.581286305644376625e+03
9.815670993539972642e+02
1.290745439139336668e+03
1.591546046901192312e+03
1.265098012653371597e+03
1.056329376492916481e+03
1.039268378720307055e+03
1.499431273704809655e+03
1.429336113444307557e+03
1.289729768979802429e+03
4.526673478931866725e+02
1.330682561517332033e+03
9.495881321504258494e+02
1.608768985621640695e+03
1.499144045961132406e+03
1.586287783702003026e+03
6.253272286741064363e+02
1.287861220249772941e+03
1.078292497601553805e+03
1.428224934658503344e+03
1.387596477006988380e+03
1.166854546265897852e+03
1.421787673723551734e+03
1.028648324178729354e+03
4.550553194510806065e+02
1.530967200396876024e+03
1.666286232029002122e+03
1.280271041209744453e+03
4.317859029656852385e+02
1.374151431474762148e+03
1.418245545737925568e+03
1.134289164990392919e+03
1.210156405864024009e+03
1.364250900939730400e+03
1.338535236365778474e+03
1.318762227279903300e+03
8.802865600656598843e+00
8.575586333630615954e+00
8.345762965018554524e+00
8.510750671121739330e+00
1.839814924133410386e+03
1.580070732186961550e+03
1.344039585330042883e+03
1.276133537895317204e+03
1.369472699087712044e+03
1.861608086206584176e+03
1.413442033685232673e+03
1.192471945686687150e+03
1.674753471371754586e+03
1.032082122688858817e+03
9.271990821556138371e+02
1.165440875048676162e+03
1.354731724575364524e+03
1.800718484461912340e+03
1.087422210915253117e+03
1.655541471579465906e+03
1.893088152913137264e+03
1.305497199654773112e+03
1.160919216073981261e+03
1.222418348128199796e+03
1.075724755717084918e+03
1.065764954362344270e+03
1.056205050372558389e+03
1.062378813955117266e+03
1.042435986077915231e+03
9.977283896752578585e+02
8.614022549762466952e+02
1.343829087269676847e+03
1.661389695502642098e+03
1.405341095354429626e+03
1.161547709290263356e+03
1.246184040939542683e+03
1.110976876045520385e+03
1.189381199386905564e+03
1.199837016177817532e+03
1.277427277309810961e+03
1.000902385869943942e+03
1.275959429012139253e+03
1.336964136634802117e+03
1.525347806778618320e+01
1.108258794325745612e+03
1.395290586435174191e+03
1.081020166963174006e+03
1.131657841378916146e+03
1.308076705363966539e+03
1.729606988097162002e+03
1.370584952770176869e+03
1.253071186270678481e+03
1.652877097971791727e+03
1.714370778764762690e+03
1.498679271655389357e+03
1.303830994165154834e+03
1.361077379030590009e+03
1.079411757687928684e+03
1.577297304255853533e+03
1.380348598359056950e+03
1.401479740944324931e+03
1.254214413450328493e+03
1.155231122522966416e+03
1.385099618750639820e+03
2.173664418750042771e+01
1.532923398879639535e+03
1.543127283214333367e+01
1.416903245327042669e+03
1.380031836441926771e+03
1.134035328123216686e+03
1.698480468358394191e+01
1.054854308427342403e+03
1.712683927823666181e+03
8.877368017584699373e+02
1.272421278331647727e+03
1.356473878603922913e+03
1.255624939850397141e+03
1.890420518754849354e+03
1.862882848281803660e+01
1.284431515238362408e+03
2.165568125972526659e+01
4.582100506441568086e+02
1.062767876260136291e+03
1.341714184955738801e+03
1.075232482649043959e+03
1.123411155357087637e+03
3.840660000631764888e+02
1.218843573038022441e+03
2.082926141355273103e+03
1.067633741967451215e+03
1.030380914652548654e+03
1.045685154070331464e+03
1.245564190966628530e+03
1.393619784872454375e+03
7.509760746032735597e+02
1.300873410146083870e+03
1.142044718825451582e+03
1.901324931459794243e+03
1.543612933920105434e+03
1.256740907228882179e+03
1.202834284190602148e+03
1.356350517599521027e+03
1.048521278901689584e+03
1.284669016645809961e+03
1.525530060014114497e+03
1.101802303846591258e+03
1.055096695429117972e+03
1.081437469128575913e+03
1.100240673105406358e+03
1.038756714668951645e+03
1.229891791579519122e+03
1.154816597172337197e+03
1.250405330370193951e+03
9.921817231315554864e+02
1.500276668005125430e+03
1.035536873584841032e+03
1.059067565925236295e+03
1.913071084540048787e+03
1.253015556206630436e+03
1.050548233521672728e+03
1.055326355991438959e+03
1.253840359294625614e+03
1.305580184224748336e+03
1.042978174818684238e+03
1.046798479465761829e+03
1.746294129854325774e+03
9.794412260178129372e+02
9.329832233959796213e+02
1.510538599574024829e+03
1.031144824066640012e+03
1.391478661813207509e+03
1.101521069592698723e+03
1.388813524106913292e+03
1.286840817374319613e+03
2.359103226325814376e+03
1.719500549757846329e+03
8.625674417214072491e+02
9.026108711858145170e+02
1.130203535254762073e+03
1.190743318190573973e+03
1.081250378739309099e+03
9.145237704287009137e+02
1.789707798187534763e+03
1.283800872422852990e+03
1.066428527727390701e+03
1.023878136714162679e+03
1.058227102290898983e+03
1.141261173543885889e+03
1.238623704887481381e+03
8.904699259339397486e+02
1.104743569620491826e+03
1.064304183895190590e+03
1.052384237990107977e+03
4.027266910387300527e+02
1.638726732404550376e+03
1.367396345190622696e+03
1.226669708033634379e+03
1.245197686648997887e+03
1.035467900692969579e+03
1.010242275764558599e+03
1.291800494154418629e+03
1.381908912468311200e+03
1.642607853754723919e+03
1.207214421967320959e+03
1.287474785065500100e+03
1.118913950902889155e+03
1.013062306420736832e+03
4.008451510115802421e+02
1.352250545506318304e+03
1.340121977674455991e+02
1.476909859386571043e+03
1.371790772185424203e+03
9.506142720349428146e+02
1.017896168422047367e+03
1.105741816037606441e+03
1.561384462935282045e+03
1.241698158858693432e+03
1.437323235382037183e+03
1.115045568178842814e+03
1.468492942624426405e+03
1.353369093309906930e+03
1.100373142367230230e+03
1.042887792305277799e+03
8.859870817749150547e+02
1.273670777015038311e+03
1.318264037102871271e+03
1.364304427307070455e+03
1.062663298565198602e+03
1.199341337057900091e+03
1.311414375435322427e+03
1.126856104298460195e+03
1.679806031468953279e+03
9.338541344356046920e+02
8.328469329184244998e+02
1.310471430196944311e+03
1.192477388938815238e+03
1.164193562261262514e+03
1.356240495412997234e+03
1.082377933413949677e+03
1.270599723078762736e+03
1.370446608106960184e+03
1.991783344902602266e+03
1.355206423592437204e+03
1.138868162206874104e+03
3.868331896154095830e+03
1.223162396503396849e+03
1.251844097606723153e+03
1.627364150906311806e+03
1.685813177703581687e+03
1.249918070893864524e+03
1.450943626829370487e+03
1.307405825959970343e+03
1.510728570695085409e+03
1.599332597948511875e+03
1.544473420592475804e+03
1.233247048289735403e+03
1.663979199974875200e+03
1.545195555797338102e+03
1.566199427698963746e+03
1.118453229391160903e+03
1.554086542391588637e+03
1.317401177944281926e+03
1.667731345965398532e+03
1.301492467951067511e+03
1.361530534894446873e+03
1.797119421663150206e+03
1.772566362057896185e+03
2.343671357050203824e+03
1.351526221618887803e+03
1.338239736808613998e+02
1.163151432156842475e+03
1.163730841182301447e+03
1.901968309440968824e+03
1.322001679642398130e+03
1.768276813721665803e+03
1.375480332893169589e+03
1.358743465631098161e+03
1.014072108594099291e+03
1.257854740287878485e+03
1.295872305991490293e+03
4.483306547541205305e+02
1.075517915168315312e+03
1.149963378807565050e+03
9.033959248310289922e+02
1.074932694529648870e+03
1.194189854796610916e+03
1.547426171779714878e+03
1.730975264664901943e+03
1.500569054071830806e+03
4.323342994324042365e+02
1.425123231448863180e+03
1.577209420880123844e+03
1.540728923026274060e+03
2.011979285576403981e+03
1.167507770725856290e+03
1.482015483925586295e+03
1.087571081980752297e+03
1.212429541100888628e+03
1.622539812296195350e+03
1.261747047448485546e+03
1.375573182286023439e+03
1.484784372078008801e+03
1.255453034696653503e+03
1.398074365952882545e+03
1.254954358984846976e+03
1.041609139005933230e+03
1.254509951690023854e+03
1.328277418795920994e+03
1.646504114308513635e+03
9.781217760920191040e+02
1.362811751692816642e+03
1.754805579449919605e+03
1.592602366958221637e+03
1.201671118875408183e+03
1.453681307553200440e+03
1.885851949216185403e+03
1.400563704939863328e+03
1.398059832129256392e+03
1.332437155407136288e+03
1.440493918155580786e+03
1.231947902894129129e+03
1.556365516554463284e+03
1.312544326430904903e+03
1.632986233373886762e+03
1.235394516031739613e+03
2.058125658494115669e+03
1.409903498235762754e+03
1.353985396652606596e+03
1.358014370461610497e+03
9.954568355287257191e+02
1.350001783686883527e+03
1.393807442705707672e+03
1.130945494539771516e+03
1.838591747534974957e+03
1.614142932804523298e+03
1.587321333398804882e+03
1.972737340380183696e+03
1.180520307785019895e+03
1.311869069367291786e+03
1.402914889102889219e+03
4.386721658466868234e+02
2.126573540386351851e+03
4.368478507998215719e+02
4.279335139251365945e+02
1.442992236221194162e+03
6.127949985809069631e+02
4.396020667923745009e+02
1.387094343493726910e+03
1.415257487920759786e+03
4.434345299983978634e+02
1.032419569463348807e+03
1.686865583748444351e+03
1.372859965841336589e+03
1.058838528021328784e+03
1.648889046569042421e+03
4.220691041563575823e+02
1.397290800473629133e+03
4.047782405780247927e+02
1.338726310022454527e+03
1.441571129864544901e+03
1.209262296209517217e+03
2.279747362263537070e+03
1.539791083488886898e+03
1.439595628152624613e+03
1.313208575670610799e+03
1.307483723386965494e+03
1.852525407216825215e+03
1.412769690374568427e+03
1.509061543069438358e+03
1.688884588012405629e+03
3.909731211153178378e+02
1.334277627498782067e+03
7.233206341643376618e+02
1.394504479723676923e+03
1.041664288864757737e+03
1.402474969548600029e+03
1.487999729206892653e+03
1.370462556937311774e+03
1.291745417407548075e+03
1.186804551797105205e+03
1.111320621472003495e+03
1.594978727764829728e+03
1.648012451290927629e+03
1.349951011618183202e+03
1.458223626761922333e+03
1.918155090056407516e+03
1.365614530917242064e+03
1.637453515156219737e+03
1.141850218378544469e+03
7.577868531864387478e+02
1.370566799712727516e+03
4.343786842505978711e+02
2.435880233837562173e+03
1.594550885912506828e+03
1.697222584306396811e+03
1.388814660744438015e+03
1.276172274686768787e+03
1.284702113368439996e+03
1.364693510911874000e+03
1.607493949044982855e+03
1.244730549229104099e+03
1.369592771835879603e+03
1.358432331358932970e+03
1.577263477051632890e+03
4.331911762884692507e+02
1.598239041749099670e+03
1.357804466201814193e+03
1.433112434855266429e+03
1.677793711175361523e+03
1.519367563267485139e+03
1.820967233102166119e+03
1.344098695196983044e+03
4.038493245676679635e+02
1.083858965356259432e+03
1.225855973687375808e+03
1.380835039473731513e+03
1.862998354126129925e+03
1.509453200528999560e+03
1.365172446770504166e+03
1.308363787042487729e+03
1.386320202571533400e+03
1.578035465444769898e+03
1.621585359579178885e+03
1.136074868672766115e+03
1.406662367309766523e+03
1.209917715138505173e+03
1.471300899237043950e+03
1.058859181119552886e+03
9.662230492295875592e+02
1.125676149082051779e+03
1.025116290273298773e+03
1.064092869487235475e+03
7.163598276121007302e+02
1.457003108420863782e+03
1.065449171290431877e+03
1.300919784896971805e+03
1.628126063260682713e+03
1.383823405202432014e+03
1.555298695833196007e+03
1.372001786092833981e+03
1.324795859668995945e+03
1.212984743128467017e+03
4.520221468340100159e+02
1.303996778130516077e+03
1.712203089842467307e+03
1.418730182265366466e+03
1.795886849889798896e+03
1.315209294017912725e+03
1.323068298547382483e+03
1.084757965281290126e+03
1.133418796516651582e+03
1.317696466281073299e+03
1.327234438402259912e+03
1.350084857992164416e+03
1.103655519226444994e+03
1.238456075414373345e+03
1.284602934422349563e+03
8.628737085030599019e+02
1.374084719266413458e+03
1.625419196336797086e+03
1.477263706363655047e+03
4.358564999347730122e+02
1.335996144519052450e+03
1.209711845281022079e+03
1.325167062176454920e+03
1.407542953596441976e+03
1.172690107434623542e+03
1.393217845862727472e+03
1.698821618649672928e+03
1.156018023389483233e+03
1.076771729832346409e+03
1.389804470574415518e+03
1.162382938958205159e+03
1.380051085987759734e+03
1.110800010114923225e+03
1.249717763818149024e+03
1.706472936546132587e+03
1.059919698553157104e+03
1.220489204729929043e+03
2.068230577832804101e+03
8.957022866609256653e+02
1.378504302686979372e+03
1.716940547348956670e+03
1.559778047090902646e+03
1.334925670143691377e+03
1.406655124810059988e+03
1.237259546716701379e+03
1.609002201073248216e+03
4.277535942072934176e+02
1.294081525787602914e+03
1.542920163930780745e+03
1.264950530242879950e+03
1.675330450797951244e+03
1.213528157480753634e+03
1.112367950356762776e+03
1.047545814780226920e+03
1.404348847124192616e+03
1.545864925430943231e+03
1.038313076418788341e+03
1.230902820661264514e+03
1.039662199365445531e+03
1.564391328939988398e+03
1.555999169778540590e+03
1.410763628934346571e+03
1.334232270266789328e+03
1.113947582116308240e+03
1.412981489797875383e+03
1.485490364078472339e+03
7.704523092336464742e+02
1.034791468843099210e+03
1.073072020620017611e+03
1.614653130464235119e+03
1.405889971924313386e+03
1.173843706670911843e+03
1.331478188577793844e+03
1.712015594203805904e+03
1.901111559730002227e+03
7.640753933578014312e+02
1.428824684277133883e+03
1.308606379893121812e+03
1.380758945859619189e+03
1.586173697162104418e+03
1.259886359588785353e+03
1.486314113510793732e+03
1.361165767898331751e+03
1.305980141318589631e+03
1.648405248359145162e+03
1.320334542530400768e+03
1.677225559497706399e+03
7.706312931204754477e+02
1.393155729246490864e+03
1.285056242279496928e+03
1.383845419802311426e+03
1.304904117945153075e+03
1.320440957666727627e+03
1.307253864107634627e+03
1.806571450976781534e+03
1.287764257565645721e+03
1.219053391585456438e+03
1.346125551797638764e+03
1.716677549197072949e+03
6.957501337186154160e+02
1.660211730363108018e+03
1.540951138602631090e+03
4.263864675226504914e+02
1.426815651126807779e+03
1.653844178081015571e+03
1.120806882713221739e+03
1.062014165947694664e+03
1.475085782828702122e+03
1.155819828345003543e+03
1.345720781376745663e+03
1.289773934975053635e+03
1.386582488806265246e+03
1.333771576115760809e+03
1.355820422477522470e+03
1.343929850910382811e+03
1.664605749758793991e+03
1.284149550864616685e+03
1.328275421708579643e+03
1.376117043211967029e+03
8.692545739780480289e+02
1.841941066224269207e+03
1.374656219425964082e+03
1.516614528765117939e+03
1.194394416405729544e+03
1.220684069617545674e+03
1.290368518203459416e+03
1.724449797936093091e+03
1.644862781788105622e+03
1.185295347969861041e+03
1.055649971075856683e+03
1.294097602150486182e+03
1.229961510490594037e+03
1.682836833173932519e+03
1.670968466832117429e+03
1.878828649837131479e+03
1.204670712872861714e+03
7.389394066519112130e+02
1.378353094457600264e+03
1.328905465746681330e+03
1.306414213408263095e+03
1.398959355735036524e+03
1.075530425952932546e+03
3.936044668954737062e+02
1.333831234225479875e+03
1.488037152221460474e+03
1.200733175849503141e+03
1.337605986320743796e+03
1.647886503487908840e+03
1.263750761027025646e+03
1.419724428031384605e+03
1.473995296846725978e+03
7.060006729381796049e+02
1.906740244703983763e+03
1.001988781761304722e+03
9.683084597688350641e+02
1.333550859402786728e+03
1.488415040338524932e+03
1.141039844364097007e+03
1.303327406759923633e+03
1.119914651834545566e+03
1.146087086654386212e+03
1.032487914377270954e+03
1.033758042141577789e+03
1.385158299294374729e+03
1.442948495001990068e+03
1.743357753557586875e+03
8.684346015706844355e+02
1.516036090425044222e+03
1.505231608339785680e+03
1.492935267706749300e+03
1.493034449238023399e+03
1.292660761147460562e+03
1.562151530573468790e+03
1.687125608978572927e+03
1.446159115530372901e+03
1.492726561755664989e+03
1.501530733823940182e+03
7.218444815708903661e+02
1.510942682388972798e+03
1.447194253766474731e+03
1.789749835689186511e+03
1.335972813667676974e+03
1.602225235900317557e+03
1.191368460494974670e+03
1.277740126325069468e+03
1.238430389465072494e+03
1.828977173825647924e+03
1.137659150146028651e+03
1.140609366434652202e+03
1.423018616328067083e+03
1.502760574033866533e+03
1.807153658549492320e+03
1.648384715436587271e+02
1.686892902007749626e+02
1.560518830519997209e+03
1.573359926924723823e+03
1.066152931056612033e+03
1.776906686863450886e+03
1.481753780777317161e+03
1.404433259133917772e+03
1.824424860971572343e+03
2.058213802801097700e+03
1.459725520329023084e+03
1.509546957292484649e+03
1.294264243662984427e+03
1.163009147398635605e+03
1.174885290350958940e+03
1.305078485694868505e+03
1.731687602928641127e+03
2.294304540185958558e+03
1.713423813032741919e+03
1.683708766629177489e+03
1.726774815033424829e+03
1.780968689798525929e+03
1.951601471167452473e+03
1.603697442327051021e+03
1.317060929386829002e+03
1.584541714099060982e+03
2.804482577195145154e+01
1.367042676190147631e+03
1.484318719222487971e+03
1.368434564362118408e+03
4.496994796242333337e+02
1.503870008156155563e+03
1.559794227419987919e+03
1.493148370320254116e+03
7.448095715189872408e+02
1.615267675405134469e+03
1.647550738867059181e+03
1.692741257412473033e+03
1.188053050033134696e+03
1.428416702249866148e+03
1.571489518316433760e+03
1.299968914865730767e+03
1.411911266520068466e+03
1.042892462939759525e+03
1.441280126235178159e+03
1.331379793975592065e+03
1.355827627784998640e+03
1.152035263786590122e+03
1.376660092714133270e+03
1.372792486408615787e+03
1.716932746215194811e+03
1.112427081593924186e+03
1.818718683320612627e+03
1.671533494526068125e+03
1.730246726118864217e+03
1.222408866600364490e+03
1.380899942318952526e+03
7.652280775149101828e+02
1.567026049419007904e+03
1.226691939366535962e+03
9.689482320148669032e+02
1.021121457190500905e+03
1.194080587979581651e+03
1.004243275835821578e+03
1.347924166589008443e+01
1.317396499127016341e+03
1.009234583701377915e+03
1.689240533163713053e+03
1.371627018588678084e+03
7.409528542133990641e+02
1.411648640499972544e+03
1.356084867597941184e+03
1.665674598251756606e+03
7.615305022466716309e+02
9.581259821904047840e+02
1.376002770445152919e+03
1.313108996688834168e+03
1.519105507053459178e+03
1.099926665594648966e+03
9.520023689917788943e+02
1.141731786793162655e+03
7.419078759242337355e+02
1.389803894564704478e+03
1.180440193141180316e+03
1.412271045111742751e+03
1.438654509671835740e+03
1.220514143129856393e+03
1.567124794660873249e+03
7.476768445347979650e+02
9.623156484494180631e+02
9.763683105300074772e+00
1.199424474097564371e+03
1.770842365804549559e+02
1.053214782082129659e+03
1.128758701550365686e+03
1.019088751319770495e+03
2.229479767854037618e+03
1.121104527795350350e+03
1.112504180991870271e+03
1.365911902119875549e+03
1.238039573367332423e+03
9.570866871058383296e+00
1.299352184532052661e+03
1.979436894118379087e+03
1.170920653056315587e+03
7.610176413418527090e+02
1.483117574285549836e+03
1.694976313459827679e+03
1.297097945990426069e+03
1.125721940604965084e+03
4.362014482831920077e+02
1.114668728976444982e+03
1.808480961052274552e+03
1.577794211290336762e+03
1.362518987818457845e+03
1.124921683614738413e+03
1.233072861629546651e+03
1.392096157001945585e+03
5.702041645679031490e+02
7.301701907951991188e+02
1.662961001544825194e+03
1.911373248395270593e+03
1.555006352949503025e+03
1.817328709429085620e+03
1.231352544215085629e+02
1.637631684346063594e+03
7.005372553070379809e+02
2.298678532228592758e+03
1.148054844503358026e+03
1.459602983484003289e+03
9.877258551681334211e+02
1.613470503656029905e+03
1.415432267206426104e+03
1.344620001219416281e+03
1.575282674404109002e+03
1.128489744592361149e+03
1.312500458085992477e+03
1.449513630329572834e+03
1.053183764586043708e+03
1.443405899846822422e+03
1.590934828329957554e+03
1.833930698729072674e+03
1.300804286323188762e+03
1.758635792642075330e+03
1.218018538228451916e+03
1.052867899682635425e+03
1.566710988867404012e+03
1.492416982886416690e+03
9.975478254822836561e+02
1.700209730680212488e+03
2.071237651646291852e+03
7.465535071753413376e+02
1.291506700165837174e+03
1.488345832252240825e+03
1.078407956509722453e+03
4.289656458634600540e+02
1.326548957373813437e+03
7.481237995930162015e+02
7.460682298084137756e+02
1.727623801902093419e+03
1.346461157490003643e+03
8.957920290703673345e+02
1.232340522071161558e+03
1.058147132818257205e+03
1.576839071328450473e+03
1.393283012680218008e+03
7.303779737864692834e+02
4.244531526432309079e+02
1.340981012728959513e+03
1.225862741148150462e+03
1.618446487443440219e+03
9.368029900973452868e+02
1.480519526912506535e+03
1.610938156623938085e+03
1.218844088354211863e+03
1.688113944414216803e+03
1.659642392488927953e+03
1.165258489827185713e+03
1.190514544614884016e+03
1.183907154943545720e+03
1.304201822702580785e+03
1.019493989688823376e+03
1.173915769393687697e+03
1.162776279876385161e+03
7.427622505922970504e+02
1.285583488764328195e+03
1.270469954586827043e+03
9.110197948420311604e+02
5.941072964874457512e+02
3.690313728866381098e+02
1.167073256270635738e+03
1.704898056191014348e+03
1.309767357763118980e+03
1.443030071220801119e+03
2.287101204610507921e+03
1.322923751148965493e+03
1.266612639861667276e+03
1.207578750065713166e+03
1.903476124818992503e+03
1.571387730201407749e+03
1.657723608271889134e+03
1.194570339971061458e+03
1.146556303869720750e+03
1.379871146523286598e+03
1.131938235001087605e+03
1.359742870276985968e+03
1.381377951035155775e+03
1.292682829130794971e+03
1.525350783680726863e+03
1.497065785209967999e+03
1.315719337768868172e+03
1.537997856328649732e+03
1.786833102408607147e+03
1.592472773697199955e+03
7.369623068494792051e+02
1.038248760401767868e+03
3.887323889675600412e+02
1.370333969924066196e+03
1.540509112105521808e+03
1.303561451419622472e+03
2.520962041423326355e+03
1.578234741949378076e+03
1.456358000117418896e+03
1.721439023659715531e+03
1.761838704057347059e+03
1.678178689938149091e+03
1.229775597576246355e+03
1.442910871620907756e+03
1.338727589308339020e+03
1.362205029562415348e+03
1.634390807210451840e+03
1.312322196400796429e+03
9.946027187133672669e+02
1.378711719064056069e+03
1.233929923673959365e+03
1.131130805304470641e+03
1.814643039651809204e+03
8.002438755198589604e+00
1.104634128988147040e+03
9.105391430765172345e+02
1.085792676918380494e+03
1.988433899779273588e+03
1.910047123793277933e+03
1.181295814751366379e+03
1.077919511262442256e+03
1.669504357473818345e+03
1.322968633169036138e+03
1.389037874095256484e+03
1.897035215274192979e+03
1.274827776204547263e+03
1.555553218314816377e+03
1.767390041673283747e+02
1.618743154916942331e+03
1.358505981804893736e+03
1.725775381340176182e+03
1.366808732863518344e+03
1.013121507124634604e+03
1.361133168584181249e+03
1.042884417698659490e+03
1.446572937686971954e+03
1.512565544773101692e+03
3.536134820794741245e+02
1.227520595100973878e+03
1.836026935824536622e+03
1.355379823036886137e+03
1.388405899750676099e+03
1.738434116753939236e+02
1.276169381295529547e+03
1.696831710111638643e+02
7.669554568825218439e+02
1.304107545615588833e+03
1.206144696017518754e+03
1.400801688833898197e+03
1.628499134704544531e+03
1.497159074548966373e+03
1.747940280780687317e+03
1.437493596701635624e+03
1.719562857821731541e+02
1.691695861997395923e+03
1.221410190993058450e+03
7.358342606235969470e+02
1.587531712810464569e+03
1.357516318380551866e+03
1.361924967504691267e+03
1.147769596888316300e+03
1.551345170879558282e+03
1.461591901474112547e+03
1.138642758262435564e+03
1.531274764932236394e+03
7.005260208254486543e+02
1.226053468703874159e+03
1.148466326072594484e+03
1.037653811382741651e+03
1.187902374733333318e+03
1.699888911819122370e+02
1.301731649716552965e+03
1.761398013719376934e+02
1.449027826177502448e+03
1.610954388589425889e+03
1.202987685208267976e+03
1.940806909427054279e+03
1.552088861428483824e+03
1.528743973242306993e+03
1.656433578205595268e+03
4.374171629349424961e+02
1.817253427459756381e+02
1.705762061036003843e+03
4.346713192895811062e+02
1.264004585488921066e+03
1.026797377075062741e+03
9.300901402814648691e+02
9.610012195412510891e+02
1.853326195499399773e+03
1.076895892101917752e+03
1.400970367321816411e+03
7.232888330818775557e+02
1.059879605725214788e+03
7.242617226975323774e+02
1.938224328268331874e+03
1.291638476581440500e+03
1.454637719490396194e+03
1.174473048568298509e+03
1.397808075788066617e+03
7.586610842996690280e+02
1.363509745233380499e+03
1.978622581409997110e+03
1.950039845823230962e+03
1.373921503483918741e+03
1.442652182526164779e+03
1.327172993285581015e+03
2.022161552315997369e+03
1.404718035236463948e+03
1.462490751304851301e+03
1.268303362707939186e+03
1.389539420532248641e+03
1.515564009747808313e+03
1.497680530960489023e+03
4.391370401908544068e+02
1.391275779016978959e+03
2.168721374083051614e+03
1.358018400774637485e+03
1.079818856039471484e+03
1.362496467476993303e+03
1.548254357704588983e+03
1.870837272940242656e+03
1.217321078580665699e+03
1.260846212138734700e+03
6.173554997718143795e+02
5.949216439544683226e+02
1.587874103579959637e+03
1.406715367075057202e+03
1.276680486951371677e+03
1.325681516971563497e+03
1.142094217181403110e+03
1.102582508095923231e+03
1.008403599333382545e+03
1.437044822903348859e+03
7.320892636446359347e+02
1.334271915899171972e+03
7.522025919852184188e+02
1.222215790301813968e+03
1.274636391677079018e+03
1.287785899759549920e+03
1.036390727476844631e+03
1.323556154533845302e+03
1.501434656550290583e+03
1.529170519176978132e+03
2.859749292959916147e+03
1.783875991530321016e+03
1.636665757119960972e+03
2.266542723352590201e+03
1.503687970375081477e+03
1.343496920300634883e+03
1.143371275858942909e+03
1.028002585860604995e+03
1.273859537766578569e+03
1.218772091745167245e+03
1.265924870176944296e+03
2.038246113797123726e+01
1.178296001130733885e+03
1.040205392936947419e+03
1.155626275360499903e+03
1.474950868984214367e+03
6.683951348153698291e+02
1.438848763937183094e+03
1.760606018820020836e+03
1.655969199956546390e+03
1.599716177951182317e+03
1.743992930292010897e+03
1.845211022953751353e+03
1.276036205580726346e+03
1.260953906934605584e+03
1.558342590758854158e+03
1.564819361335238455e+03
1.764328363885877025e+02
1.475923998609492173e+03
1.436103523212558230e+03
1.466886389727005962e+03
1.110908491775148377e+03
1.067534414096842511e+03
1.169273627823908328e+03
1.363138556871362880e+03
1.301718644133793532e+03
1.173019208155614479e+03
1.370766285695094439e+03
1.299913430488495123e+03
1.255785402774504973e+03
1.009910985688776805e+03
1.113681727880058588e+03
1.363780538845709543e+03
1.829791939770275576e+03
9.744267468512299502e+02
9.077172531492584540e+02
1.527384919717504772e+03
1.229625573188387307e+03
1.656179019847155132e+03
9.884995395570293795e+02
1.343886850183022489e+03
1.267034797697058593e+03
7.222005641056487093e+02
1.272772248880888583e+03
1.315299815715677369e+03
1.055612259844343953e+03
1.452540570384416469e+03
1.844677300776100765e+03
1.087445561018123499e+03
1.148710356846890591e+03
1.171748550864143908e+03
1.470335913471962385e+03
1.385138831437265708e+03
1.339201392028360942e+03
1.130243288453793411e+03
9.589164200870120567e+02
1.127485523516405237e+03
1.325541689186482699e+03
7.312878807086248116e+02
1.278232974355300257e+03
1.149855759011688633e+03
1.146369379626560203e+03
1.346797479552853929e+03
1.363986323203650954e+03
1.350025322067026309e+03
9.760585000058873675e+02
1.361430777649195988e+03
1.425103929619961946e+03
1.691874421158913719e+03
1.449397205879524563e+03
1.624072092750744105e+03
1.635101545964138268e+03
1.326027041978664101e+03
1.322087672554289384e+03
7.400349507249204635e+02
9.279886350186351365e+02
1.686051169649422491e+03
1.391762500285847864e+03
1.017826674076221366e+03
4.359375758250691888e+02
1.420332312973566786e+03
1.261152203133531202e+03
1.383013165067820637e+03
1.074028610825425631e+03
9.975450423913858913e+02
9.342023981079697705e+02
1.288543451578472286e+03
1.633416182280517432e+03
1.327532650458800845e+03
1.442548780427654265e+03
1.185570221201897084e+03
1.402938097437545139e+03
1.257869516667851485e+03
1.434548644819411948e+03
9.998561688088096844e+02
1.676523359990064137e+03
7.502022228298325217e+02
1.021243595058630831e+03
1.339460375994416154e+03
1.119366255185327191e+03
7.356749021573303935e+02
1.280106270517594794e+03
1.701587202629509420e+03
1.334944064531038293e+03
1.358236619392815101e+03
7.330822229335510656e+02
4.409539404837631764e+02
1.373466783734041655e+03
1.235109097211451399e+03
1.333781390936015669e+03
1.371377333356675535e+03
1.256696498461745477e+03
1.427251285274419160e+03
1.354875345626105627e+03
1.642363870989939869e+03
1.322231902493545249e+03
1.750507488698975521e+03
1.665725846462861227e+03
1.414908262597396060e+03
2.507769687087888087e+03
1.483636466000905557e+03
7.279136441923138818e+02
7.426328313192605037e+02
1.714616596770508295e+03
1.704201036668526058e+03
1.245456951393830423e+03
1.012820720518682833e+03
1.159205548882038784e+03
1.101041155979420182e+03
1.766560534665250543e+03
4.437222648767685769e+02
1.600667547172811737e+03
1.731359303786586679e+03
1.353931520972126691e+03
1.944459662552860664e+03
1.512158283510083720e+03
2.144750497992585679e+03
1.737301903319277244e+03
1.457251005649687158e+03
9.691067266039276547e+02
1.323519208515661830e+03
2.078131262399281241e+03
1.332811043254808510e+03
2.049863162745145473e+03
1.089842534507490200e+03
1.316937836350301723e+03
1.206982848988765909e+03
1.387176535576574906e+03
1.157034984996715139e+03
1.249208519192581889e+03
1.472017990821676676e+03
1.561509543629172640e+03
1.331126811987041037e+03
1.141655304002622188e+03
1.420073597723681132e+03
1.242873698554042676e+03
1.746220905000745915e+03
1.646577685236467914e+03
1.906309785534077037e+03
1.644722173194603101e+03
1.906836811135908874e+03
9.633564505914924894e+02
7.562616159837791656e+02
1.642552551057033725e+03
1.748719874518756797e+03
1.183879970256113666e+03
1.758654669917515321e+03
1.445736162948287983e+03
1.933944574000079683e+03
1.244823569915708731e+03
1.513877089641560588e+03
1.356262772368234437e+03
1.591171773940567618e+03
1.509976421807057477e+03
2.500341454007402717e+03
1.239691930583488329e+03
1.474237489003759492e+03
9.166940128004912367e+02
1.442912935297319109e+03
1.286414995021467121e+03
7.316271455766859617e+02
1.318260286517842815e+03
1.283196404605377893e+03
1.296921457159990723e+03
9.868761302871187127e+02
1.352360189126631212e+03
1.691847285114291481e+03
1.604678798112296136e+03
1.093016059014426673e+03
1.954387776680999423e+03
1.399361152889776349e+03
1.303504044099078783e+03
1.327237078252200945e+03
7.422525002561974361e+02
1.973904407612604700e+03
1.783787165406838767e+03
1.771147336105521390e+03
1.441957832752387958e+03
9.829877583816547713e+02
1.407346105385287501e+03
1.554414404622619486e+03
1.556749808394527463e+03
1.225961885836949477e+03
1.058445431469080859e+03
1.179431027210173170e+03
1.692935294220241303e+03
1.331388365280307880e+03
1.296877354417986226e+03
1.183914496863306567e+03
1.520204135690913972e+03
1.140423033835476417e+03
1.423828143510253767e+03
2.569463131894794515e+03
1.667307115203013154e+03
1.927184020713454174e+03
1.200442767251942996e+03
1.271978485667024415e+03
1.313590914882365496e+03
1.336848365733238325e+03
1.281486342601878960e+03
1.323299565896381409e+03
1.073360109609858000e+03
2.112678322805382777e+03
1.463472771690509944e+03
1.518607985452164712e+03
1.369567606869008841e+03
1.429386609269132350e+03
7.171043748420757993e+02
1.063218304109059545e+03
1.483042510181116086e+03
1.603783726791309846e+03
1.668151982641571749e+03
1.259943349073936588e+03
1.451752272769094589e+03
1.516593186126126056e+03
1.582967859632649606e+03
1.098495505819340906e+03
2.060571262143388140e+03
1.270766790474745221e+03
1.304802608074604450e+03
1.446369983354675242e+03
1.996215706963200091e+03
1.331960626620920948e+03
1.372036437624610471e+03
1.657973631753547352e+03
2.032719436493029889e+03
1.039756594436934392e+03
1.129342605105819530e+03
1.605527303359612915e+03
1.841330393567593546e+03
1.618687293880253037e+03
1.368767438544711240e+03
1.059440393002158544e+03
1.404991035873134251e+03
1.774477090013577481e+03
2.261931082418826009e+03
1.408600995514117585e+03
7.426987731651248623e+02
1.910194102719417515e+03
1.359484434370963527e+03
1.241601044183991462e+03
1.987361110477458396e+03
1.653285881028562017e+03
1.283334519028222530e+03
1.423427412935885059e+03
1.538380867012318504e+03
1.310591943604927337e+03
1.570522800224356615e+03
1.635142226638222610e+03
1.306570357703953732e+03
1.443914444519670951e+03
1.627304973973828965e+03
1.404468566281765106e+03
1.873186660738361525e+03
1.590749059589598346e+03
1.409049806809634219e+03
1.499584718244752139e+03
1.369886992210424523e+03
1.381799869592168761e+03
1.882216573806385895e+03
1.891794848166860675e+03
2.440108007981621995e+03
1.541956958897422965e+03
1.288180627972866660e+03
1.413297931840484807e+03
1.826451015001319547e+03
1.910301523790856209e+03
1.921886258333483283e+03
1.895292431261394313e+03
1.887177988356159631e+03
1.489232417483587824e+03
1.777643369049606008e+03
1.523657197378935734e+03
2.077659304073851217e+03
1.569152569804394716e+03
1.572067610128896149e+03
1.347232072111818752e+03
2.323496399464028855e+03
9.939212151125498167e+02
1.778999967386215303e+03
1.564640322649703421e+03
1.773601818740409044e+03
1.495025226219757997e+03
1.224402524077637054e+03
1.490044687925242897e+03
1.236820921777320336e+03
