4.185480792789888937e+01
1.132101392588599431e+01
2.933599250863506569e+01
7.152114194328063057e+00
2.794379183005812806e+01
3.128118052688835604e+01
4.818623148247709764e+01
2.084270330820484673e+01
1.654439308444976575e+01
4.066920710975711728e+01
1.222059994676813943e+01
1.784393150992632471e+01
1.497938738108393153e+01
4.225465755058245065e+01
1.584731872714121081e+01
8.006811762063205151e+01
7.343678127092717389e+00
1.476657663971052159e+02
4.867809866687476728e+01
4.959626073978610350e+01
1.603478282954925405e+01
3.654250541792562501e+01
1.865130527767992419e+01
8.577027840092310385e+01
2.397084321997713730e+01
1.443145530085276462e+01
4.533853210405064260e+01
1.837446491672112003e+01
2.064374317010954130e+01
7.944435859049133342e+01
2.007419960036156326e+01
3.249444207239619242e+00
3.645342782210949650e+01
7.137379756283128707e+00
3.414561377133559006e+01
2.491316526090118089e+01
4.939635121724798950e+01
1.329841229312519957e+01
1.176382165827648834e+02
2.692777333008482898e+01
1.183284551811708951e+01
1.190679099006014319e+01
1.078883406350895946e+01
3.377279880893232189e+01
4.794390779430342775e+01
6.137574941257722116e+01
2.106823014222503687e+01
1.779632072421534517e+01
1.232236236139772245e+01
1.181308718750389453e+01
1.760978080884214592e+02
1.038235491483033002e+01
1.343588106517477243e+01
2.305899064634041196e+01
2.310675848484497052e+01
2.519033262338753332e+01
1.402953712575895473e+01
9.639705498747511925e+00
1.235907501890777205e+01
6.847828757206523065e+00
8.679287807987549286e+00
1.126276671606824564e+01
4.842087761148775371e+01
2.267909048788912685e+01
2.015576210359030185e+01
1.106740701637973245e+01
1.925808126681669563e+01
1.968218780177797811e+01
8.452135815666590446e+00
2.407700752874618289e+01
1.599760608874586509e+01
1.546378128352249526e+01
8.934660762637774667e+01
1.101489554899576007e+01
1.104900867829496747e+01
1.914471171672322924e+01
1.566900386903618880e+01
2.056287642879627953e+01
1.130961148601977229e+01
2.010875148532544188e+01
3.049740322858228936e+01
3.526739237109222813e+01
1.980488618805249246e+01
7.147064597090364657e+01
1.338924257982705157e+01
8.642630821044948064e+00
2.228185993287890199e+01
7.750435268473546024e+00
1.117761353757093801e+01
1.156907861341428401e+01
3.391651028137223989e+01
8.840889210836718348e+01
2.383533496488202275e+01
3.906040733964769629e+01
6.148067638680435465e+01
5.502886143087201276e+01
2.044010845780746166e+01
2.273508307696900133e+01
8.064524761035663403e+00
4.527001245857532297e+01
1.421726537826969228e+01
1.983214891355665088e+01
1.127823349920135598e+01
7.308834575755165019e+01
2.109698083888242692e+01
7.791361097331411578e+00
1.155098380570166370e+02
1.068961636748116888e+02
2.561550532586397111e+01
1.611672837670677794e+01
1.708496357395644694e+01
1.970119862755290896e+01
1.734212505603638022e+01
1.936557861512107337e+01
1.464068880728570043e+01
2.466633834030964678e+01
1.136193741091613418e+01
2.203804331182846354e+01
1.141244922906989423e+01
1.007706771209465835e+01
1.161841712498642387e+01
3.088524164976628583e+01
3.577308482349813801e+01
1.742627443860712333e+02
9.308921645335823669e+00
1.158597204985188434e+01
1.368512342381244906e+01
9.002300604909686754e+00
1.033741791787125663e+01
1.747617198171112918e+01
1.042784627931383667e+01
3.851564928778341823e+01
1.574149368500562218e+01
3.593719167000050163e+01
4.195626926616011332e+01
6.689347501513115191e+00
2.968508024128971812e+01
4.365270873374044669e+01
2.467292694818751642e+01
8.567181248083294065e+00
2.307230725574568453e+01
2.223511374764137827e+01
1.905768300410419158e+01
1.196749340090189762e+01
6.709021139193676042e+00
1.786016524585848231e+01
4.133254089178058877e+01
8.115069983566684186e+00
8.909883403456941409e+00
1.002410074539843521e+01
9.564684105066186603e+00
7.753059386917779250e+01
6.302813957366478981e+00
3.208388782079407520e+01
2.156362952264375465e+01
1.718176680892066344e+01
5.051121417782068335e+01
1.521222548547592801e+01
1.059673114754328793e+01
1.331924792023031756e+01
1.681502521986352292e+02
5.813920780830958535e+01
5.958204169098303993e+01
1.679174239684076397e+01
1.639881697140144468e+01
8.772882704861883596e+00
8.472109608092472044e+00
1.302956764082984265e+01
2.556582172912499828e+01
1.371862099766865661e+01
6.867650207378355276e+01
4.484251538916051061e+01
2.091420545241767215e+01
2.374861987565525467e+01
1.610201779668060951e+01
8.504516816161256543e+00
2.460629588210003504e+01
3.669172689298022050e+01
1.066221439847971197e+02
1.484396087436455858e+01
3.351645627519878445e+01
8.038102419287925571e+00
7.115301152124064288e+01
2.459840536867029215e+01
1.230914741679179514e+01
3.312710738730284987e+01
3.409353538872821332e+01
1.543729060881819670e+01
1.598903903007075300e+01
9.692680011930463024e+00
1.400384118605062440e+02
2.579867937335917460e+01
7.526818968796574083e+00
5.186194015570295335e+01
2.449597168117031387e+01
1.536008026037987975e+02
1.253110721788215365e+01
2.551947010370552960e+01
2.226413754336255124e+01
2.646889160804492036e+01
2.025779894849991436e+01
7.585254073423006282e+00
5.086399747210586497e+01
2.776258655981018109e+01
1.879444771469314048e+02
2.946773909049704088e+01
2.919060371481359795e+01
1.269858459307767262e+01
8.219688053492775737e+01
2.614400841497359451e+01
1.521888404618395541e+01
1.477739199078256682e+01
1.574937308570539329e+01
1.849755468802299418e+01
2.455611083184151866e+01
2.123440028555256163e+02
2.726920957826968106e+01
1.050944969682207919e+01
8.731469234734427687e+01
2.135195642794892734e+01
2.640740803141112636e+01
1.177029970143669715e+02
2.056849544307245736e+01
1.245667035003678969e+01
1.268395352880871343e+02
1.460650340332653840e+01
1.354369953345196791e+02
2.111534924754275266e+01
1.319555311297290068e+01
1.127555015365767233e+01
1.363634762589194871e+01
1.132372451707125371e+01
1.657379221987645579e+01
8.676463377277018552e+00
1.239990366078813544e+01
3.796649047775428443e+01
8.656041226979665382e+00
1.079765311049290588e+01
1.920739636629102165e+01
1.116469167152936990e+02
3.788574444069004699e+01
1.697107162591556317e+01
2.397048939820437568e+02
2.315940280316258537e+01
1.229860923701648723e+01
1.339233924406150678e+01
2.607887499416806421e+01
1.520270714263721779e+01
2.283674028114789323e+01
1.511862568418794162e+01
4.117993618798029587e+01
1.318477753644386219e+01
5.909490711041399891e+01
5.930224760393972616e+01
5.981812067848390591e+00
1.573629463160819064e+01
1.215365029465345970e+01
3.714892582274774213e+01
2.960802090513378459e+01
1.102419657469021672e+02
1.469344331257078196e+01
1.356084370965205892e+02
2.562321504240739145e+01
1.095784181080943576e+01
4.765878013426991799e+01
4.041006978681934214e+01
2.672560314546076299e+01
3.911044181378562712e+01
6.303073240950979539e+00
1.125555790529431910e+01
9.364864702236567950e+01
1.075479820825095700e+01
2.157275783709352268e+01
1.461005305734044413e+01
7.297302224554127470e+00
2.122986936593463270e+01
1.928371028117681263e+01
1.120311011827435266e+01
9.376921327587663058e+00
1.833389692655176262e+01
5.644810110176993589e+01
1.437228994520484804e+01
1.856843983058120529e+01
8.978287165663090263e+00
9.705079711130688125e+00
2.531526301717013538e+01
6.185565205748334350e+00
2.221639140349642361e+01
1.645042359024366263e+01
1.468445684195382910e+02
6.984837112575668527e+01
1.159839454909524292e+01
2.582828873645785350e+01
2.788716432017062985e+01
6.391765388901558431e+00
1.184311809454551501e+01
2.603345632663452136e+01
1.425045653854574645e+01
1.283560641785004464e+01
1.350480880501121383e+01
3.045509836094946010e+01
1.277031106201994604e+01
4.963163242224550231e+01
1.322585253787099724e+01
1.111117132184073597e+01
1.328912048624125397e+01
2.597041777535518747e+01
1.225944471340339881e+01
1.860528006577822424e+01
1.182549154314528650e+01
8.749217864416936052e+00
7.453650474138822801e+01
1.121637201000922701e+01
5.529247639365780742e+01
2.054392059258551129e+01
8.151517484401336944e+00
6.245395902355534190e+01
1.274019163891874484e+01
7.244493842564257768e+00
5.072300940633945743e+01
8.239267801103082434e+00
1.654346834008778444e+01
4.611675215178208020e+01
8.273016253839809053e+01
2.043905488064893206e+01
1.411734098970875451e+01
1.430815376266692240e+01
1.161450434538496346e+01
2.650333063807942935e+01
1.148222625955065439e+02
2.077643728001173073e+01
2.100579886661497397e+01
1.522789382284080695e+01
6.635621534374438468e+00
1.993419357937316647e+02
1.519145417972970620e+02
1.960739869862822218e+02
1.963478073442412608e+02
1.916911331406770671e+02
1.909083421013974657e+02
1.981655770305749229e+02
2.069697551260390469e+02
2.096848955807969901e+02
2.137394348553106056e+02
2.132614743244977547e+02
4.127463905008953304e+01
2.043931529450677829e+02
2.052406607085888766e+02
2.027120524893443019e+02
2.116990426102321692e+02
2.526510312180061746e+01
2.066596050290027051e+02
2.086861243521979077e+02
1.977202094177030176e+02
1.831422288350426584e+02
1.916559366931894317e+02
1.943564060879396607e+02
3.804946900123375286e+01
3.140843413941205853e+01
2.676471347703253656e+01
6.968195846228508294e+00
1.990544926035059916e+02
1.999311664142985308e+02
1.979938296026890328e+02
5.463030041658335278e+01
6.703154402156742719e+01
1.925908457639781659e+02
1.951530831000571879e+02
2.002953501166343813e+02
2.011417547233412222e+02
2.087864618062750992e+02
2.065870292578606211e+02
2.111246812844187843e+02
5.913237896954510830e+01
2.167187634096373188e+02
1.958040163816439190e+02
1.926535316581966981e+02
1.922160261826185774e+02
1.925173119956505161e+02
1.927778623719483448e+02
2.004604670399246800e+02
1.925845688763369026e+02
2.029783765972460685e+02
1.948066544912079792e+02
1.971797819948385779e+02
2.080346600959198256e+01
2.080324745237656430e+02
1.943738060765245734e+02
2.019351914552815970e+02
2.070037580752828319e+02
2.100287095864063076e+02
2.076366450948803504e+02
2.042025177187990437e+02
2.064756984738291408e+02
2.075206326548466507e+02
2.046104289583975344e+02
1.954944750165931566e+02
2.090391464504969292e+02
2.035160729797446777e+02
2.055950452164053956e+02
1.925737408939040449e+02
2.037932281176459242e+02
1.998191981001905901e+02
2.022468970240032036e+02
2.022766163998223590e+02
2.025656025432386969e+02
1.901050290494221429e+02
1.348023477033263475e+02
2.010872775841502289e+02
1.969750044313935291e+02
1.961104017887511475e+02
2.037603973372532664e+02
2.073010600861367436e+02
2.559229523034436511e+02
2.220342731911797500e+02
2.146553027970016672e+02
2.160012645657653252e+02
2.150657315416417248e+02
2.278125243853242310e+01
2.190322354027900076e+02
2.124765465055849631e+02
2.079549517491967379e+02
2.285889530675135859e+02
2.101343563498847971e+02
2.400386664903458609e+02
2.448748314756290654e+02
4.612140104025546350e+01
2.746808074139100313e+02
2.539773563469098860e+02
5.108623714991725251e+01
3.674360583104396483e+02
3.381749228405641929e+02
2.992723450626842805e+02
2.907175946548964021e+02
4.953923941928115937e+02
1.367191558804383646e+02
2.642424912823884711e+02
3.118451120540232182e+02
3.246222091424974678e+02
3.503626265659207775e+02
2.395598679393304167e+02
3.848727189449339789e+02
2.320857837530273855e+02
1.908268919706549411e+02
3.664954741566767211e+02
3.315328794404867381e+02
4.181290900779084723e+02
2.718752488764909003e+02
5.842216400527215683e+02
2.778403506567735803e+02
2.613781615757603163e+02
2.575596001588406239e+02
3.501855043007622612e+02
8.248991564532268228e+01
6.205303088946928938e+02
1.025684734076112505e+02
4.158226387643665589e+02
2.629711837184680689e+02
2.003147951810117320e+02
6.995135884645835631e+02
7.084394849364857691e+02
5.902122868941612523e+02
3.108848511220724049e+02
2.266238802896047275e+02
4.657295578842324062e+02
4.759844199108313205e+02
3.034026598933355672e+02
2.868803294179467684e+02
5.181326369901644284e+02
3.113209259512213976e+02
5.959318038686014916e+02
4.246353121062307991e+02
5.381093604158616017e+02
1.283860515783950973e+02
1.265851975392748301e+02
1.507861786587442339e+02
7.142932705685780093e+01
1.633525531171237333e+02
1.475665637130480548e+02
4.393302738440063990e+02
5.101639487704606495e+02
2.026689647322741621e+02
4.443059895751144381e+02
2.360171262165499400e+02
5.076004614239724333e+01
3.988482442848210212e+02
1.162552948502259085e+02
2.713373784303426817e+01
4.257071992398273323e+02
1.855476704055039079e+02
3.607298149418558637e+02
1.265051175364552165e+02
4.015726450742764086e+02
2.400674287322875671e+02
1.338932159865515992e+01
4.079307422173994269e+02
2.511096349586741283e+01
3.607114091032105563e+01
4.516878270543570579e+02
4.484231292597411880e+02
5.415748836000620940e+02
4.647922982025194187e+02
2.449302283885655527e+02
1.990718393243074047e+02
3.380315329454147673e+02
1.958551065358361143e+02
1.474240577414430220e+02
2.049914698785185863e+02
3.245953665671415820e+02
3.356433540851282942e+02
2.580562448500463120e+02
3.354156522471787412e+02
1.977395918587691597e+02
1.816352735863036969e+02
2.007145404490757130e+02
1.956178815873376209e+02
6.523172020116492220e+00
1.390909027350077452e+02
1.863384724159695622e+02
1.603755621467893491e+02
1.838621719165843444e+02
1.578738563261353249e+02
1.699195020523209791e+02
1.554861722453087225e+02
6.900742097478138248e+01
1.568812089843215176e+02
1.551719719931479347e+02
2.973937823290924030e+02
1.629775362383240918e+02
1.818604327626554493e+02
1.864781175265788136e+02
2.226138038537790464e+02
3.759450758806926274e+02
4.629011039984543174e+01
1.385162354277671852e+02
2.491462724495860357e+02
9.072023025596899970e+01
2.339101441975532509e+02
2.877528732270752698e+02
2.966504072850136140e+02
3.130681187328344208e+02
5.662843864857625249e+02
3.984126469342486985e+02
4.178244935419091348e+02
1.980401133040680008e+02
2.760089586610277479e+02
2.321537307105347168e+02
1.601367587767373095e+02
1.609078911719672078e+02
1.492435370875124079e+02
1.660500020382063013e+01
1.699584647447862196e+01
5.478194769791715544e+02
4.738072285355940494e+02
3.546342186132341681e+02
1.517519206692137423e+01
4.280308949473277380e+02
2.511323121916394641e+01
9.578858871002991293e+01
8.876005555090446819e+01
1.155015011028833172e+01
6.058130691905968206e+02
1.196960644256370720e+01
-2.621422081102915413e-01
6.658187057913072415e+00
4.297038942353252899e-01
-3.367601904084713826e-01
2.129644987757063124e+00
2.835145173659461726e+00
3.539854855395295541e+00
5.099998985598798384e+00
5.430999904698989411e+00
5.227577456283182045e+00
5.906847631674069454e+00
8.975918600710322437e+00
9.261331213893576830e+00
1.338374047873414963e+00
2.718933403392154169e-01
1.850412164728352016e+00
3.008424411388430086e-01
3.449872464482070189e+00
3.311229531588790298e+00
4.747748284608189095e+00
7.859497547278050611e+00
4.777465768798688117e+00
3.594106741185389531e+00
3.802852496947246141e+00
5.901111147786140876e+00
5.963316269264961278e+00
5.544405759244520837e+00
5.856964955147951457e+00
5.718304623079981219e+00
5.532107603331616552e+00
4.040773443639552376e+00
6.267889848885119797e+00
5.466192121878680865e+00
7.234599725966569750e+00
5.372630469654166241e+00
9.211544022777976792e+00
7.743310947887041884e+00
4.714467480454233694e+00
3.432854339762183127e+00
9.153844840503422731e+00
9.189376003174681173e+00
1.564309461802410262e+01
7.698227077493617898e+00
8.575607864829237315e+00
1.980436180059016493e+01
7.605676776277531026e+00
7.541299386354866741e+00
7.520807833139376619e+00
7.352651220898162698e+00
8.389556472970859602e+00
8.550270285402753245e+00
9.042628566309133475e+00
7.773895579611565410e+00
7.146750404117766742e+00
7.558937033962600083e+00
7.056259934053307425e+00
8.265701861303242026e+00
8.668593715345325634e+00
8.176012816842511910e+00
7.953906965757552960e+00
7.680535588967930316e+00
7.495369231522837516e+00
8.816155001246942291e+00
9.398670701908827141e+00
8.678144719314568434e+00
9.163791547122389858e+00
9.397148369843545623e+00
9.792600614849748197e+00
1.050086231531621017e+01
1.067460207236690195e+01
1.040538824737038404e+01
1.131517185099893474e+01
1.265662067974160720e+01
1.260719906836137660e+01
2.199447403662875189e+01
2.279682569031903228e+01
2.492844504710836517e+01
2.498407114068044521e+01
2.371952878054240088e+01
2.640209141526738179e+01
3.341631558148839787e+01
4.509549621154616972e+01
5.549419337743256619e+01
1.002722297557508142e+02
1.085429388777437936e+02
1.000912943301283690e+03
4.245835646748084855e+02
8.344533214583873360e+02
7.098071640624149268e+02
4.742388680099410436e+01
1.806056033770352371e+02
5.967119977939655655e+02
6.873674076923930443e+02
1.150395472974026632e+02
1.879764843132798262e+02
1.903113114994421835e+02
1.790406665526767540e+02
6.471808789615973865e+02
5.795063873672144155e+02
1.623212128224429591e+02
4.707226968228545729e+02
4.184570682615705550e+02
2.163200277272060816e+02
5.198069927601002291e+02
5.741684167643147703e+02
2.000961432522881296e+02
2.110597575956039691e+02
5.323952453239904798e+02
4.643106547634315575e+02
5.285054506890643324e+02
3.223809404102005942e+02
5.753378205385217825e+02
5.347212061629010122e+02
6.617906574361833236e+02
7.344073210152694173e+02
5.988528082374281070e+01
8.900104818624631662e+02
4.311711913353793193e+02
6.399106245991898732e+02
7.347765885790153106e+02
4.168952571612605311e+02
5.226700294039319488e+02
3.943518511156881345e+02
8.059090841127448357e+02
1.293298265536587621e+01
6.987781040338413732e+02
5.316404535631154431e+02
7.461650199137078516e+02
1.399815806952975095e+02
6.802740137991903566e+02
6.505176234761386240e+02
7.838093740994204381e+02
6.063789396937622769e+02
1.225721267176303719e+01
8.060708716205297151e+02
6.893159612513601360e+02
6.417345066333260775e+02
5.315620172607864333e+02
5.210325725869256530e+01
3.495726929480496210e+02
2.247934706652742136e+02
4.391298846450121118e+02
5.530597137321096852e+02
3.988110238920116331e+02
4.063697486860989443e+02
4.197529888812732679e+01
6.800959589992224892e+02
6.513724039783963917e+02
3.215450814426239958e+02
4.757330371701632998e+02
5.966967720671065081e+02
1.102217366209426700e+03
4.402791471058891943e+02
3.432278416143634558e+02
8.327467435110813767e+02
9.204267321794771988e+02
2.286778477025486325e+02
3.037767682444106185e+02
1.325435027503155538e+02
7.905989262097617711e+02
7.721029692929187149e+02
1.080467047728222951e+03
1.767956840795709468e+03
1.961023333545016385e+02
4.790565603190912611e+02
4.558277887489859950e+02
2.031952603515934243e+03
3.573773406584346191e+01
1.016835276889540523e+03
6.558919698070117192e+02
2.428222068067095165e+02
2.034623773193528393e+02
6.598373705064861383e+01
1.104939561925554017e+03
4.077172394057407132e+02
7.380425448486997766e+02
2.366150899036368855e+02
1.592753279550255229e+03
7.261660207795744100e+02
1.583450987670617565e+02
2.000128159219588042e+03
5.461400568995566118e+02
1.478730652042784186e+02
4.436432418857209541e+02
7.158043560749097196e+02
6.918103641365064504e+02
2.651680932650489922e+03
5.584082921471485861e+02
1.053413620802596824e+03
3.366292521052305347e+02
1.558106577061760618e+03
9.504812375718694284e+02
1.371061652161986558e+03
8.765766149906675082e+02
2.105541990796317350e+03
2.119302290094174623e+03
7.302718642749398725e+01
2.077949395794830252e+03
1.031500882184702505e+03
9.299440158640957179e+02
4.091221123439757434e+02
2.673217469254573643e+03
7.292381762016175628e+01
1.474225474298555582e+03
7.051236435842273522e+02
2.057541944508133383e+03
5.889092161821535001e+02
2.279507695758860848e+02
9.952152456776673262e+02
5.131640841209885728e+00
1.417829456455699528e+03
2.530469619479986818e+02
2.161878775266557682e+02
2.485553345031977983e+02
2.539491762197901892e+02
2.397644268179024039e+02
8.539997081370196383e+02
2.457073975796961349e+02
2.832638658911212914e+01
2.369752330083860272e+02
3.221296560726815983e+02
6.520140970578760289e+02
4.778614707646087822e+02
5.199085163760948944e+02
5.302527305653775329e+02
6.976265664926081627e+02
6.061440371445141864e+02
3.771745061239474239e+01
6.560251122393329979e+02
2.650432258657402826e+02
6.619313351353104053e+02
5.503504591500767447e+02
2.672590065457896458e+02
7.550066519745034839e+02
7.998181839374714386e+00
6.524976696668447858e+02
7.926162735141068652e+02
1.029257030276050045e+03
3.825861800845440825e+02
7.870461793535592960e+02
8.883571532867431415e+02
8.525874484993159967e+02
4.222368145272776019e+01
6.763154095398811023e+02
1.161947131151255007e+03
3.996728457478482142e+02
9.735669787312449444e+02
9.800564144163629408e+02
9.781236074611441609e+02
9.841744299414508532e+02
1.099597922579919896e+03
1.250441114348949441e+03
1.414558576083727075e+03
1.158272125008979401e+03
1.035552278038746863e+03
1.293475309422174178e+03
1.249432148572997221e+03
1.060970264635117701e+03
3.889918725840866642e+01
1.178330152338215157e+03
6.979188482504797548e+02
5.522836636035229958e+02
6.559248302504998662e+01
8.968352867297388684e+02
1.182794587044721993e+03
7.602774432362981543e+02
8.908575616489019922e+02
7.833358287047826707e+02
8.168220382128982919e+02
1.155448944527140156e+03
7.637996224890786152e+02
1.489586648512079591e+03
5.787533165800374491e+01
1.313810271242489023e+02
1.124019342537543480e+03
5.656118957765788764e+02
8.630350103871366230e+01
1.257043626278623378e+02
1.278957095455177182e+02
9.313763041278707533e+01
8.478916616776896831e+01
1.310277425803108372e+03
8.527024051583772746e+01
9.237859243143982724e+01
1.569244681242296110e+03
7.849766321009239789e+01
1.012067097484267890e+02
7.768712883336959862e+01
7.084703965278154669e+01
7.857500065710425474e+01
6.201759957279689388e+02
5.093400476831237711e+02
5.083850296503808295e+02
1.124967029003257721e+02
3.313467832838021536e+02
2.098468715257154429e+02
1.496385037849848914e+02
1.132620601792014980e+02
2.058886229624133932e+02
4.781013636565003253e+02
1.788171273383408106e+02
2.010571095332055904e+02
3.901707914565945146e+01
3.805513346235385939e+02
1.485986816150562220e+02
7.134605411241379613e+01
5.599050099983951441e+02
2.006386679629133027e+02
1.177043907080096830e+02
1.177839813621307457e+02
1.252895188112996863e+02
3.645845804993846855e+02
5.532463593421842916e+02
2.677802408494623023e+02
1.011183940236883956e+02
9.496489225262359923e+02
2.750662359002540143e+02
5.440778225653183426e+02
2.455023405459694459e+02
4.875504099983480160e+02
1.789542231472933906e+02
1.357914247166529094e+03
5.424769653533995495e+01
5.407326661945869546e+02
4.801494226748451979e+02
4.977189083582904061e+01
3.167195712337084501e+02
4.778467005576791138e+01
1.714247718708624461e+03
1.049926267877175405e+03
2.686056130997621949e+03
2.691168114765134305e+03
5.064248521667338991e+02
1.407609129010752667e+03
8.884579178555284216e+02
2.606587587670048379e+03
1.494514648128384806e+03
9.761573626601195883e+02
2.234130131784887112e+02
1.410727629958294528e+03
3.382744509779179509e+01
9.148117342353907588e+02
4.113045765217718497e+01
4.289376466907721408e+01
3.273908311429188700e+01
2.799754055128396146e+01
7.972331747205619479e+01
2.064957995988830589e+03
7.279396509949795018e+02
7.433945159289625053e+02
8.248189977858355633e+02
1.264998320015051149e+03
8.909987904796894327e+02
1.373032020810628410e+03
5.672413504038273686e+02
6.609750463457745582e+02
3.800387529567233003e+01
1.035465550630173084e+03
7.564880326031759523e+02
3.588014079648667121e+02
1.579990270235906792e+03
1.089312970404264291e+02
1.568541389490232802e+02
2.246311599861625297e+01
6.954950877042476804e+02
1.192655710024316022e+03
9.492254683832968567e+02
4.057334237826160006e+02
3.943663846252148630e+01
1.939391854509364421e+01
1.633591919731819416e+03
1.226383046659694628e+03
1.557902104176523380e+03
2.468763761786865871e+03
1.386226502930960805e+03
1.726865332866376832e+02
2.339028990282988161e+03
3.865494587253672876e+01
4.425585630988570074e+01
1.255983328095800971e+03
1.145780669636012135e+03
2.782930634400440340e+03
2.857318384660763513e+03
1.928843995845640436e+01
2.727213620813883608e+03
2.304567487964478914e+03
9.503312524915526183e+02
5.751754999591607884e+02
1.812840350188060654e+02
2.000717844353314661e+02
4.114646940774537143e+02
5.518205786689549086e+02
1.625326267386135441e+02
1.843022285843103134e+02
1.827311344988947894e+02
1.676392622575727103e+02
1.501912417759462812e+02
1.367542278121354400e+02
1.484388082449469550e+02
1.870875308235057162e+02
1.808469340750450556e+02
1.682397585791826486e+02
1.762372629633844383e+02
1.640511459317043546e+02
1.897923774168858984e+02
1.038747737692223382e+03
7.807938443141455309e+02
5.083953590875306077e+02
2.048560712088005573e+02
2.876087803839143930e+02
1.512722081323616294e+03
2.452713618269604012e+03
2.088996481946138886e+02
1.972566042483598210e+02
2.614543749672390732e+03
2.836735660930753966e+03
2.774841521839448433e+03
2.694329536695582192e+03
1.617530880069355362e+03
3.850359502870669814e+01
4.085345389654850834e+01
4.483444830236181815e+02
4.182211619329225982e+02
2.449831319549119144e+03
3.079909486082252670e+02
9.742948506960908617e+02
7.527254036795063712e+02
9.253162063068581347e+02
1.137797344053879669e+03
1.644209375925557424e+03
3.329966272076859241e+03
3.439599226690320393e+02
3.688400360828322277e+01
6.483447952009896653e+02
5.379527287511157851e+01
1.140601472785963466e+01
1.055709253520534752e+01
8.544722340018473687e+02
4.358164058619745447e+02
1.918966292453688283e+01
6.563704491134207046e+02
1.383784406022309668e+03
1.723199032129470964e+01
1.831933233705769837e+01
1.460439817029883436e+01
1.360536516054766594e+02
8.920965053119477517e+00
2.043857956804297871e+01
2.502917889500984572e+01
2.257963550923172988e+02
6.610593724753505285e+02
9.711504226943769709e+02
9.849930843252808472e+02
6.090090466661484925e+02
9.835254197914632641e+02
3.816382058527117920e+02
3.134965254595375086e+02
3.454206254852840630e+02
2.024859513859305480e+03
1.821321701169638061e+02
2.568688469820145315e+02
2.648009939829570385e+02
2.708593186622032931e+02
2.599583245362433104e+02
2.103984290963202852e+02
3.672192593025537235e+02
1.634301742316241075e+02
1.408266641257624087e+03
3.671825719635576775e+02
2.774990696998289081e+02
2.637360714716602388e+02
2.915388824968889594e+02
2.011491285844902848e+02
2.864021066054775133e+02
2.652710278363297220e+02
2.963337140443027238e+02
8.811673075616777169e+02
2.599724192887018717e+02
2.604138780880736590e+02
2.862555199501201741e+02
3.940056129504637852e+02
3.128346975119252988e+02
4.941806289514906325e+02
1.261629654641529044e+02
9.245261168426720815e+02
1.293559243819842322e+03
3.408391513632307124e+02
2.627662799654891842e+03
1.509935626323890574e+03
1.585035347956808209e+03
5.396668952899209870e+01
8.285809938249004745e+02
4.173685011376105081e+02
1.292833000499364289e+03
3.012882622758963294e+02
3.880742952450334542e+02
2.404235812736445439e+02
8.602665106806267659e+02
4.510603626319045247e+02
1.721370079577231081e+03
1.210956347172107598e+03
7.142806435856073222e+02
1.447172750631568078e+03
1.521943578715003582e+02
2.810953729530968417e+02
3.115605539667149969e+03
2.905983120384354606e+03
2.113542389700656258e+03
5.458214199985411597e+02
1.445989934388628342e+02
9.962399914865184201e+02
4.845871163968462270e+01
4.097324003927062108e+01
3.462120683085946382e+01
5.345917882413243660e+01
3.267568842572484300e+02
9.681440564980131285e+02
9.738644157907427825e+02
9.753854395247566345e+02
9.758181794949041432e+02
9.710612299537912122e+02
2.030509337536577519e+01
3.076329855934116608e+01
8.628432790432543698e+02
1.802970127348269216e+02
7.897791711140639563e+02
1.845419184933053316e+02
3.851021829890534036e+02
8.551350404881707163e+02
2.750886210899734152e+01
5.367994231109714747e+02
2.709588449208110887e+03
2.015191486215090436e+03
1.253128049217311172e+03
1.192752283535056904e+03
3.047462133624297209e+01
1.631318553803725308e+03
1.127214642780465255e+02
5.718839405688986233e+01
9.659726317016794610e+02
1.640113261197903739e+03
3.369989071750507264e+03
6.199123228065463564e+01
1.414720507057915938e+03
1.702286888956570237e+03
2.366777653355616621e+03
1.090402050096599851e+03
2.471873893823342769e+03
6.809930372450992309e+02
2.523892689918602173e+03
7.246572556769592666e+02
3.157581195686138017e+03
2.956013479968787124e+03
1.759013432988221837e+02
1.011761860851636243e+03
1.841056343003930806e+03
3.080015420177600163e+02
1.164333295963775754e+03
1.003386007105721319e+03
8.943080799339348914e+02
1.430506153149494594e+03
7.889510053027825052e+02
1.006752213708615500e+03
6.936040766007708953e+02
1.571068752587961626e+03
7.362509834390339165e+02
1.169152127946426162e+03
1.968953963588669239e+03
1.779851632322659611e+02
5.879558757321941584e+02
1.974834546956030408e+03
2.953679646688491630e+03
6.074884753919013747e+02
2.287805328867305889e+03
9.623525379853875847e+02
5.493096780746926200e+00
5.342632886188808605e+00
5.236165082841667484e+00
5.614823652816178345e+00
4.674562466387182980e+01
1.934129786929148850e+03
3.149307724466143554e+03
3.142275064878810099e+03
3.109723969536846198e+03
9.472017019108097884e+02
1.927196768934919874e+03
3.333431422549343779e+02
7.526317721807188263e+02
5.871639576864811261e+02
8.490935143202831341e+02
2.734718618172807965e+02
4.466054495638371122e+02
8.029948179184610524e+01
5.571871152821621536e+02
1.195257022532624660e+03
6.935244298806767347e+02
5.340829195507366194e+02
8.284002274025823453e+01
2.530330224789293254e+02
2.798943793921657289e+03
1.537577617849395438e+03
8.441035973412748490e+02
5.359971450153171872e+02
2.235956873320204522e+03
8.532635869931078787e+02
3.155334802804281026e+03
5.738428028316585738e+01
1.993739827435533485e+01
8.200224238957977718e+01
1.673063282154329954e+03
5.791198803227596414e+01
4.974387805238657734e+01
2.217947839226036706e+02
2.493978021349084884e+02
5.350978712722826458e+02
2.575674411203742693e+02
9.097650711388887430e+02
6.884588180714983991e+02
9.210338373050540213e+02
3.182729823162982825e+02
3.023693078332162827e+02
3.589773807658095279e+02
5.494497098185711366e+02
3.055022081573018227e+02
2.917105100191773204e+02
3.224679607665913750e+02
2.955275312219074522e+02
3.170616829518500026e+02
2.989061704880844559e+02
2.724504930474091680e+02
1.002265291375594387e+02
2.645467823669367817e+02
2.498579355805021009e+02
2.221116639108678044e+02
4.420043566165456923e+02
7.267366001614614106e+02
5.141806442974611855e+02
2.267301774487433264e+01
2.079955467038296746e+01
3.285395125920369708e+01
3.713582958194095340e+02
2.605172543118024464e+02
1.800811440706231537e+01
7.060805222077331109e+02
8.058531393405623078e+01
6.946853694974896598e+01
5.491364341391569326e+01
3.495590657417864691e+02
7.022503065200519359e+02
1.369199296359264054e+03
4.171486414599887667e+02
7.249941407883475222e+02
8.102794902660440357e+02
8.824097690472648310e+02
1.016178786211335847e+02
1.021684071940204717e+03
1.947349448697001890e+03
1.544453118773509914e+03
9.493395788445676544e+02
3.107739964969905486e+02
1.366869188508107072e+03
1.475186493631418898e+03
5.403990198507510456e+01
2.749216724721027731e+03
9.323035773271403741e+02
7.524012834036706181e+02
4.801998677079172353e+02
4.573117062696344988e+02
9.620798176353388271e+02
8.404852146596549574e+02
2.881054455648239582e+03
1.064415156971276474e+03
1.288833989520329908e+02
1.248479014215855045e+02
1.448924741653852095e+02
3.971683430219701449e+02
2.573236377592722235e+01
1.282201199304325883e+03
3.526174906293016420e+01
3.840973081793744370e+01
3.273189308839332767e+01
3.420162976982397396e+01
2.436271195117770390e+02
1.430296034420241256e+02
1.268185349640084041e+03
2.530164712160683678e+02
3.448962569788595829e+02
1.145575734895802640e+02
3.681846818822395306e+01
3.134988380121179219e+01
3.898318114705942605e+01
3.460396561837237783e+01
4.344199892024907683e+01
4.453107932244584788e+01
7.125935800954555077e+01
4.650986511393928424e+01
8.827345667733156986e+00
5.707619698776471751e+01
3.884897810472526203e+01
4.844101492947259402e+01
5.329893551851952793e+01
4.040994851692130396e+01
9.986082233528924235e+01
2.020409862709444440e+02
3.532573522903990693e+02
2.567189726118269277e+02
7.351361184113048921e+02
1.101775836298081686e+02
3.166533088435571131e+02
6.069534306523302547e+01
8.221343156127729799e+02
9.697062347930864235e+02
5.754498703381672158e+02
7.421206158414016727e+02
4.886387391217751741e+01
6.414382558240100707e+02
5.470423009905649678e+02
8.397808846734807986e+00
1.512763020691173324e+03
4.576148326803200348e+02
8.475776793693102036e+02
7.588328291684294413e+01
6.237478748891483349e+01
7.002417437650299803e+01
7.440229960746174811e+02
8.445796174980525848e+02
6.712173098035972316e+02
6.153688843476733439e+01
7.660805175513247605e+02
2.239458089040181932e+01
8.973271070656486472e+02
1.492261774893220547e+02
1.077766559006531679e+03
4.746569715500567810e+01
1.141127254935234077e+03
8.716002356870387757e+02
1.128483899954711887e+03
7.414390553161626940e+02
3.280402204981057821e+02
9.882112649490388776e+02
4.748626930593972872e+01
4.390094260049301766e+01
7.897347897617444232e+02
7.717849981130008246e+02
7.177166994604918671e+01
1.556537459897075735e+02
1.465594270370502045e+03
3.554256719946960175e+02
8.286912590804159890e+02
3.839133578505670243e+02
1.537156132422276471e+02
7.352396128265174866e+02
1.901703713635144481e+02
6.108921367275534067e+02
1.404830517978802220e+02
2.754097494932599375e+02
2.359951953345010338e+02
1.489007512223710421e+02
2.070201606053103660e+02
4.603342138416292642e+02
1.531623598161654627e+02
1.705330840425449423e+01
2.034384070132984732e+02
1.249314671171177515e+01
7.043534929972942393e+01
1.159005078176160879e+02
4.937142298983827686e+02
1.690359124374647308e+02
1.647180567164680554e+02
4.643408167665113240e+01
1.327442938346222547e+02
1.632365752713642735e+02
1.917790989505492973e+02
1.618010534816276333e+02
5.052937476618138817e+02
2.485837058035743325e+02
1.259897603699613171e+02
4.584857397298793558e+02
6.422906971877556543e+02
8.357205545701339133e+02
1.750087402307895275e+02
2.235479387680989873e+02
3.383882358336858260e+02
5.303639185307487196e+02
3.535352612663776313e+02
7.558422619600468124e+02
2.852491380272435322e+02
5.262342385064651751e+01
7.670643852395229487e+02
5.891850255521372901e+02
6.282433989552264393e+02
5.287291614993938538e+02
3.089558001045921856e+02
5.260979083648074948e+02
5.962694979080885105e+02
4.938551217505554973e+02
1.074821163706012385e+03
6.437695236308820768e+01
1.265799844800080336e+03
1.041408083185697024e+03
3.947646254235847323e+02
8.886141636567900832e+02
6.105495314671885581e+02
1.330414771244064013e+03
9.030413097733960512e+02
7.017699311904360684e+02
1.265310147352710146e+03
9.653051967056471767e+02
4.064747028210313147e+02
9.980997305770370076e+02
4.561506127034047040e+02
1.044347792423479859e+03
9.189662191744429265e+02
9.317348117541354213e+02
9.331965643427828354e+02
4.965956241555524571e+02
7.767981834737396412e+02
4.897802083259220467e+02
1.850986959719336710e+03
1.869243367458345233e+02
3.009486634683927377e+02
3.185366698772330096e+02
3.779381959212225439e+01
2.596224323155564889e+03
2.849462558064231743e+01
3.186602836023248386e+01
3.066391055637919649e+01
3.089075422655487202e+01
3.314988517892017938e+01
3.391614323936403252e+01
9.761340013161826334e+01
1.547177775029548684e+03
8.306815132636174894e+02
6.087452229240178667e+02
1.339916612368805318e+03
1.041817873510775371e+03
8.440567380633959829e+02
3.563055310493699380e+03
1.900873302790391108e+03
1.214749957050797093e+03
8.737921288345468156e+02
2.288549986142531452e+03
4.244871338534790084e+02
1.202972761942912712e+03
1.375626644456383701e+03
3.399824119063378021e+03
2.242197150709078812e+02
5.497652666072359580e+02
2.187470384985331293e+03
1.297702286492341273e+03
1.184023628191387161e+03
5.078413319551961536e+02
1.237113419611760946e+03
1.159288949443318415e+03
4.276127849531106335e+02
1.052200493061036468e+01
7.260906684263111401e+02
4.930739209649340751e+02
1.077957601224194605e+03
2.180612041401235146e+01
9.361833023496620498e+00
7.560098923195498628e+02
1.387649937474197714e+03
4.722112565658392214e+01
4.355003690077056717e+02
2.547124940470770582e+02
1.470669912356785744e+03
1.381074813149804868e+03
1.689183940718781514e+03
7.594188690173751866e+02
8.975211408005021951e+01
2.331682385228371288e+02
3.136674290891448891e+02
4.069656157233731619e+02
1.038601118969110075e+02
