3.401966605222476403e+01
2.299325670785653841e+01
2.049510655859234376e+01
4.480038945216938373e+01
1.903066074366336835e+01
5.527079092988613951e+01
3.450844302353118564e+01
2.150982189526600763e+01
2.923881185211664757e+01
1.975316417998799920e+02
2.070977985165685311e+02
3.092348881436006280e+01
2.040463145830426299e+02
1.978447315201900096e+02
2.036957637624477684e+02
1.962280025520241793e+02
2.186677252834634544e+02
3.560066852780877866e+02
1.823652131812953598e+02
2.853187635841295560e+02
3.378605813700347653e+02
5.280163138256245929e+02
3.013707765508164584e+02
4.146500092307752539e+02
6.514225470916950371e+02
2.078608345305063381e+02
3.411446189696858369e+02
2.840647089685658102e+02
2.518025967455685930e+02
2.675639833374943350e+02
3.991305252796199738e+02
2.592284034554806453e+02
2.482647902315250974e+02
7.471003681141072938e+00
1.717435968174043737e+01
1.058504137412273138e+01
9.754037768684698904e+02
9.986896286207313551e+02
4.612616061713966928e+02
5.768716437964864099e+02
4.794761564153171207e+02
5.249595826460227954e+02
5.924126500859603084e+02
7.210170739847295636e+02
1.144064758518598637e+03
5.905778157831331328e+02
1.943651980549300902e+02
5.895597236140229143e+02
4.502484391212968831e+02
6.032340145410822743e+02
8.183839136215452754e+02
1.231925120162018857e+03
1.178174310119520214e+03
1.258639149149385503e+03
1.753192787586810027e+03
3.320201543469675585e+02
1.060601074306266810e+03
6.416403692516450974e+02
5.817448714530249845e+02
1.081943524969141890e+03
9.813893862262817720e+02
1.697948494041184404e+03
7.307729998613889393e+02
2.287507468880660326e+03
1.962067094342447717e+03
9.691139545661092143e+02
1.803437575590437973e+03
1.901891359338494340e+03
2.169476714485236698e+03
2.073110585773261505e+02
7.785666503334405206e+02
1.017195995713622551e+03
8.961166847881515878e+02
3.151490023772992117e+02
3.751986093128917332e+02
8.481740186099406742e+01
7.557536953256764036e+02
5.594074488043559086e+02
1.029156852816558512e+03
1.015029960107835223e+03
9.718908666537050749e+02
9.773931624931417446e+02
9.821164324051060248e+02
9.775560501939173719e+02
6.877684026802082826e+02
1.211394594190020825e+03
1.666452079457495074e+03
8.604397171666978466e+02
6.660002064906458372e+02
7.877311180519241134e+02
1.228801904975393882e+03
1.673016417993979758e+03
1.443599523970488235e+03
1.288069282631574879e+03
1.288244509847878135e+03
7.744787270957104965e+02
1.658418165661551029e+03
6.703321940722942145e+02
4.074151315987631392e+02
4.299157236888166835e+02
7.646319083122228903e+02
6.290873599032032644e+02
1.661123135810024451e+03
1.779127758676379472e+03
2.601501281172032122e+03
1.927424744856684356e+03
2.600451558545004900e+03
2.265667651580956772e+03
2.225091777134202403e+03
1.179130263217616857e+03
1.155687818998941339e+03
1.986878404307485425e+03
1.110624025018973725e+03
1.532814971129054811e+03
1.433770703081327611e+03
2.958198968525849068e+03
2.489841425418104791e+03
3.523196317945033940e+01
2.270201171346201136e+03
1.567453150307432679e+03
1.160065602404781657e+03
2.067883931258978009e+03
2.760300851227520525e+03
1.399526355073182231e+03
1.713313181279410855e+03
1.290781860376911254e+03
1.800207686545984984e+02
1.656862812482324046e+02
5.774194109079533064e+02
6.805331588146203785e+02
2.108129921128663227e+03
2.328512510162093349e+03
2.714812679505608685e+03
2.929156145976834068e+03
7.475230423552291370e+01
2.876978997324528791e+03
1.972443473498677804e+03
2.832356314901975111e+03
2.588399557942499314e+02
8.216660782718724931e+02
1.600247900258069222e+01
8.421274316398209976e+02
9.709224167382384394e+02
1.027506924380148348e+03
2.797827777568377883e+02
1.828273131018846470e+03
2.913425956777002739e+02
2.596945408632652743e+02
5.054449232881808030e+02
5.322305783440688174e+02
7.215420378854582850e+02
1.966448294179197092e+03
1.532828585799230268e+03
1.387375531844284751e+03
1.458702477545448801e+03
7.165325211051980148e+01
2.174695307728598436e+03
2.906564572276874969e+03
1.669736868727688488e+03
9.697672642957829794e+02
9.710780595582888282e+02
9.738581006882695874e+02
9.768828336949845834e+02
5.995656347983311889e+02
2.214986825734916351e+02
6.573072737034669899e+02
2.871325940626562101e+02
5.501449752298101430e+02
1.232648029860864654e+03
9.772734166168868342e+02
8.830975235889538908e+02
3.242059625341555602e+02
1.880676142127307685e+03
1.611103565323279696e+01
1.798732139788785616e+03
1.329877576388200623e+03
3.009600241121516774e+03
3.002207094574748226e+03
3.310810454459859557e+03
2.387759895898180730e+03
9.799174472194124519e+02
1.570485931741276090e+03
1.829627679886259557e+03
1.873542224136992900e+03
2.730934192124564106e+03
2.935175742417349284e+03
3.101756466315908710e+03
7.567301499938928373e+02
9.577014241098891034e+01
2.276468652727151039e+03
2.202055170342499878e+03
1.312377800699280442e+03
8.805076175549978643e+02
4.519135604278393430e+02
9.201005999646160944e+02
9.288412626210932785e+02
3.177098098751223915e+03
3.461589212631763075e+03
7.793141390362100083e+02
2.089648581836801498e+02
1.326419856830415540e+02
7.951469803734709103e+02
5.447852121060782338e+02
3.070155058057151223e+02
6.775552622931812721e+02
1.517921967864416729e+03
1.330818379554769763e+03
7.997296823309509364e+02
1.618720679542460402e+03
1.775861073279998891e+03
1.895278996386191920e+03
1.070768157930647476e+03
1.527390682062608448e+03
1.020682542251925952e+03
2.010575611297561863e+03
1.093317926964975868e+03
8.839934682475248451e+01
5.891350011595771718e+01
2.314517270993434579e+02
1.396615069071340827e+02
4.529129200524470207e+02
8.549556561504017509e+02
8.527190039622215636e+02
9.328950679122050360e+02
3.199537223525475156e+02
5.323756329421976261e+02
1.281685745446808596e+03
9.420950053980311623e+02
6.672663882960358706e+02
9.452399519618393242e+02
2.630791719658997749e+02
3.315949684134974973e+02
1.620289733375560672e+02
1.726575588037003399e+02
4.362798592791644410e+02
6.154822586183922795e+02
9.057224983269514951e+01
1.059140563293394052e+03
1.081147938887206237e+03
1.272021571462971224e+03
1.280004006756435501e+03
9.250856473996512932e+02
6.888320331684016082e+02
8.799577769646072056e+02
9.039055807461239738e+02
1.408756070062486515e+03
1.407785255235154636e+03
2.272304629250246762e+03
1.035801727051671833e+03
1.363706796576751458e+03
1.942349622001475609e+03
2.686875684738816290e+03
1.380357288744193966e+03
1.076309848045709032e+03
1.386534182405655429e+03
1.403630872684226233e+03
1.127596290889053307e+03
9.022607730706731672e+02
3.297444350171713836e+02
2.426482548652314563e+03
1.100460941524081363e+03
1.625742793455927995e+03
2.999513671644177748e+02
1.520625502906875397e+02
