4.983515442899735604e+02
3.788059736620809304e+00
8.255861935106324268e+00
9.465540774987097450e+00
9.424923425550153055e+00
4.471954016612030181e+00
5.019698585865231166e+02
4.355840138359514668e+00
5.628215433471965845e+00
5.385662935165737686e+00
3.094620003090946270e+01
6.672068073757878359e+00
5.321639614256142181e+00
2.008971907788856370e+01
2.228590561117490765e+01
5.587113216551375494e+00
4.093762805522002424e+01
1.113567998256489311e+01
2.876697863776024278e+01
1.130410681616338842e+01
3.253627382718429573e+01
2.433175378177508819e+01
2.220391168888970697e+02
1.444390611429282387e+02
3.835802287405878133e+02
7.157379646778299787e+01
8.398154082159104306e+00
6.824358448377056163e+01
7.654960915221104756e+01
5.741314865793918187e+01
5.039948590612751786e+02
6.458368822140063514e+01
1.151801597270873287e+02
1.462344655210564497e+02
6.692969610731330476e+01
2.396426717968581244e+01
8.320171283991622602e+01
1.638707379054873456e+02
2.401828880668426791e+02
2.285298080877574591e+02
2.474522229234488861e+02
2.697390174026303100e+01
6.416531819585466678e+01
3.240936219029610044e+01
1.485615615152589726e+02
6.936069904737043146e+01
2.581426856363756315e+02
6.360060086340708096e+01
1.508880759851683884e+01
1.603902126272608086e+01
1.194176538106834862e+01
1.045113734782021631e+01
4.802560074436630799e+01
1.383195806781000954e+02
1.983326488245010637e+02
7.740042473545831569e+01
1.085402513336424306e+02
2.609364496608566810e+02
6.399833345863678602e+01
1.239106548846582996e+02
1.890664552182822149e+02
8.961080236317415881e+01
7.613624747812717430e+01
8.883854711437567175e+01
8.602762656951611575e+01
2.467842161019938203e+02
2.095964275106829859e+02
1.372645547277244020e+02
6.127133945415389604e+01
2.731390580375240233e+02
5.383267958170483780e+01
4.482142399003924282e+01
2.138956313279279584e+02
1.649562608729055171e+02
2.707737507614931474e+02
2.157361391176023631e+02
1.059506053693966550e+02
1.368132601898368250e+02
1.377522103476030395e+02
1.558661911218014211e+02
2.040094477358670702e+02
8.112962472574844242e+01
2.583613037976584792e+02
2.346954461410462045e+02
4.965730915122564966e+02
9.015996592028427870e+01
1.860654448709536553e+02
7.909072074769562732e+01
1.119684312856093271e+02
5.897185497880258254e+01
2.927117878319610895e+02
5.110753361115801567e+02
2.254602754256679020e+02
2.419904740510130523e+02
1.238731537891667358e+02
2.550859139559730124e+02
2.423258392463698101e+02
4.399413225165024954e+01
2.681542659284388037e+02
2.607343331450155688e+02
4.509134796999989447e+01
4.545712386466699968e+02
5.614239948032617633e+01
1.240433306814107652e+02
2.974289185930694543e+02
1.318206599215963593e+02
6.762944467556970096e+01
1.748572591757176724e+02
2.400153728284880685e+02
6.101054516795782234e+01
2.065735947266848882e+02
2.577061599661378750e+02
1.983136827865533860e+02
4.465935488544150758e+02
2.409038336548052257e+02
4.313598118707917450e+01
1.873861278477558585e+02
2.611700539283817193e+02
1.933044567830578728e+02
2.318564372144404899e+02
2.271859790369411769e+02
2.753402670900723592e+02
5.042452950762771025e+01
1.307840187025807097e+02
2.124731080876522640e+02
6.828080513740336244e+01
3.504638020487587937e+02
2.093338844173383109e+02
9.074230950779440263e+01
4.903266750625625150e+02
1.063732948966485168e+02
1.399056349328434123e+02
1.258792878940107727e+02
1.716678330017966232e+02
4.515347994185407288e+01
2.514702366216047835e+02
1.370448342624398208e+02
1.823981979960216506e+02
2.335217104126875824e+02
1.091471490363989432e+02
8.315922316679434800e+01
1.710197354225506956e+02
5.932329720780534643e+01
2.705307938447098195e+02
2.839501281054024275e+02
1.744767784017909662e+02
1.809372911448519687e+02
3.520887093733806523e+02
5.784440373233690735e+01
3.872817606013185809e+01
1.867310948220330147e+02
6.579665358196528757e+01
1.734794228444834516e+02
9.930952576627721839e+01
2.319423604133288279e+02
1.237368318327013981e+02
1.649835513046148492e+02
2.139391274100925955e+02
7.778920393208039741e+01
3.787259157134611769e+02
7.988717744598436354e+01
2.673400253100297164e+02
1.684807084309611014e+02
2.237012135400356101e+02
8.038490634285990666e+01
2.414284790146301134e+02
2.469512341156533921e+02
1.756142071123035464e+02
2.391105167670983462e+02
2.588946258869660824e+02
2.714539532816954193e+02
2.234221744540780605e+02
3.413636382790909352e+02
2.629730760476372211e+02
1.562581949630314000e+02
2.072029885811959389e+02
3.634165635323296897e+02
2.505161206869399564e+02
1.870612420347887621e+02
2.478208459780339865e+02
4.528752451763026556e+02
3.391286577959624537e+02
6.212142403739132135e+01
4.411930410410730019e+02
3.074143341711731523e+02
5.279615348070956315e+02
4.583491615337106850e+01
1.983011430723545629e+02
7.335710873742618787e+01
6.488008133926491894e+01
2.818814541857183258e+02
3.260795342248076167e+02
5.637812190597168183e+01
1.731142773795204164e+02
3.232786753525688255e+02
1.881567927070281598e+02
2.475322765149108477e+02
2.715586148993028814e+02
3.460034646672211238e+02
6.589605446635607677e+01
2.226511024513595771e+02
2.816296018809636621e+02
4.952695547254718917e+02
1.478185776732291856e+02
1.808991744712198226e+02
6.156726990473465122e+01
5.556752359430166877e+01
1.550876092936802024e+02
1.899458741289080024e+02
3.878887633511914714e+02
7.537833738668402361e+01
3.097005148037026743e+02
1.122495689359478774e+02
1.927458991465808822e+02
1.686215351041072381e+02
5.314894867227097848e+02
1.424874123121904859e+02
2.532658601142173325e+02
4.533898011950188902e+02
4.048760061538727655e+02
5.140912864429424189e+02
1.017877161078558998e+02
2.359169639010822550e+02
4.392071267269614623e+02
2.727573278702531070e+02
4.162164058785696170e+02
7.193961811385788963e+01
6.999217339245818437e+01
2.004827538284311856e+02
5.007006789700331524e+02
1.463565536358000543e+02
3.057702986110273287e+02
2.863618459304536827e+02
1.003738678163027060e+02
4.814538014919408511e+02
1.600618111397269558e+02
4.456599722951322065e+02
4.359901078207384444e+02
1.956839017595990811e+02
1.282604847978204248e+02
4.387033492803491868e+02
3.303523633985328161e+02
1.739384567779664224e+02
2.422690913876949708e+02
2.399972603723898885e+02
4.906303325287823327e+02
1.699609525670063590e+02
3.151538093446351922e+02
3.816266593542540591e+02
1.781428895964540970e+02
4.070640511787002538e+02
3.900073217163283061e+02
1.805802041610554625e+02
3.941555339744969046e+02
4.702612378481790074e+02
1.372821855492729810e+02
3.797974978418728824e+02
3.039525493042543189e+02
1.540934607990428162e+02
2.707264248876658712e+02
2.036118694229591881e+02
4.636098188115831817e+02
2.981390486871391658e+02
3.851305913007977324e+02
3.052229750738995904e+02
4.285539718501805169e+02
4.685919282230181580e+02
4.582625324434900449e+02
4.034082547630777640e+02
3.515920505941306828e+02
2.823813374249595540e+02
2.266444165849792114e+02
3.984746501071224998e+02
1.956167635941118590e+02
3.415691534377737639e+02
4.175557922150141508e+02
4.239727432960856959e+02
3.881375291167788646e+02
1.969230935648278944e+02
4.577582204534234052e+02
1.653147953070346716e+02
3.366996155937259232e+02
3.692822534888741188e+02
1.719637664434534088e+02
3.401046439785139910e+02
3.601706455969189733e+02
2.266316946584225320e+02
3.283788881305247287e+02
3.169749643821429572e+02
2.104082886581594209e+02
1.630702276795632315e+02
2.041270182310259997e+02
1.646499077488982437e+02
3.998122642323043010e+02
9.669514880063175610e+01
3.446462021142692151e+02
2.303052110125381091e+02
1.504550404011474996e+02
2.344219183373255078e+02
4.449351130645583225e+02
2.840392275324766160e+02
1.619385401847015373e+02
1.487200408817692505e+02
2.790375456605759155e+02
5.647900759578958514e+02
3.429204766833858002e+02
3.780014570856641853e+02
4.033619082199115269e+02
4.167578657855754045e+02
4.971700591858020744e+02
4.589683873866212593e+02
3.728895681484379452e+02
4.980746469041540649e+02
2.302286025690958411e+02
2.210636939480298508e+02
5.080642844784319436e+02
4.017423544773966455e+02
4.795443844681678911e+02
4.602129390005943606e+02
2.142984253213539887e+02
3.429690247915655732e+02
4.712919957983082782e+02
3.555669686546661410e+02
2.375619532101946447e+02
4.241124575665045313e+02
2.356717995403187729e+02
2.812404089855158986e+02
4.650490736131810081e+02
4.278187961768718424e+02
4.020116893233557107e+02
4.741780487024552713e+02
3.258761053567952786e+02
2.890116276199308913e+02
4.238199095801252270e+02
1.641915040028535770e+02
2.998680402906429663e+02
2.031255216608820717e+02
4.910305527777410930e+02
3.272157806354038030e+02
4.782914143106296478e+02
3.865062419725962286e+02
4.356982934317602485e+02
4.211951940394129110e+02
5.411355911516884589e+02
3.004369225545028712e+02
3.772263492431349050e+02
4.906399600331610031e+02
3.966084253577595291e+02
3.675129713158693789e+02
4.709196072786439231e+02
3.827165437386155418e+02
2.706695518031407914e+02
3.784097908091740692e+02
4.468501025769213015e+02
3.234513394073571817e+02
2.988986616434161192e+02
1.878617122888185236e+02
5.059167115265531152e+02
3.698778121832444299e+02
4.334022795240204573e+02
3.626876026186819217e+02
3.431110150617064960e+02
4.556574192759407538e+02
5.103796127046183528e+02
3.947760889148714227e+02
4.306445867976372597e+02
3.135302808372209142e+02
3.454042628525854184e+02
4.045288535980180313e+02
3.196121868329793188e+02
3.967300982356637178e+02
2.448281663009940701e+02
4.506422638522075204e+02
4.348528765353948415e+02
4.177120189455592936e+02
3.184147735371941508e+02
4.293462151040724279e+02
5.556417170430655688e+02
3.944205624490347191e+02
3.500702936610017559e+02
2.359245560852603205e+02
3.085887447320253045e+02
5.371510487565038829e+02
4.526052776234790258e+02
4.276681100402617517e+02
4.799632001643151398e+02
3.537234928384394834e+02
2.484010684933807909e+02
1.242280403469253969e+02
4.944120898008786185e+02
3.189239508639284395e+02
4.208583252891549478e+02
3.825193343056988624e+02
3.790774989828146886e+02
4.829151266166443293e+02
4.133143678297090560e+02
2.895468967604014097e+02
5.053959245749110210e+02
4.458945189357228855e+02
4.488314560837891349e+02
3.562243716741523372e+02
5.306020813653299228e+02
2.486849686360573912e+02
3.023190557110092413e+02
4.792979426244224328e+02
5.343936743255814008e+02
4.724105950343428617e+02
3.976558183355018059e+02
3.698843292055437928e+02
4.691944076918179007e+02
4.436458578256300598e+02
3.899931132609667657e+02
4.278991338629227243e+02
5.151738234009865209e+02
4.445985674420352893e+02
4.535303850420690424e+02
4.231857164765462471e+02
4.953720593928333642e+02
5.385200989400642584e+02
3.435680195548545726e+02
1.988631854578904949e+02
2.971768488345227865e+02
4.885058327186970928e+02
3.547980039044894625e+02
4.687738350786401043e+02
4.833707151388862258e+02
4.923857504578547264e+02
5.062667586705908320e+02
4.232085567187644983e+02
2.795735352152573228e+02
3.948311071373288996e+02
4.239030565385633054e+02
2.543479015558359890e+02
4.961024033380564902e+02
4.526902655581910153e+02
4.942769593151203367e+02
3.595591320929249264e+02
5.616453023789377994e+02
4.653222591804313311e+02
4.671782552298741962e+02
3.924287098156695492e+02
4.061966477601945940e+02
4.248541749768083378e+02
5.056948414900645616e+02
2.516752199703925896e+02
5.593271998600141615e+02
3.319514822957180513e+02
5.111628085172470719e+02
3.858998441358093601e+02
4.972754750831363140e+02
3.729089361284677580e+02
4.864149167085985255e+02
3.600777322120621307e+02
4.768546398455761732e+02
4.278581022012713788e+02
3.575253990253822280e+02
4.784656328368713503e+02
4.647603331459523019e+02
4.854644303736075130e+02
4.171450465556357585e+02
2.372195097686767724e+02
3.740905380216156004e+02
3.816637495532990556e+02
5.306372461122119830e+02
3.927438395361585890e+02
4.868296446645111359e+02
3.076479465901349499e+02
5.250496705614658595e+02
5.022910297155538046e+02
5.893308998907421028e+02
5.186431249544795037e+02
5.068987224750732707e+02
4.845318107749960745e+02
4.135795565694734250e+02
4.990914075120580833e+02
4.993050564384818699e+02
5.227913068697594099e+02
4.432048824848357640e+02
4.479282889955796918e+02
2.276806616292527394e+02
2.946169676801182504e+02
4.564807835585910425e+02
4.773423815774416994e+02
3.889979361795394652e+02
3.468320029005217293e+02
3.975234009964568145e+02
2.060899940364167833e+02
4.861176748571709822e+02
3.822533485983239530e+02
4.433428371402977746e+02
4.624609553879352575e+02
4.761678980816262197e+02
4.828956895255024619e+02
4.739864008365704535e+02
4.229250055751450077e+02
4.316415897003082023e+02
5.207541179549748449e+02
3.245389282226582282e+02
4.119548847792603397e+02
4.450231195504008497e+02
4.507950040312663305e+02
3.389932927681777528e+02
4.312046180725026829e+02
4.249507106775454872e+02
4.472601130844548720e+02
3.889433541424975260e+02
3.662648651352132561e+02
4.648885009500772867e+02
3.414276971505987603e+02
4.745159401273117510e+02
3.995262196426594414e+02
5.181151777631494042e+02
4.949082607511995775e+02
2.664246940951135798e+02
5.402539346691496576e+02
4.051577026320416053e+02
4.222342771480153942e+02
4.139675811936045875e+02
3.721253135693428362e+02
4.903084144631991421e+02
4.308364411437046897e+02
4.123121351964209111e+02
3.507596344523672087e+02
4.673588129718423829e+02
4.508926178857908553e+02
4.985112930839545697e+02
5.636456668660630385e+02
4.485336876597708056e+02
4.688264322184739967e+02
3.738663542943795619e+02
4.720619978354249611e+02
3.415552631828682593e+02
5.413526255163986889e+02
3.417345907337875133e+02
3.262762049260922481e+02
5.139360698125465206e+02
4.648610343867717347e+02
4.784513796884875774e+02
4.632590137544178219e+02
3.932605480808208540e+02
3.520463991809076560e+02
3.198223574853095101e+02
3.213730931277112859e+02
3.323407103370003028e+02
3.660997968819892208e+02
5.298718823800921882e+02
2.685420783722696001e+02
4.316528922346731179e+02
2.008086302959158331e+02
5.628225685902611986e+02
4.156277784202508201e+02
5.349551971680323277e+02
