1.511299710426503395e+02
1.938682842738795955e+02
1.916805744026082152e+02
2.183266849272208106e+02
1.572654201302025569e+02
1.675001361014240047e+02
1.166596577026228232e+02
1.887267914997526645e+02
2.055424654423972299e+02
2.418615686860461551e+02
2.040103546785686035e+02
2.131871730333324706e+02
1.529949220675755157e+02
2.030552539041638909e+02
1.617259374769818692e+02
2.305403753781593821e+02
2.104167245825371424e+02
1.742171068382428416e+02
2.526666100391758505e+02
1.614737450128927208e+02
2.346396928605423966e+02
4.453747816482984376e+02
2.906073330618040700e+02
2.205116532122385138e+02
3.191612834796585503e+02
3.390027493923676047e+02
3.928372354144769929e+02
4.027920191967508003e+02
3.787907674824049877e+02
3.628717822360968626e+02
3.982845028262938172e+02
4.238686058578905431e+02
4.189900238000735158e+02
4.054327088941008697e+02
3.557634189139786258e+02
4.359875982880133733e+02
3.427436540298954242e+02
4.564533105014132275e+02
4.830110339285457712e+02
4.218980523704732377e+02
3.918196298850310768e+02
4.368838368545305570e+02
4.549493938466476948e+02
4.462222988650577236e+02
4.303875598611130044e+02
3.806307514790382811e+02
4.642215521865186929e+02
3.412082652867610477e+02
4.288628814479303628e+02
4.198598128838502817e+02
4.078263392758011605e+02
4.272750013897585859e+02
4.079654420842351783e+02
4.371071879469261035e+02
4.373138629619010089e+02
