-1.558719641036470421e+03
-1.471070437991003928e+03
-1.663084154508969959e+03
-1.534614196095642683e+03
-1.216812244684208281e+03
-1.185821131595994984e+03
-1.524533342119036661e+03
-1.213106136363981705e+03
-1.328544781813717464e+03
-1.383986240442697181e+03
-1.278149088209682304e+03
-1.141793189319686917e+03
-1.241821388264754432e+03
-1.039644554711393994e+03
-1.198083979854425252e+03
-1.122967869871308721e+03
-1.162181637379931544e+03
-1.217768126482821572e+03
-9.939865532789019653e+02
-1.083875716866141829e+03
-9.907774397911682627e+02
-9.385592744185112224e+02
-1.321205435766002893e+03
-4.313652193741241945e+02
-8.892173462070003325e+02
-3.755414733799292435e+02
-4.973956071491837179e+02
-9.980276477195252482e+02
-5.972621186503043873e+02
-2.553807305929273639e+02
-5.017207234520604970e+02
-8.619825352990093279e+02
-6.316718589533139721e+02
-5.092594957302179068e+02
-3.010808767499630676e+02
-2.575187033651281467e+02
-5.126931275252371734e+02
-6.461507936903620930e+02
-3.845407860289182622e+02
-3.615125079581451928e+02
-2.068796561977848967e+02
-3.736895303559122112e+02
-3.694867714017277649e+02
-2.586999103027127944e+02
-2.427528363525546808e+02
-3.707716584991136415e+02
-1.354836895452108934e+02
-4.787247357228367832e+02
-3.762147444707496788e+02
-1.349244504762394570e+02
-2.389964445449064669e+02
-4.744475764214639071e+02
-4.947678099112669088e+02
-3.742894426590845569e+02
-2.553849376311708852e+02
-1.027939775059629390e+01
-3.168143571273827774e+02
-2.558418656221815297e+02
-2.511145159168450789e+02
-1.229942284054252895e+02
-2.470221709720083254e+02
-2.499806012673955138e+02
-3.743137140895686343e+02
-1.224812080665131901e+02
-2.526939789388246140e+02
-1.348820391773873837e+02
-1.312350931693210043e+02
-1.350546783902860568e+02
-1.253060580700662570e+02
-3.615521184751423789e+02
-1.231664878860033809e+02
-3.592903816263099088e+02
-2.590910265250286670e+02
-1.320628192183433498e+02
-2.382015032937379715e+02
-1.267804307465145826e+02
-1.250041761441466832e+02
-2.320283952916396686e+02
-2.537682472186171196e+02
-2.493704229963504986e+02
-1.249945623015581475e+02
-2.493060113780963150e+02
-3.580937068860587829e+02
-2.426238623308553315e+02
-3.833827495284706970e+02
-1.189743996606294303e+02
-1.256510893044570736e+02
-1.246552485601685021e+02
-1.251460427793500543e+02
-3.620803009863387274e+02
-7.366587564772143715e+00
-2.486718629955816766e+02
-2.587258986743939317e+02
-6.098519393005846112e+00
-1.317597976812957370e+02
-2.468820695916106160e+02
-1.263175977704161284e+02
-2.289473704092497996e+02
-1.310671956969483745e+02
-1.297296386582697210e+02
-2.515167901881232808e+02
-1.329893941399824371e+02
-2.367679680573432108e+02
-1.324752230653897414e+02
-2.470729345049489609e+02
-2.884443875057028777e+02
-1.309895743072629841e+02
-1.242543612295437327e+02
-2.317659066797651803e+02
-1.330504941011597850e+02
-3.387790645823941986e+02
-1.240119451226608618e+02
-2.576478531637221181e+02
-1.321570430238061249e+02
-1.333109748260119716e+02
-3.147302521182633654e+02
-5.028889046135183172e+00
-1.323346578154685744e+02
-1.316614504839637050e+02
-1.213798166608386282e+02
-1.271087523891481226e+02
-1.306091902050158069e+02
-6.387351775480671456e+00
