-5.353743878091853370e-01
9.730997751075619817e+00
1.388742218506710202e+00
-3.189116562035285152e-03
3.923057079055393359e+00
-9.004924837792013248e-01
1.102821516827575454e+00
-1.028596806327976010e+00
1.340590718120068026e+00
6.453811376724714499e+00
-1.529976425033804821e+00
-2.403814870913155932e+00
1.281292886309066859e+01
9.824234614329878212e+00
1.605391513323773056e+00
-2.242950708090037271e+00
-8.180073917294873320e-01
-5.760153440950452897e+00
5.723142266112837273e-01
1.906521553460966345e+01
-2.289440624197021990e+00
-3.974140541181877317e+00
1.660017402483338955e+01
-4.284936081162606492e+00
6.070410175374515660e+00
1.505006238150282005e+00
1.056248539192033098e+00
2.047932287130395768e+00
-3.386388652505219810e+00
-2.534538357138208298e+00
-4.341418805074199305e+00
-1.090680501226894084e+00
-2.327759871492285804e+00
-5.858850821853974544e+00
2.435937852602985954e-01
2.477388467816618700e+00
-1.791106047546756841e+00
-1.449571060705989733e+00
-2.816997373077291478e+00
-1.825938515224611924e+00
3.635138786361413299e+00
-5.617509907093465316e+00
1.655289813262586507e-01
-5.484976642762879884e+00
7.522389953749207159e+00
-6.889868933666297712e-01
5.955796770768565729e+00
3.693619605980666076e+00
3.381750137206418039e+00
1.346166546751122461e-01
-6.951752722882071911e-01
-4.679331160100364428e+00
-5.732051807161273604e-01
-5.326652582481857579e+00
-3.993625547080558391e+00
1.901021129792762165e+00
-6.441153332566193157e+00
7.518808052722969926e+00
5.152417551868840873e-01
5.446740497075721166e+00
5.710307874549003238e-02
3.764827499599066929e+00
4.501431627392859269e+01
-4.783066708765338904e-01
-3.171639824105618177e-01
-1.843012177544386843e+00
-1.040146904116338256e+00
1.732882815134850540e+00
2.919606256241498721e-01
-1.934941419125333351e-01
-2.339850307734000490e-01
-1.747401909687521071e+00
-1.141214936668797586e+00
9.431323651157372367e+00
1.178129890704285865e-01
-4.220023961599646434e+00
-5.497033115800370240e+00
-1.440721768366425737e+00
-2.129013915553763958e+00
1.410120709147111029e+01
-6.789996588996897842e+00
-3.433946117256593489e+00
3.270743620272358498e+01
5.139232936462566848e+00
8.805641520976792425e-01
-7.033066159141922569e+00
-1.220615689112355184e+00
-7.121431638691738009e+00
-2.841735854260466709e+00
-2.916387051151386967e+00
2.531445526542161595e+00
7.219253641577449976e+00
7.232640841699120138e+00
-1.798097046033050983e+00
9.324155114945501310e+00
-6.421418496856127867e+00
-1.561636717103795924e+00
8.893384440238055744e-01
-4.370867972069624408e+00
-4.514080270478086909e+00
5.817189908937678844e-01
-1.972295940957564442e+00
-1.898784589653448762e+00
-1.754833019988849774e+00
7.531898072016731671e-01
-2.012241754498472979e+00
9.003885960440218383e+00
6.546338564420750572e+00
4.827138972219116031e-01
-3.741206611787045500e+00
1.081814082821062950e+00
-7.309294858862529942e+00
-3.203236742357055356e+00
1.801081627174170974e+00
3.621796561528463076e+00
-5.207173981536167950e+00
4.251730796839130022e+00
-3.446610403097304598e+00
4.689814331597346175e+00
-1.102474298427522648e+01
-8.283961907865093011e+00
-2.106247365986501308e+00
4.883792860425849036e-01
2.388953672848989740e+00
-1.025143273174881964e+00
5.906095271795519963e+00
4.119810869007740628e+00
2.509950821118276387e+00
3.186927790599771715e+00
3.548915638954565743e+00
-1.640232516141076902e-01
2.408373918602235708e+00
-1.148736222516709926e+00
-9.473439470315035749e+00
9.871996544276012031e+00
9.070962636029543447e+00
-5.526036473037119201e+00
1.603831665569769083e+00
4.731837834757761208e+00
-1.384123197827795249e+00
-5.662043687485743826e-01
6.287135572623003821e-02
-5.191371958979638102e+00
7.726828376818442479e+00
-4.077871271006555887e+00
6.380812972354862334e-01
1.149741268521095483e+00
2.936166168771958684e+00
3.187801665120357342e+00
7.863305068430423539e+00
-3.333011999285714122e+00
5.963713740600901758e+00
2.886389124575120313e+00
1.088811020675042596e-01
-2.343390796234264606e+00
4.840092128069731103e+00
6.033349404075968536e+00
-3.155811514188266997e+00
5.662387980534333565e-01
2.915162150470758995e+00
4.280050220530259075e+00
6.594779730896971337e+00
1.500050540511568276e+00
2.096225483011420643e+00
-6.598721426497045073e-02
5.401080436467784462e-01
9.727475070414127956e+00
2.070589736964595140e+00
7.089300903668744880e-01
4.933447600661323484e+00
4.655869906063982100e+00
-3.654024545299593196e+00
-5.510120987508918766e+00
1.340019575237304306e+00
-1.228590302440697168e-01
-4.162571242875370281e-01
1.741361647756110287e+01
6.880375027687870571e-01
-2.775183724424818976e+00
7.679850914032632758e+00
8.661120491869063187e-01
3.222422063602535802e-01
-8.306947436601339607e-01
4.084740829177350818e+00
-1.296056028933978421e+00
3.523792019189641689e+00
6.874569302449188513e+00
9.587679385872786009e-01
4.231225313198526905e+00
5.474912971362949854e+00
-4.554193755561795953e+00
3.105181306355440540e+00
-1.151913524987593362e-01
5.737214026804184464e+00
8.887403150222604964e+00
-2.215253073629005698e+00
-5.283800615243110954e+00
1.557927423214312768e+00
5.299890147570640586e+00
4.787900391876774187e+00
-4.019932167287189273e+00
1.384418533908078341e-01
-1.362979606621649076e+00
5.483989197748416977e+00
1.103275942491341510e+01
3.133242070656047096e-01
3.542319229408795955e+00
2.687006949940904832e+00
8.541141824480039668e-01
1.049487169492814864e+01
-2.849685621068311026e+00
3.265734896846540725e+00
-9.634401935336205369e-01
-3.054957064110482179e+00
-5.305931592958030851e-01
-1.159968446435189815e+00
-7.574569949275180569e-01
-1.377258736160847374e-01
2.075676487259912051e+00
1.230107368905171050e+01
1.186170413028285076e+00
4.896196961021970218e+00
-3.661888000655136199e+00
4.195442821940503997e+00
9.893295946238168881e+00
-2.520660188875172847e-01
-2.248198140539524381e+00
4.075193054178770424e+00
-4.177874233327394826e+00
4.377443309030419893e-01
5.207689166742937026e+00
2.761837431897320005e+00
3.441417326322816495e-01
-4.526190681651550030e+00
1.171015185912800938e+01
-2.362362814070102068e+00
3.412481009076011595e+00
-1.167404262068599152e+00
-9.350542128685385146e-01
2.686931593576547073e+01
3.896475086228091023e+00
3.943384527450187971e+00
2.780334550731081489e+00
2.166257177858706306e+00
-2.329321840163688151e+00
2.110039686658994107e+00
-3.813021926058470790e+00
-4.182009083992880072e+00
-4.357916844520046684e-01
-9.230860209028042551e-02
1.306113822612853603e+01
7.211375762869621120e+00
-1.583915597667679753e+00
-2.801831834450600134e+00
-1.561864368764510069e-01
-2.483493015159105255e+00
1.880235361579926545e+00
-1.686345528457174670e+00
-4.822234668540160918e+00
5.678257273888826617e+00
-8.321076127936265499e-01
-7.595163094630837719e+00
3.297015840634324402e+00
1.323843773590557493e+00
-8.415536683740848511e-01
-7.656377866812361432e+00
3.048661515687943968e+00
4.919605464967169439e+00
-2.591115717704709276e+00
-9.693482721065134200e+00
-4.296089938917579509e+00
8.753692379278156466e+00
1.456412664108902000e+01
5.780389299546763837e+00
8.383877071426007466e-02
1.270616051440311756e+00
-1.653688464888042109e+00
7.849851705130757307e-02
-2.040224699187089374e+00
7.644867171669821992e+00
-2.452857810039118736e+00
-1.076028397621015875e+00
-1.155566669835074611e+00
2.294322930866216748e+00
8.874251555718926099e+00
1.359543447744191447e+00
1.024973331882788408e+01
-5.267088607454238902e-01
4.727571925784172513e-01
4.355012986883947335e+00
3.236498801595873998e-01
1.519804113087301545e+01
1.421020673327627604e+00
-2.958491042011203831e+00
1.946378857970051834e+00
-8.544661970146543162e-01
-1.525301210328700585e-01
-5.097557927376302089e+00
-9.805525794818329643e+00
-6.090307637316648481e+00
-3.037998933004965263e+00
7.127036400622452916e+00
-3.830139077283973403e+00
3.283000752662933674e+00
1.719549599944058871e+00
-8.350877150525199966e-01
-2.585373809615972629e+00
2.085680971915422077e+01
-3.869958973989623408e-02
-8.045493649465788044e-01
7.669405318703960139e-01
-1.430400991555077050e+00
-2.576247463299800255e+00
5.752464008515243421e+00
-4.184129386147834140e+00
1.922523249583475202e+00
-2.420476162101160345e+00
3.273386003477205097e+00
-1.207992742175665768e+00
2.484122095355402848e+00
-5.544782954769380545e+00
4.714891008949678941e+00
6.680677121694848175e+00
1.489308392638179690e+01
8.452858920541196142e+00
-8.883381295389349841e-01
1.916946054028258795e+00
3.630373924145474884e+00
1.727468086771713374e+01
1.491019073243420756e+00
-3.353056012210137382e+00
2.329512738153008744e+00
5.970939731093464209e-01
1.059977024267542145e+00
2.471988782823851594e+00
4.637099274344046229e+00
4.147929966940839819e+00
2.433773743258718092e+00
-2.440442494157432307e+00
2.856601575247630809e+00
1.183772053012301040e+00
4.302268843741057225e-01
-1.014879456046639206e+00
7.244526736559750546e+00
5.534714873699229543e+00
-1.374321316180434405e+00
4.582410616772481404e+00
9.020670794032220385e+00
5.534996091544564401e+00
-7.986755287870481723e+00
-4.163313014650801058e+00
-3.615796272432179936e+00
-3.415501529759315424e+00
2.464371641339870411e+00
-2.050067321058663516e+00
-1.711671351342646252e+00
-1.848551630582468519e+00
-1.716981167247206175e+00
8.932828568266431901e+00
-2.031028347334479789e-01
2.076019887488967708e+00
-3.247091968839958209e+00
-3.970960913877268350e+00
6.318388434313765956e+00
-9.820432908738186972e-01
6.858388543201506593e+00
3.537172379628549246e-01
-1.191758835520788429e+00
6.499201191704302438e+00
-9.693064854691831878e-01
1.881115529042828971e+00
3.258174138987124380e-02
-8.115694274523573837e-01
1.545204581845831759e+00
-1.800978740904809694e+00
-3.083305369547781005e+00
3.513089578758504805e-01
2.888271897216366235e-01
-8.613798329545047094e-01
2.779616303240619590e+00
-7.842944082777382420e+00
2.313342820991850068e+00
-7.441962608206694751e-01
-4.021026965286956134e+00
2.101755184573001589e+00
5.607864776179749100e+00
-2.053699394488968988e+00
9.012243922642653615e+00
-4.680303978430127021e-01
-2.177063354110349014e+00
-4.726088955453652041e+00
-2.289354154746192194e+00
-1.043125246216873414e+00
8.160773451498648967e+00
-6.130054791444165652e+00
-1.853990195759368798e-01
-4.572328413359178612e+00
9.640614230677595209e-02
8.384579461531313171e+00
2.154367470301788323e+00
1.340600608192080756e+01
-3.328030005041070272e+00
-2.282400790234171417e+00
1.343291730241047510e+01
-1.666516117564421195e+00
-5.331542711225087494e+00
-5.212554696981335667e+00
7.473974223929125138e+00
-8.550843127437085522e-01
5.708101639817697581e+00
1.060464605431392371e-02
-1.368872740223196383e+00
4.321285278368285354e+00
1.612541239014746441e+00
9.840107101498195563e-01
5.411119004374122632e+00
7.289990773473008723e+00
9.944990824439356558e+00
-2.507372390549008401e+00
1.222918735360890530e+01
1.023370350395292894e+00
7.920688150595219135e+00
-4.884768651440489218e-01
-3.559510805171030690e+00
4.188506278735647292e+00
2.960538772479913661e+01
-9.883900851043451175e-01
8.700757690635002817e+00
-3.226921836499463403e+00
2.973265637481350865e+00
-1.448703112999132347e+00
4.013402141976377457e+00
3.309970254332337714e+00
2.317128670004116042e+00
3.990560534943002224e+00
-3.568218848056668779e+00
1.899941453634176769e+00
-2.582751041307353557e+00
1.262449809128926681e+00
-3.236882369070662513e+00
6.928446072944488554e-02
3.423754412675691583e+00
9.724219852035931311e-01
3.354204162376139386e+00
-1.162602864678256687e+00
5.597717015765942605e+00
6.157873843706600958e+00
3.435847172173014830e+00
4.756660924308844685e+00
-4.902891058207615949e+00
8.283341499703014144e-01
1.138880578751140682e+00
-4.672923864829097162e+00
-1.083092413713236724e+00
3.373666901345199420e+00
4.482121496501073610e-01
1.198278967379927451e+01
2.675659726478220701e+00
-5.040296289631288396e+00
5.896187494250545447e-01
-1.080116532008172570e+01
1.202743070783321322e+01
2.395598007021838782e+00
-3.466427902884378298e+00
-7.512456465260470395e+00
-2.167877909884668775e+00
-4.488190839167122803e+00
8.464143155646553396e+00
-1.673974478717607406e+00
2.663189763537933796e+00
-8.234380246311039375e-01
-1.320818081517911136e+00
3.981992664479660160e+00
1.427804537433517496e+01
-8.582812935815745670e-01
5.617868322457129970e+00
-1.299075373986154247e+00
1.194897326816446892e+01
-2.800286578540709836e+00
-4.145245221622341880e+00
-7.874115144504638231e+00
2.701043264745185191e+00
-1.063143329114498314e+01
-3.385866092542138883e+00
1.727906868470840296e+00
2.047406282041279280e+00
8.934779814083780858e-01
1.247128198496750828e+00
1.257088522895558613e+00
4.220157453054109276e+00
-4.088469322147715523e+00
3.433083995748934303e+00
7.132730368459693437e+00
3.724727441658432170e+00
9.109352437244538692e+00
3.471556894507140001e+00
-1.608843737718409050e+00
-5.656404076922584956e+00
-1.090962683888606843e+00
6.164417878193128253e+00
7.379511193853794566e+02
3.604227761717423562e+01
6.402082653388546305e+02
2.217716178087368206e+01
9.059844775012923890e+01
4.250438326274315415e+01
2.402946516824229093e+02
1.208505090132571951e+02
3.776082417882781783e+01
1.149702380394784598e+02
3.132791550299372716e+02
3.914242998478752611e+02
5.080776192798440150e+01
2.256793324496036632e+02
2.832586388709170251e+02
1.898102916067522870e+02
5.430307029891017692e+02
1.357143017366109916e+02
4.193351430136587510e+01
3.867029354724587620e+02
3.184174584240684069e+01
2.819347531822720612e+02
3.946955347578493729e+02
7.452255113923284569e+01
1.697908939139564950e+02
2.997886146200004873e+02
4.020899212607786808e+02
2.076833938601613738e+02
3.679521460313103489e+02
2.546165201402733942e+02
3.180043019766417274e+02
2.751339468023277846e+02
2.844132875479419909e+02
2.574536284272991793e+02
2.257699255227652486e+02
1.873871949413915843e+02
1.922386307444611475e+02
1.746094769694781519e+02
1.625980013401538145e+02
3.423204628209990119e+02
1.899911062097597494e+02
3.274579620052534210e+02
1.695809102015858798e+02
1.715280333277195552e+02
1.439333499408113823e+02
4.734674648419284608e+02
2.063207437918204050e+02
9.900198586506544984e+01
2.585433413746255269e+02
5.197324456926559151e+02
1.983438192141110790e+02
1.455407994581528328e+02
1.070266042315116550e+02
2.182059823243028234e+02
1.783088786622052453e+02
4.053439769854310271e+02
2.196384098774871347e+02
2.868250482122081166e+02
2.908497084738712601e+02
1.738483985130205269e+02
3.068323880639783852e+02
2.900639657816096815e+02
3.035177781804825941e+02
2.294704216797344998e+02
1.998678550107849503e+02
2.950103108098483631e+02
3.793738831669042497e+02
2.626740817124402270e+02
2.261400956810625473e+02
3.031240782353801251e+02
1.941763627968402375e+02
3.829128254158073901e+02
4.685127961774814480e+02
4.829800286582453737e+02
1.645647110732104750e+02
1.213120841239194760e+02
3.627409702245302014e+02
1.755523835487443307e+02
3.576236201714009439e+02
2.491523262211776739e+02
3.370679381172069498e+02
2.011252781432947927e+02
1.755575527289521176e+02
2.238415235957362768e+02
2.037477133275553456e+02
3.116738147794445695e+02
3.741217693591738112e+02
2.266170550834133621e+02
3.465204736943239254e+02
2.305699210829218089e+02
1.764357191795752158e+02
4.077663622685853397e+02
2.222679965008801162e+02
1.585291743147202794e+02
1.165833730564248611e+02
3.187541692660739727e+02
3.101794018816179346e+02
1.029903199199470549e+02
2.916672718265490971e+02
2.448422122109083148e+02
2.863315077104335842e+02
3.377158195058771071e+02
3.223084458686269045e+02
2.540022749607422270e+02
2.117729866980852762e+02
2.998320365583775242e+02
2.074615788145008821e+02
2.554970428459719187e+02
1.698112095500335386e+02
2.574666165567152802e+02
2.150819860471989955e+02
1.305915777480269639e+02
1.618359054110787838e+02
1.366035458477568056e+02
1.924043416031833260e+02
2.772675312158585825e+02
2.878786713581285994e+02
1.955691586504303530e+02
-3.483423240616944128e+01
2.610896224015046414e+02
3.030556899754743654e+02
4.533375507096342290e+02
3.778231996624709836e+02
2.958448821232985892e+02
1.514001136523840785e+02
1.495485336050275862e+02
2.972951948580508201e+02
2.549632824763081658e+02
2.844610290825759762e+02
2.593565104156882626e+02
2.491909150474520516e+02
3.124650176385689520e+02
2.057250058371589319e+02
3.739909467795307307e+01
3.082284134387280687e+02
8.457544472655288814e+01
2.977242819485512086e+02
2.658395858252761741e+02
4.034763621255097519e+02
1.995468806338873549e+02
2.107292572075987209e+02
2.856897430124064954e+02
1.972608248332187770e+02
2.428852896579644778e+02
2.780531389379246434e+02
1.974016740418953759e+02
4.704533659316597323e+02
1.358462559661005571e+02
1.721708560962392482e+02
2.772710265424865952e+02
2.944241355266000255e+02
4.351384503048508350e+02
2.557084968953857640e+02
1.761877220726481994e+02
3.070494719993985768e+02
1.112791081274405798e+02
1.238900159765736362e+02
2.612643691585596457e+02
1.635743966951687867e+02
1.545039634314109662e+02
1.988030637384561032e+02
1.823208123707084383e+02
2.303282123593880328e+02
1.851003430619084895e+02
1.521300111947053324e+02
1.868664339994232364e+02
5.227412566208669453e+00
3.208449075937369912e+02
2.043646322602452585e+02
2.680084228950113925e+02
1.687157158481766430e+02
1.418426434090702060e+02
2.004537733117551284e+02
2.426723710021675799e+02
3.228967264178854180e+02
1.436431976746716259e+02
2.506940563178250443e+02
3.545542377562288152e+02
1.536594303512416104e+02
1.884766485594750236e+02
3.579799860418061996e+01
1.919501588466613669e+02
4.352950785457134657e+02
1.893002577159230952e+02
1.201827195825482022e+02
2.678470525070326858e+02
1.799895459061767724e+02
2.656320591265100575e+02
1.220063750639296671e+02
3.361931995627109018e+02
2.737137927808296922e+02
-1.383152141464583273e+01
1.635246177445162346e+02
1.376001022232834430e+02
2.192870948328013583e+02
2.858844957200356021e+02
1.720025498249705436e+02
1.359781161256157986e+02
9.307014431527807119e+01
2.264161304496732043e+02
8.951624913340098999e+01
7.380616400692554180e+02
1.187572580232075978e+02
4.055255712513845197e+02
1.872236449617045366e+02
1.934748411221404467e+02
1.487719329505596555e+01
2.828080917037109998e+02
4.017804161306617630e+02
1.615994234518863095e+02
9.672507744106688676e+01
1.566781650756421982e+02
1.444272412640148673e+02
2.190952128881752117e+02
2.097194983848483787e+02
7.328315180137811922e+02
2.303225561721620807e+02
2.686562065330954283e+02
5.183976657225533700e+02
3.731580158011528283e+02
2.116710980210587252e+02
2.109314871343787843e+02
5.336563808512805736e+02
2.297679861380334785e+02
-2.153705607024491187e+01
2.906791113466719025e+02
2.259315825689625967e+02
3.062391032193032174e+02
3.284178628371620334e+02
2.224015154249680108e+02
1.876438554293215475e+02
6.424306791517384454e+02
4.591167892635468775e+02
3.673603205090323627e+02
4.430236863025280627e+02
1.150352868322058555e+02
2.079680796490702335e+02
2.241399267402454711e+02
1.215176974241998380e+02
4.210946254846477927e+02
4.206687266131145293e+02
-2.964683738705703320e+01
2.380546938649175956e+02
5.151340980071557851e+02
4.444845396168595926e+02
2.989258161253047774e+02
3.648227139105990773e+02
4.642061099372854756e+02
3.556949017767080363e+02
1.831693908154443022e+02
2.613392121407632658e+02
4.729944562126594292e+02
2.089101368910139627e+02
7.373762707024134215e+02
5.036717122418264694e+02
2.867259324949264396e+02
4.847999391055236629e+02
3.390852061362253380e+02
3.661739245021790907e+02
2.022186468399310115e+02
2.478376990755216696e+02
2.555162437849762966e+02
2.675973464703430409e+02
7.392757969244894412e+02
6.400402719180656277e+02
2.887137594818923958e+02
2.741853780776640406e+02
2.828143832867511378e+02
2.525329287527877113e+02
3.553867452475610094e+02
1.348301565112770106e+02
1.368483677256124587e+01
2.437147897323888230e+02
2.485032852437620079e+02
4.295418501186357503e+02
1.473731490911083029e+02
4.421139476611154464e+02
1.101537803159344264e+02
7.038530070788114017e+02
2.544840045979882461e+02
2.361467991514156779e+02
2.754115276732668463e+02
4.029096186178922494e+02
4.100199991226291445e+02
2.155025110333902774e+02
3.515825934321140949e+02
4.356510980801669461e+02
2.791830571021142759e+02
4.099472891168086903e+02
3.822839384140914945e+02
2.618505686239406600e+02
2.882285890712453238e+02
7.966490234351208528e+02
4.813049271185382736e+02
3.400447856895284531e+02
2.839217915820080975e+02
4.042778851153299797e+02
3.874622747202802202e+02
3.584395879575538970e+02
5.686539718663140093e+02
5.781465763837942973e-01
4.771346030760124108e+02
8.127326890182550301e+01
1.019923080708328030e+03
2.745645276577723735e+02
4.436671616930173201e+01
1.188634535038676034e+02
1.779942503761267574e+02
4.484181098508842069e+02
8.213835054913463409e+02
4.118502296142061141e+02
5.205946104725617261e+02
1.083887657859759628e+02
4.852362322112742277e+02
3.887964618319487613e+02
9.969318373556359347e+01
3.455988059386928626e+02
4.388089465735498607e+02
9.380000349472840071e+01
1.382339979246765154e+02
5.104850429084984285e+02
2.215966659000111747e+02
2.231646074067539587e+02
1.893737665616341701e+02
7.122606900540930042e+01
9.992421112976849145e+02
9.999796584079862782e+01
2.980738933244518876e+02
6.591623400614514594e+02
5.492404509750672332e+02
5.232390626110226322e+02
3.784990573101167683e+02
1.248848459119517429e+03
4.114076311919939712e+02
3.894765830741142736e+02
3.656569432236821626e+02
5.162922278217896519e+02
4.874398637527091864e+02
2.748357230663519886e+02
3.050507125572422638e+02
5.039332885284717349e+02
2.769632640710019587e+02
6.692768020360956598e+02
3.189614244101193776e+02
5.514770975485735107e+02
1.340330991364907277e+03
9.043297666630467120e+02
4.422544386297919772e+01
2.997092924816690243e+02
4.660186835414870643e+02
1.217133196986088251e+03
8.356969102763667934e+02
2.546518088831109594e+02
3.908980623049940846e+02
2.114245447106210918e+02
1.686350418844207866e+02
6.388624731114945234e+02
2.820831179649256342e+02
3.420296965532119202e+02
3.888079953805165019e+02
3.896412224045765811e+02
2.796113148554225063e+02
4.172888475581306693e+02
1.751838646368415198e+02
1.724457822844155714e+02
3.745963128084992491e+02
1.577971086311059139e+02
2.593386714866522311e+02
3.759512640354945461e+02
3.083387804865395765e+02
4.672255465284981710e+02
4.102912321034261254e+02
2.287670255059038595e+02
2.492880196029851732e+02
1.826909999592610916e+02
1.009870844600621922e+03
7.345311334416161344e+02
2.619635779643434148e+02
3.839378459481258687e+02
3.171203221446180578e+02
1.472138820073168972e+02
5.638383368400707241e+02
1.808097590894613234e+02
4.311499696268942898e+02
1.443156776335988525e+02
3.375895899129664031e+02
2.831268694804704182e+02
3.443882025049476283e+02
5.972939264265319252e+02
1.980414417543472609e+02
9.936494898972136980e+02
1.179992224155034819e+03
2.018676651013711023e+02
2.605192010230455253e+02
1.372431596202523281e+02
6.911369061799148312e+02
5.978563555399955476e+02
4.510634301862848474e+02
5.525054698088644045e+02
2.415777813165145460e+02
2.918369878416955316e+02
5.627720848141859733e+02
5.865328317754562022e+02
5.600468301002700855e+01
9.665386055192556114e+02
4.275190163642481878e+01
5.098084960241521912e+02
3.923555141702395872e+02
5.058218984359034494e+02
5.121428206465155881e+02
5.691302116616586773e+02
2.837342348332923052e+02
6.024106790677934669e+02
9.500025546208651122e+02
-9.014712868197801043e+00
5.428570062574738131e+02
5.944474673104784870e+02
3.358371547809314848e+02
1.461549035929860111e+03
1.577042065043367529e+02
7.481276508306582400e+02
1.759801178010279159e+02
9.632451847422457831e+02
3.514126727682942715e+02
4.872116772794194617e+02
7.764928248315655424e+01
3.391148148278574013e+02
2.826685329858212299e+02
1.733764783421843561e+02
2.796782149234320514e+02
2.956335626987029741e+02
1.633785237808693864e+02
8.938592306467179469e+02
1.938235846244812137e+02
3.065714192302492620e+02
4.451729431368621590e+02
1.487240169905644223e+02
7.741858876354392294e+01
3.582524254538902824e+02
1.716345885096326356e+03
1.935228100419819555e+02
1.379022725463011056e+02
5.015564458935379122e+01
1.405029294443327899e+03
3.248216584667281381e+02
2.336964517883449162e+02
4.025913339240253208e+02
5.371736154587013061e+02
4.496036221187644060e+02
1.426120553940323589e+03
5.364642042048935764e+02
4.283209101083914447e+02
3.914237371661496354e+02
8.137228631443134645e+02
6.471305715491984074e+02
7.157603895543641102e+02
8.345520526760847133e+02
7.047542310599594657e+02
6.894139115328636080e+02
1.267210391311227113e+03
1.279859346207667386e+03
7.242299048193100361e+02
6.502931132605817766e+02
1.198451594506496122e+03
4.700710450709800057e+02
1.203527257959192411e+03
9.462071221266527346e+02
2.657304564578831219e+02
5.742885797198125601e+02
1.122837208376902254e+03
1.029787332336626150e+03
1.177548706500389528e+02
7.918383367528085728e+02
5.359444528752450196e+02
4.841092445083680786e+02
1.079207445442139488e+03
1.076471027462142501e+03
9.194305471902480349e+02
9.479355994059942248e+01
8.988969415235607130e+02
1.513177867203956794e+03
1.129508329168246519e+02
6.942562784812839993e+01
1.005951334318884136e+02
7.331688387308017241e+01
1.112478344015871016e+03
1.369656686794889083e+03
6.121727616373024148e+02
1.787316196466372276e+02
4.789622004022226633e+02
1.303000069911360924e+03
1.985195915765052177e+03
1.771328961308656176e+02
2.196112911282987170e+02
1.529732138260208558e+03
1.118032875586229011e+03
1.507458240604217963e+03
1.589322784817108243e+02
6.606001373681187943e+02
2.014733333955954777e+03
8.070301551647286260e+02
1.125207731311787029e+03
4.288361491838051052e+02
3.967211636367133565e+02
7.555106779706835596e+02
2.048816251925427878e+03
9.205465202305925914e+02
1.225431875477039966e+03
3.364275349827104264e+02
2.280467502538308054e+03
2.708264395579719803e+03
1.711973595416393891e+03
1.106978205569628471e+03
3.277153615500798878e+03
2.110908701084469158e+03
3.161120958359249471e+03
2.008709633805816566e+03
3.263331285030603340e+03
5.955219552374725254e+02
2.561460255593220609e+03
1.872536644114385126e+03
3.953648657714994670e+02
2.509236000224293093e+03
3.272065684352261087e+03
5.576397227900240949e+00
3.346070580349909505e+03
2.690815768634315930e+01
4.210191695662624625e+02
6.578837896748183312e+00
3.324188551569043284e+03
9.813721729787292816e+02
8.801366119171296631e+00
8.378977991038858875e+00
5.976922794746526435e+00
1.052608163622537774e+01
2.222964879595168952e+01
3.652432963319861301e+02
3.905485402586273267e+02
1.994041690610978135e+00
9.381794306793233673e+00
6.959933398305150121e+00
8.000327616401181174e+00
2.198056817744668763e+02
9.385584296981837049e-01
2.966986701857164288e+00
4.343569186421730066e+00
1.149958030619217880e+03
3.475161538627204209e+03
1.056900450284476392e+03
1.020135551324391031e+03
2.301749286657664925e+03
1.891540871420909752e+03
1.474082110343258819e+03
2.993592281501350953e+03
1.606843245396210477e+03
1.630919199732048355e+03
2.071756136433846223e+03
3.193674395674496282e+03
1.942570821075338472e+03
1.456141181522501711e+02
2.077930163120054203e+03
1.233707231927662860e+03
1.883864293092640082e+03
3.119637158863811237e+02
1.391573895781277770e+03
3.255081967065345907e+03
1.247956638085550196e+02
1.026275366825897208e+03
2.412536492407782589e+03
1.224881588323584310e+03
3.384271242182679543e+03
1.598383765344351104e+03
3.406970207595464672e+03
3.417968334410015814e+03
1.133689722477771284e+03
3.112376249445771464e+03
2.434605793081558659e+03
2.918399027647642924e+03
3.479819557539410198e+03
2.509779660820237041e+03
3.582636519643046540e+03
3.645094734760286428e+03
1.172187295084653670e+03
2.606385885102039992e+03
3.637586400454822524e+03
3.446669207259496488e+03
3.588255096113729451e+03
1.592691863868026871e+02
2.110070908455841618e+03
3.563881229758784229e+03
3.120620599456621676e+03
3.834644145291297264e+03
1.320723139479367319e+03
1.183448245208983053e+03
6.656824873610686666e+01
3.982118452753415738e+01
2.103273695420902527e+02
3.359606516165340054e+03
3.513882780705986534e+03
2.444787522697908742e+02
2.003735664097379185e+02
1.064375095821979812e+03
3.859541896714712493e+03
3.727170973880900419e+03
3.577193604863164637e+03
3.624076748096965275e+03
3.825682304360108446e+03
3.574386352841289067e+02
1.899592515731946150e+03
3.989872207355799219e+03
2.936054983682535749e+03
3.780103493243202593e+03
4.177811839718738156e+03
3.661567042264562133e+03
3.998400488596540526e+03
3.715677678452030250e+03
4.024750988493536170e+03
3.561938760825726604e+03
2.760173443099936776e+03
3.933566721570575282e+03
3.702225781672198082e+03
3.754643121172071915e+03
3.047201785727819697e+03
1.795322159945224030e+02
4.044504307088776841e+03
1.237660134615214957e+02
3.801865929094401508e+03
1.218725491283783526e+02
1.662705371715259446e+02
3.983305669195491646e+03
2.531467935338042025e+03
4.000541366357184870e+03
1.001071636135077028e+03
4.002582920069197371e+03
3.030100528955816799e+02
1.893997054113711158e+02
3.935848379146862044e+03
3.961125668858397603e+03
3.683260335518750708e+03
4.142069204321766307e+01
2.502856484195888697e+03
2.167880337463293188e+02
1.308593484379507288e+02
2.298308208396204293e+02
2.579512473397921326e+02
9.356546026143404049e+01
5.267755890472773217e+01
7.097917049963237446e+01
4.737031580194943103e+01
3.861763695991312034e+03
1.615842893616547542e+02
7.542892024312922672e+01
4.116249994457370121e+03
3.838000378574785373e+03
7.262751997486400057e+01
1.201623782989827021e+02
3.936494403164866981e+03
1.204479657597234308e+02
4.006426335275507881e+03
3.635097346749450026e+03
3.873384082988028695e+03
4.122139832344134447e+03
1.915159519355548809e+03
3.921579981035362380e+03
4.144009990441572882e+03
1.136651504254166412e+02
1.314334539020669865e+02
3.898351123186772384e+03
4.241717438606579890e+03
4.063189267823017417e+03
4.092415261042568090e+03
2.597193629988392786e+03
3.959716589392572587e+03
1.082102997130083963e+02
1.471823424976852834e+02
4.128005549616209464e+03
1.724265587288735560e+03
4.117525232868470084e+03
3.311735803320899549e+02
9.724855613660696463e+01
2.902464502237242868e+03
1.354333728035153115e+02
4.242481198583340301e+03
4.269140418497324390e+03
4.308680846220816420e+03
4.462083753825431813e+03
2.668925856252626090e+03
4.346385741199151198e+03
4.143739037068013204e+03
4.221717148109671143e+03
4.024075619114837991e+03
4.433826736445611459e+03
4.211496846744252252e+03
4.371275293206458628e+03
4.235478590529033681e+03
4.278839615010017042e+03
4.264749944612148283e+03
3.301316376595139900e+03
2.961776661240473913e+02
1.163589318529233424e+03
4.251991631257906192e+03
4.147171564258675062e+03
3.853358631216113736e+03
4.326677917262970368e+03
1.810940459736528112e+02
4.485233383916980529e+03
3.916810820935821994e+03
4.151944939613778843e+03
4.114725988021870762e+03
4.513071178536775733e+03
4.647398956689015904e+03
3.891026673459597532e+03
3.762451444618327059e+03
4.494329801612327174e+03
3.149910611966187162e+02
4.308289981976668969e+03
4.323403752660030477e+03
4.729264191891837072e+03
4.714463984845821869e+03
4.218797333949301901e+03
4.449604729734720422e+03
4.806459505147556229e+03
4.604467084145079752e+03
4.594394285303668767e+03
4.526499061436649754e+03
4.758804867335643394e+03
4.658998482438300016e+03
4.605133076584700575e+03
4.728426222425629021e+03
4.793411006551898936e+03
4.795792457006759832e+03
1.522670006799548048e+02
5.571359285920424327e+02
4.702498964847498428e+03
4.758249226725793960e+03
4.661029669738437406e+03
4.706102332355547333e+03
1.589404007730414321e+02
4.621630722045862058e+03
4.738524738528009948e+03
1.570284055681291022e+02
2.510072096249290098e+03
4.708931549168371021e+03
4.581397711852174325e+03
4.604727290846264623e+03
9.639131445540162701e+01
1.073028945937515459e+02
4.775521910041146839e+03
6.505504252174403064e+02
4.679030727622228369e+03
1.325861203168639122e+02
-2.732633408376581308e+00
1.840892105900022102e+02
4.859438012784706189e+03
8.525330037814215700e+01
3.338491489202145885e+02
4.721814736340760646e+03
4.766206882257635698e+03
4.750872670052459398e+03
2.660166772161262543e+02
4.892943657969954074e+03
4.748921265170431070e+03
4.493514961453938668e+03
4.744769642425825623e+03
4.692676774441029920e+03
4.772124326023324102e+03
4.791630073739248473e+03
1.375781585539481284e+02
4.977660376974787141e+03
4.873032423508910142e+03
4.935540194081117079e+03
4.702949848379153991e+03
4.753252113898183779e+03
5.488149359334084210e+01
4.689923425799882352e+03
4.346390969865308762e+03
4.397754157609088907e+03
4.559919284950715479e+01
4.250294700072544401e+03
5.124637755907113501e+01
4.669571253552344388e+03
4.193433936563722568e+02
4.598339608921815852e+03
4.616862980692788369e+03
4.810739204722601244e+03
1.982640836017171466e+02
4.836971415192307177e+03
4.788798911254050836e+03
4.690669777371450436e+03
4.644356813887366116e+03
4.775860294302103284e+03
4.907473228659225242e+03
4.886579237516786634e+03
4.809235530787977041e+03
4.868531622916864762e+03
5.089577680051531388e+03
5.017790710582246902e+03
4.727588680468887105e+03
5.044928329611535446e+03
4.879517823529755333e+03
4.772582280016601544e+03
4.822147912394429113e+03
3.674594183492973571e+03
4.883181133051135475e+03
4.915261180940734448e+03
3.382126369182300550e+03
4.933361195500406211e+03
5.050281454426810342e+03
4.899345229472271058e+03
4.780377473142058989e+03
5.139246547306815955e+03
4.719589310991993443e+03
5.110315877966579137e+03
4.942634519683213512e+03
5.032110712418543699e+03
1.590410939364677233e+03
4.928598261848454058e+03
4.946499403113128210e+03
4.767528185213250254e+03
5.082684986120790199e+03
5.192114589631194576e+03
4.883249313326569791e+03
4.968318945414728660e+03
4.996823833011536408e+03
4.825783266074860876e+03
5.176874771604894704e+03
5.025455175772134680e+03
5.163376115255913646e+03
5.006196845949005365e+03
5.067227083402060089e+03
4.959516791455047496e+03
1.112907862239254513e+02
4.588433943177687070e+03
4.990615129203028118e+03
4.950102111529179638e+03
4.970398556571270092e+03
4.997774990294128656e+03
5.280323324363544998e+03
5.232152096813502794e+03
5.040497803873129669e+03
4.997792050431517055e+03
2.693503094091754974e+03
-4.115607629460463102e+00
4.929671128419089655e+03
5.064369823466255184e+03
4.998006455640472268e+03
5.176178385673137200e+03
1.910093574837458618e+03
5.292434662988570381e+03
5.224240475812973273e+03
5.025002785433771351e+03
5.288221046109710187e+03
4.996917290411388421e+03
5.067391725064090679e+03
5.275126095111827453e+03
5.139424793547073932e+03
4.885677119412579486e+03
3.462902961374774691e+02
5.014138672119544935e+03
1.222868789034381734e+03
4.895530735922799977e+03
2.811000693502672220e+03
5.179682495595695400e+03
2.346301606785104468e+03
4.902556713090099947e+03
5.056458263835956132e+03
5.086455809804452656e+03
5.243867136333083181e+03
4.784737638105299993e+03
3.072457780295534576e+03
4.891044223935926311e+03
5.032950259704837663e+03
4.966916318942540784e+03
4.889793377308833442e+03
5.296924142519274028e+03
5.308863908933707165e+01
3.403489766426903174e+01
4.664635911035609752e+03
5.018147481355925265e+03
6.656091490285258772e+01
4.726282038148777247e+03
4.878758921669732445e+03
4.717245599633562051e+03
5.206580485569602388e+03
4.955500423701993896e+03
2.042717708695662964e+02
4.886770706820316263e+03
4.749912895314777415e+03
5.082103832447257446e+03
7.192922766683722990e+00
8.660908019080096665e+00
5.107491770103268209e+03
4.737998034523150636e+03
5.275122370817704905e+03
1.210176774692543091e+02
4.745800972078863197e+03
5.287938529064403156e+03
3.657255786154045296e+01
5.230839484485617504e+03
5.332398544959502942e+03
4.978715403942519515e+03
5.091217326174672053e+03
3.857175545954074096e+03
5.430961058905496429e+03
5.292911860262471237e+03
3.523121818548247575e+01
5.306006616114857025e+03
5.167816747877362104e+03
5.497635748794376923e+03
5.411337608602701039e+03
5.158078391888509032e+03
1.246435703983076792e+03
5.099069980367980861e+03
5.376830285020641895e+03
5.351400094512763644e+03
5.183250581239959502e+03
5.238704850899625853e+03
5.456815345643818546e+03
5.186474848929350628e+03
5.336372668508902279e+03
1.545882573435875145e+02
5.505466730086139250e+03
5.245289391051866005e+03
5.281785505651766471e+03
5.478030381054114514e+03
5.252113737604668131e+03
4.941804582769753324e+03
5.451832519674617288e+03
5.259263476293047461e+03
5.160601779423858716e+03
5.339464270160262458e+03
5.429291946258809730e+03
5.366069255279326171e+03
5.338823696679623026e+03
5.047620670634727503e+03
5.387027059047935836e+03
5.417594692459575526e+03
5.414761042848126635e+03
5.487748594780222447e+03
5.468166705022740643e+03
5.463450879508037360e+03
5.362034609164715221e+03
5.526504080882394192e+03
5.422263635561494993e+03
5.411661176346515276e+03
1.199417922069778797e+02
5.018340705835362314e+03
5.362055055959940546e+03
1.107948725428102819e+02
5.099895513234169812e+03
2.211472035734816927e+03
5.179983041478188170e+03
5.316862927460280844e+03
5.410189636009404239e+03
5.410310310839056001e+03
5.479973555751968888e+03
5.300359108541839305e+03
5.496702293242597079e+03
5.355195714403354032e+03
5.359895865298300123e+03
5.195897060607328967e+03
5.467185451804381046e+03
5.530249272193861543e+03
5.601346236698130269e+03
5.574842078198393210e+03
5.436686605397504536e+03
5.250358083738121422e+03
5.149938477132463959e+03
5.415434943603196189e+03
5.429152171470722351e+03
5.433201779349386015e+03
5.469179220352396442e+03
5.296540377086255830e+03
5.484559226518646938e+03
5.463405219749774005e+03
5.328491908933418017e+03
5.505162018950395577e+03
5.535514930210462808e+03
5.463493635042353162e+03
5.310124802367921802e+03
5.369319321589071478e+03
5.456044609368550482e+03
5.429693584655310588e+03
5.519974217998582390e+03
5.441332024733887010e+03
5.492434165261833186e+03
5.567287502204023440e+03
3.891978267403537302e+03
5.201869142391692549e+03
5.332715905743420990e+03
5.421741308597715033e+03
5.452022150384853376e+03
5.460980182216271714e+03
5.511216786519531524e+03
5.518596673359849774e+03
5.476972027016904576e+03
5.450655834506289466e+03
5.451603711585482415e+03
5.395894616827636128e+03
5.528549355120108885e+03
5.447535554300772674e+03
5.398806433312460285e+03
5.527050161364359155e+03
5.189803521800433373e+03
5.385107839514022089e+03
5.380981220265337470e+03
5.458985067327999786e+03
5.523216814111069652e+03
5.476922259980241506e+03
5.235571961268183259e+03
1.400201950250385323e+02
5.449159715361728558e+03
1.365181507537505468e+02
1.302191488099128662e+02
5.359030877029686962e+03
1.228585747786804063e+02
1.165611061099704955e+02
5.257909928243627292e+03
5.343559557928180766e+03
1.206350387185481026e+02
1.452512229067282874e+02
1.437977824697978804e+02
1.269446060154645863e+02
5.277652076830391707e+03
5.393045669733096474e+03
1.424713882022760458e+02
5.305892324244854535e+03
3.374652161247372817e+01
8.633715979160366771e+01
5.329012767466251717e+03
5.497787640911097697e+03
5.397484325718802211e+03
5.152675553414476781e+03
5.277629644167082006e+03
5.620583754438118376e+03
5.227818668439742396e+03
5.533005952015713774e+03
5.528262107330308936e+03
5.388501418097241185e+03
5.598329524027588377e+03
5.395462233196118177e+03
5.456085212318415870e+03
5.409275159323636217e+03
5.424435313404687804e+03
5.465949163960444821e+03
1.198659987189468978e+02
5.313825898857600805e+03
5.475689932057453916e+03
5.537309146343048269e+03
5.527933552157941449e+03
5.596674386441953175e+03
5.431998467488957431e+03
5.436174375004230569e+03
5.655144219891877583e+03
5.443088377134460643e+03
5.291370412936928005e+03
5.323376781937334272e+03
5.579825908378767963e+03
5.424351891478158905e+03
5.476851045817891645e+03
5.453671217575308219e+03
5.485429980274553600e+03
5.303242729501027497e+03
5.344351660041365903e+03
5.469187604892249510e+03
5.398104029829406500e+03
5.258438596016599149e+03
5.461852592129194818e+03
5.412383444789805253e+03
5.357598938454348172e+03
5.458636237446346968e+03
5.471190972916757346e+03
5.556337297956222756e+03
5.564903860605580121e+03
5.471020831213746533e+03
5.572792576985832056e+03
5.611920754172011584e+03
5.573880722936170969e+03
5.394340665557242573e+03
5.441903686015978565e+03
5.495434161896580008e+03
5.436045913097044831e+03
5.309520856697536040e+00
1.127076141069293591e+01
4.407511101843398116e+00
5.439181723280692495e+03
9.770182981590727067e+00
5.476102146850073041e+03
1.021597578871025718e+02
1.065076423801806698e+02
8.371110756411724196e+01
1.272254095830086271e+02
5.467061718463527541e+03
5.432408300334486739e+03
1.177867977514843822e+01
5.436255189096578761e+03
5.243725935446030235e+03
5.624788617369787971e+03
5.372801382821708103e+03
5.351068170925016602e+03
5.526211540696602242e+03
5.361358945684519313e+03
5.549379336176844845e+03
1.132284867205195695e+02
5.648004214989649881e+03
5.495944524511334748e+03
5.449460896038741339e+03
5.616176250767424790e+03
5.507805669215018497e+03
5.553903199716960444e+03
5.596714878185888665e+03
5.449448141432033481e+03
5.453622829669412567e+03
5.593873281238953496e+03
5.405279678348380912e+03
5.425978484943493640e+03
5.574565452227883725e+03
5.459109957872816267e+03
5.531079640743861091e+03
5.590960500548967502e+03
5.482113384928282358e+03
5.506529860628398637e+03
5.392718176576643600e+03
5.403899254536392618e+03
5.560238622384039445e+03
5.471697786185897712e+03
5.437914262641217647e+03
5.426572002426851213e+03
5.424136355235830706e+03
5.565212941322883125e+03
5.326401377284903901e+03
5.553181060754888676e+03
5.491391616204190541e+03
5.432228672510576871e+03
5.601459867562869476e+03
5.608710651284374762e+03
5.571289596010667992e+03
5.634816252062109925e+03
5.639750529850841303e+03
5.535752662404959665e+03
1.113633947061292133e+02
5.532718551735837536e+03
5.595919980825925450e+03
5.549588138554841862e+03
5.123883372521387173e+03
5.666213130445200477e+03
5.572612098865479311e+03
5.560539701141359728e+03
5.489843151742265036e+03
5.608166060652235501e+03
5.527743650421125494e+03
5.513630729802054702e+03
5.661252034765263488e+03
5.575850540380027269e+03
5.682727636844576409e+03
5.592610070195833941e+03
5.487328916542857769e+03
5.545977488942547097e+03
5.614366036888969575e+03
5.557494638759934787e+03
5.512786874972592159e+03
5.485192600743323965e+03
5.498929773694520009e+03
5.600477970099073900e+03
5.435482955112984200e+03
5.639326745511458284e+03
5.530856082192027316e+03
5.511681960657389027e+03
1.136437348286952783e+03
5.543281370748215522e+03
5.626397801520309258e+03
5.533652702947884791e+03
5.583988180385212218e+03
5.655560909514970263e+03
5.578423196415328675e+03
5.529876199756481583e+03
5.513663655333030874e+03
5.570224783004314304e+03
5.460463669576838583e+03
5.449143505366651880e+03
1.397201038961934785e+02
5.383031630507647606e+03
5.430095766283684497e+03
5.056851625764770688e+03
5.414272109090002232e+03
5.289468828461695921e+03
4.947664834654705373e+03
5.320119500796154171e+03
5.395029813464492690e+03
5.578285348910780158e+03
5.502822223461295835e+03
5.542882721325408966e+03
5.513221489850304351e+03
5.531440119153805426e+03
5.364962020704896531e+03
5.415427537249587658e+03
5.491109928258570108e+03
5.537560065992559430e+03
5.625564969959385053e+03
5.587942082814977766e+03
5.479825531922240771e+03
5.456872268711289507e+03
5.483572910932374725e+03
5.614100195456987421e+03
5.557766454472884107e+03
5.726699859286361971e+03
5.620565480815645969e+03
5.498083303015582715e+03
-1.863677532883233123e+00
5.471927885397934915e+03
5.583059320371233298e+03
5.453899549576371101e+03
5.650647545228961462e+03
5.751611011897333810e+03
5.681032663346763002e+03
5.523624712036122219e+03
5.422523419105817993e+03
5.550978229599138103e+03
5.510373516663246846e+03
5.617008191141454517e+03
1.323083317939757819e+02
5.463683172238651423e+03
5.489882499614453991e+03
5.580921133389128954e+03
5.577183987369941860e+03
5.448168266628676975e+03
-1.865817150170596239e+00
5.531083711628266428e+03
5.570313704445907206e+03
5.635560774901581681e+03
5.533541945442245378e+03
5.569456535981175875e+03
5.547933382131153849e+03
-2.477140450535457727e+00
5.571193719685184078e+03
5.565480900722238403e+03
5.559452747629658006e+03
5.662742047573151467e+03
5.506902183291274014e+03
5.514153357200310893e+03
5.602773805344197172e+03
5.592242130765339425e+03
5.530006748054409400e+03
5.622662231909822367e+03
5.613522831330686131e+03
5.525949537869407322e+03
5.570192939559566184e+03
5.586891840651251187e+03
5.656624078083561471e+03
-1.919317323461291025e+00
-2.483991994933902880e+00
5.595483739459372373e+03
-2.292161610132306127e+00
5.639179537758656807e+03
5.511072539803902146e+03
5.534475867279717022e+03
5.512960722867060213e+03
5.657307320091823385e+03
5.616154621739696267e+03
5.594449651758771324e+03
5.422775178422743011e+03
5.486293439765633593e+03
5.655989131566969263e+03
5.633015183777252787e+03
5.475465274693707215e+03
5.722624216763884760e+03
5.611502584555152680e+03
5.582905088984638496e+03
5.485059496132088498e+03
5.064092276657887851e+03
-1.888192268047248046e+00
5.595089301219403751e+03
5.624206469271863170e+03
5.634375464241888039e+03
5.546807849019486639e+03
5.628715645058469818e+03
5.647354308115242020e+03
5.338439413583419991e+03
5.531049648885427814e+03
5.600906288068812501e+03
5.583234571972849153e+03
5.629705117006125874e+03
5.560421496306064000e+03
5.538093090452473916e+03
5.587918422398171060e+03
5.554555944625162738e+03
5.553074839948224508e+03
5.561426420427137600e+03
5.564176764581308817e+03
5.649884964346033485e+03
5.459737863201823529e+03
5.447559255577387376e+03
5.608375004681804967e+03
5.681159197150276668e+03
5.502522731317865691e+03
2.089508445702558674e+02
5.461141207991682677e+03
5.465356023919341169e+03
8.769057197125279401e+01
1.297337895980199960e+02
1.245979104122391163e+02
5.224996544811732747e+03
5.640022917995567695e+03
1.164954633259186068e+02
4.982923101732350915e+03
3.515367225332116163e+02
5.291223825165482594e+03
3.070858051057793432e+02
8.915152037225618642e+01
5.741187607730998025e+03
5.627490140440365394e+03
5.694317639421317836e+03
5.633022314558897961e+03
5.724667941468371282e+03
5.666323990666126519e+03
5.673640075723538757e+03
5.721448360332960874e+03
5.770742875057722813e+03
5.683270468323859859e+03
5.599828541560128542e+03
5.733721765819700522e+03
5.536136773107437875e+03
5.673828504864191018e+03
5.692652519770117578e+03
5.612877580772285910e+03
5.701889791307506130e+03
5.746380822105921652e+03
5.703354759185156581e+03
5.658988975532971381e+03
5.597417957009770362e+03
5.710808965401927708e+03
5.391817773740236589e+03
5.594410006723599508e+03
5.705652911907915950e+03
5.743470437439347734e+03
5.573072083725598532e+03
5.749989364745970306e+03
5.789815830289458972e+03
5.459758120566700200e+03
5.653554912096575208e+03
5.624010707001506489e+03
7.175623613975628245e+01
5.704623047238296749e+03
5.586499521681343140e+03
1.191938323239536857e+02
5.620892032448227837e+03
5.597504996754390049e+03
5.592404961169087983e+03
5.616467497465192537e+03
5.469096141507473476e+03
5.668281226313212755e+03
5.694250200860799850e+03
5.603227911899722130e+03
5.618246758202999445e+03
5.683648764004172335e+03
5.695326900606588424e+03
5.667424300783487524e+03
5.601183171703913104e+03
5.748954069727417846e+03
5.652383278307323053e+03
5.570554325210212482e+03
5.603872601702587417e+03
5.542389036413552276e+03
5.680753821022429292e+03
5.570282724913230595e+03
5.691358007162019931e+03
5.677451359595779650e+03
5.696858342411348531e+03
5.741225398235362263e+03
5.688880460526682327e+03
5.647782906856660702e+03
5.694320738159301072e+03
5.596028453550059567e+03
5.746860789154579834e+03
5.656183866428485999e+03
5.579623588916659173e+03
5.725304240627204308e+03
5.671250613985388554e+03
5.747543324431188921e+03
5.705469956031924085e+03
5.634983531933639824e+03
5.737578870930179619e+03
5.647005295151837345e+03
5.545962772585807215e+03
5.620899347107464564e+03
5.539462513714688612e+03
5.464586805809371072e+03
-2.582248502391228939e+00
-2.499567540124429943e+00
5.616851893920374096e+03
5.606859753808377718e+03
5.545462482947875287e+03
5.522506373782846822e+03
5.690452630120385038e+03
5.374430813711258452e+03
5.533895637315997192e+03
5.608013087808070850e+03
5.690927488594953502e+03
5.646114126531342663e+03
5.771910985692931717e+03
5.704952619284425964e+03
5.496973026978215785e+03
5.661229867110922896e+03
5.688923362077549427e+03
5.480968596524051463e+03
5.607171690298840986e+03
5.621302444432167249e+03
5.713417659737217036e+03
5.672009127137504947e+03
5.728278804965895688e+03
5.527748668951116088e+03
5.466774402494142123e+03
5.700831983822801703e+03
5.709313274267530687e+03
5.697263354599616832e+03
5.712380869388983228e+03
5.764069221472080244e+03
5.670480822152907422e+03
5.671685674550958538e+03
5.570569142352904237e+03
5.760046440462800092e+03
5.748542598481298228e+03
5.600109691798302265e+03
5.695935973652379289e+03
5.683190891909018319e+03
5.550800830589090765e+03
-2.196204434334460665e+00
5.616172274546101107e+03
5.728255449017051433e+03
5.678578644721445016e+03
5.733773269610160241e+03
5.657174609488536589e+03
5.707503715219104379e+03
5.581567323988097996e+03
5.761505763149969425e+03
5.700209294114856675e+03
5.707134657201557275e+03
5.609274323686570824e+03
5.624083883713985415e+03
5.535422843310087956e+03
5.661492344815569595e+03
5.698905048553713641e+03
5.644856270108490207e+03
5.710247850590713824e+03
-2.030652408015231281e+00
5.682963469685290875e+03
5.668802863962256197e+03
5.519462224839761802e+03
5.746007258121980158e+03
5.604342351500970835e+03
5.688356723999409951e+03
5.507756697510340928e+03
5.640229287058291447e+03
5.553817460489034602e+03
5.653728227571281423e+03
5.635908501568719657e+03
5.629142202323558195e+03
5.663932317317293382e+03
5.658435950733516620e+03
5.689975750706084000e+03
5.782702104366988351e+03
5.751017034596901794e+03
5.712082288182945376e+03
5.694123192909471072e+03
5.650970855795417265e+03
5.713746666313378228e+03
5.607593852278013401e+03
-1.084347819616087172e+00
5.707835715426308525e+03
5.797360429910112543e+03
5.647802079336934185e+03
5.578253688589475132e+03
5.678110596346408784e+03
-2.227315694879945518e+00
5.695171650244940793e+03
5.609753685958396090e+03
5.665082485444592749e+03
5.733346741486519932e+03
-1.957467933093973933e+00
5.576616735790548773e+03
5.675291963621923060e+03
5.620074235879455046e+03
5.751141892545157134e+03
5.709318676354770105e+03
5.743771542830256294e+03
5.699566038164814017e+03
5.633248952797462152e+03
5.642619615069595056e+03
5.540592839380759870e+03
5.616176407850867690e+03
-2.307334373721106946e+00
5.523404626412361722e+03
5.701239964169001723e+03
5.727397334552839311e+03
5.704114469845315398e+03
5.742358073869289001e+03
5.678732594703662471e+03
5.552788449880714325e+03
5.640592166151913261e+03
-2.462236735341824190e+00
5.791885858952928174e+03
5.727481942527667343e+03
5.794170452127013959e+03
-2.337112250257061596e+00
-2.500817688076649503e+00
-2.623892164937148941e+00
5.637834839713058500e+03
-3.541199399573814244e+00
-3.293825568448265795e+00
-2.962246735492219951e+00
5.666598702978835718e+03
5.747155860187209328e+03
5.763378675635836771e+03
5.770528923327034136e+03
5.676177304151357930e+03
5.723137621438017959e+03
5.752069043186343151e+03
5.753351556085824996e+03
5.630557575226361223e+03
5.782299785454082667e+03
5.761114666606428727e+03
5.751762838743956308e+03
5.765880753951354563e+03
5.783095667132528433e+03
5.736519651436799904e+03
5.669719446738603438e+03
5.754912668809836759e+03
5.802863547450810984e+03
5.826888337368150133e+03
3.893352907006887563e+03
5.659687706948207051e+03
5.767654102299603437e+03
5.772727519246315751e+03
5.828772075747653616e+03
5.861092688761103091e+03
5.796837340760995176e+03
5.736787234168612486e+03
5.712997041910842199e+03
5.795143801776373948e+03
5.771677184499821124e+03
5.797682758251988162e+03
5.845892575046254933e+03
5.730852116005179596e+03
5.494626844700042057e+03
5.816986337103458027e+03
5.750753665215553156e+03
5.860292829354544665e+03
5.737067581022771265e+03
5.711255327859137651e+03
5.838109055491824620e+03
5.582018596907317260e+03
5.747011805858148364e+03
5.793327496497478933e+03
5.734353677686831361e+03
5.744665425722843793e+03
5.671706057331771262e+03
5.851204012136236997e+03
5.864214955005877528e+03
