1.268443660271222306e+01
1.258105240923714874e+01
1.225847595068252360e+01
1.241232522062003518e+01
1.259104190810680812e+01
1.245683420318632528e+01
1.233838345333190212e+01
1.248433665860042119e+01
1.213404850819595282e+01
9.103115552569151987e+02
6.979741454700717895e+02
7.723314688773419334e+01
4.295352710753003578e+01
2.271639236606818031e+02
2.697749162793700179e+02
2.406161736004083309e+02
2.453524375986745838e+02
1.699889024705746294e+02
2.578662668277262924e+02
1.580502241788100832e+02
2.063934790203199157e+02
2.547648353914282211e+02
2.548963930436205771e+02
3.267792226292730220e+02
3.120451972059221362e+02
2.805864308685880815e+02
2.445152061895443296e+02
3.075996782301330086e+02
2.760517428569696108e+02
1.806874089247646964e+02
2.261766505352474610e+02
2.035737260062321639e+02
3.006314831197838657e+02
2.991497297477174584e+02
3.403308322746828480e+02
3.102321492910398888e+02
2.054203381033377696e+02
3.317010778250506746e+02
2.408771851978663108e+02
2.262551355907243646e+02
2.485013979072812162e+02
2.195306602956692927e+02
2.429028521754069061e+02
1.661150213940419462e+02
2.203703635634518321e+02
2.780613689710320955e+02
2.983495391517250255e+02
2.723648822712889341e+02
2.325439936688861451e+02
2.523062040818448111e+02
2.211563058456347903e+02
3.215182399152257631e+02
3.661434447685134046e+02
4.116626703320477532e+02
4.298572597658086920e+02
4.210258539693164721e+02
3.803696530804664917e+02
2.875040541881422769e+02
4.083628579567205179e+02
2.773681836992915350e+02
4.219267770543498841e+02
3.892934778908165754e+02
4.760025693269584508e+02
2.777144250893206845e+02
4.003557856141127331e+02
3.524413603978130141e+02
2.199792532600205845e+02
3.639047502533877605e+02
2.556738766284493920e+02
4.985780482779494491e+02
1.988854723503204980e+02
4.839329250550212009e+02
4.057165597171887157e+02
4.461655287693384935e+02
4.563791313048262737e+02
3.960617951131137602e+02
3.905398259682208391e+02
4.770778343697838864e+02
4.532895515906267292e+02
3.758145380481929578e+02
5.465066239437782087e+02
4.438563045604331023e+02
4.971814607749350330e+02
4.545286844613081598e+02
5.045557645261648645e+02
3.709491975254872500e+02
2.373640387794920628e+02
2.399437144453346207e+02
5.929432379062458267e+02
4.802271674716395751e+02
4.332927035378499454e+02
6.561182944868501181e+02
6.827092735535322845e+02
8.283469496521562405e+02
5.765118945067099503e+02
5.172302357131334247e+02
3.569059298571257841e+02
8.673455823974633176e+02
3.067179270858335940e+02
6.133690709548106952e+02
6.169962520683052389e+02
5.197378342835853573e+02
1.007210357505615661e+03
5.745419111932781107e+02
5.949757861807842119e+02
6.280572401102607500e+02
1.063689776062512237e+03
6.184439010021339982e+02
7.118486396929654347e+02
4.785162867741388482e+02
6.434469517001346048e+02
2.529534336381404103e+02
1.590739190021354261e+02
5.155468893606931715e+02
7.165907254330546721e+02
3.660052438824967567e+02
4.012532557059333840e+02
9.611824733965650012e+02
1.198438226661623276e+03
1.315931282546362127e+03
2.240981581901884510e+03
2.101515064596257162e+03
1.500565301021617643e+03
1.759522018770500381e+03
2.342022793847816502e+03
1.720427137372064408e+03
2.644807079014689862e+03
1.517095173738085123e+03
1.921701979037954516e+03
5.182269366934327763e+02
1.118190436804675301e+03
6.566820019812458220e+00
9.648701102476968572e+01
1.742110325059578884e+02
4.324688965981180218e+02
2.513504700274218919e+02
1.729231869891161523e+03
7.934936355782504052e+02
1.986203973555838729e+03
2.359978888755560092e+03
1.869597910443452292e+03
2.620095644406845622e+03
2.446068356399343429e+03
2.384055494132352123e+03
1.465255974760854997e+03
1.951153648433439912e+03
2.282394162020935255e+03
2.359824260107764530e+03
1.713143658103842199e+03
1.796966289227739708e+03
2.335306032682044133e+03
3.370260294747674379e+03
2.172392313761761216e+03
2.470403628314958951e+03
2.249669031951755642e+03
2.997228119364820941e+03
3.232119403215012426e+03
1.737402130579421964e+03
2.371263864751699657e+03
3.114537886408946633e+03
3.331890136625085688e+03
2.491876920759969835e+03
2.986893395308763957e+03
2.672960268132483179e+03
2.471032590109222383e+03
3.437744813884473842e+03
6.666308040483556852e+02
1.287286333662325205e+03
1.046351300432957458e+02
2.234633861030773460e+03
1.221255533732972026e+03
2.661769774948917529e+03
3.591098749629768918e+03
2.937205661560946282e+03
3.678663122430082240e+03
2.529147421559964187e+03
3.861064556774218545e+03
3.290767410533171642e+03
2.946882116079482330e+03
3.456583309032272609e+03
3.204449046714242286e+03
3.153862701372603169e+03
3.483877364158882301e+03
3.542193561545316243e+03
3.895277926746981393e+03
2.944202700793536224e+03
3.748984069197717872e+03
2.733046400314175116e+03
2.058906062749873399e+03
2.503674829539925668e+03
2.533297070093517959e+03
3.617349027527093767e+03
2.398266605810164947e+03
2.362913935237645092e+03
3.508679747629159920e+03
1.256468466833958018e+03
1.652448191439001675e+03
4.347243746299100309e+01
9.025477153890236082e+01
1.186501150169521850e+02
1.112354281396095757e+03
3.005059244434231005e+03
1.254354832060401122e+03
1.676730481606747389e+03
4.956850139716822241e+02
2.819971296325415551e+03
1.678128753811226034e+03
1.718096744070131535e+03
3.393041567168513666e+03
3.444079595015417908e+03
2.176612284875768182e+03
2.708466458148401216e+03
1.044595606203548869e+03
2.982027998597342048e+03
1.347684812392239564e+03
1.619083576206370708e+03
4.030996235172425258e+03
3.532055594962969280e+03
2.667633785357908891e+03
1.588277041930133691e+03
3.398714285200412178e+03
4.097014155877508529e+03
3.770485686968093887e+03
4.181124004861371759e+03
3.573244307337617556e+03
2.497573453860754853e+03
3.560073763582753600e+03
3.966194991824321278e+03
3.678681382026456959e+03
4.295324411133233298e+03
4.150131991367218689e+03
4.140029053384598228e+03
2.169084422499850461e+03
2.631087984943508673e+03
3.023725375121320667e+03
2.811479322202940239e+03
2.526791930081635201e+03
3.547910581256236128e+03
3.796363438158007284e+03
3.170766414667216850e+03
2.119982246948563443e+03
2.532731846977670102e+03
2.684139987775337431e+03
2.202949529641910885e+03
2.813125561757531159e+03
5.822154852671785648e+02
3.886945330925802409e+03
1.412691664711891917e+03
2.705917495253348534e+03
2.914888397566267031e+03
1.213273218967285402e+03
1.387316202160163812e+03
4.644291273833498053e+03
4.616656029920179208e+03
4.166435599534482208e+03
3.997211380036352239e+03
4.140717355496855816e+03
4.684342905649020395e+03
4.777938551168814229e+03
3.742081334292890915e+03
2.014411875537703509e+03
4.653698079783656794e+03
4.736466796035514562e+03
4.789960382236607984e+03
3.840487943258252926e+03
3.853784754747800434e+03
3.318394341110125879e+03
2.508087370221281617e+03
4.893675095985116059e+03
2.410191743642729762e+03
4.691419174225715324e+03
1.827082491483222384e+03
3.315622028469920679e+03
1.968114225438757330e+03
2.673495424020257360e+03
3.331345448512821804e+03
3.887879472756324503e+03
2.037110573281962616e+03
3.208240609339768525e+03
3.302265544584800864e+03
4.265284306465614463e+03
2.917427812104371583e+02
4.354120486486445770e+03
2.493888498500523383e+03
3.899551397174424892e+03
2.698644558160518045e+03
3.887343676713570858e+03
4.350247447018477942e+03
4.058106035388905639e+03
1.105079155723425629e+03
3.147614476950828248e+03
3.704397948461407395e+03
4.866511558695966414e+03
2.815168432186440896e+03
5.138656338497300879e+01
3.226524229160375853e+03
2.657003265266127528e+03
3.335957443398606301e+03
2.400897879769584506e+03
3.807012106870530260e+03
4.653321527951435201e+03
4.885653711518607452e+03
3.216427117869328868e+03
2.488953421732964671e+03
4.954541049768291487e+03
4.315444359490729767e+03
4.816632412275930619e+03
4.643540271075506098e+03
4.645140890749376013e+03
4.277364537503244719e+03
4.794666294500642834e+03
4.561957491364405541e+03
4.840595471865597574e+03
4.788961928241018541e+03
4.732557012616378415e+03
4.123826427799510384e+03
4.870980334097692321e+03
4.797488365546951172e+03
4.712514042077184058e+03
4.418111075614665424e+03
4.137212517026997375e+03
4.334654708727437537e+03
4.897039219044620040e+03
4.806784186436356322e+03
4.783606652669202049e+03
4.307612017482539159e+03
4.101127978793216244e+03
4.891779973014844472e+03
4.842632047710550978e+03
3.989064372006349004e+03
3.432164628379773603e+03
4.956029150784801459e+03
4.647444045190104589e+03
4.904154129825983546e+03
4.248252865515481972e+03
5.055779326022414352e+03
3.679554800315535886e+03
4.661652285211659546e+03
5.148727694328040343e+03
4.624256292114007010e+03
3.912761443907349985e+03
4.319483517204508644e+03
4.294800539151417979e+03
5.104174609641233474e+03
2.766047974796887047e+03
4.080267479478220139e+03
4.881672007753410981e+03
3.398764606148777148e+03
5.228090097260207585e+03
4.430529395874147667e+03
5.097129698419701526e+03
5.146878178491532708e+03
