1.651756324123792012e+02
6.549674259427828815e+01
2.883477244439866283e+01
8.448972275058297043e+01
1.016552621577918956e+02
1.456703778631712964e+02
1.104368934709158054e+02
1.207507450811838936e+02
2.232867146385202659e+02
2.231738827124715385e+02
1.600580057649568744e+02
1.153194839828539955e+02
1.843811704324174059e+02
1.801309331230393695e+02
2.233640087858367735e+02
1.676637722545212910e+02
1.729768955206762939e+02
1.675941874922382056e+02
2.454294649878634971e+02
1.615181848991513505e+02
1.670254438451798364e+02
2.213165850890474076e+02
1.891882530687791188e+02
1.795523385738895001e+02
2.023203143480415065e+02
2.170709738709460908e+02
2.268517921048017172e+02
2.149700643997717009e+02
2.436414609007614729e+02
2.069777419543843280e+02
2.239768468422172987e+02
2.494111996702195881e+02
2.593512573648184230e+02
2.832829896421819740e+02
3.365145428852449641e+02
3.012369738322814783e+02
2.186739018451950756e+02
1.852850649606707236e+02
2.835109327297482764e+02
3.602886220953810721e+02
3.164941588851880283e+02
3.447638287500016645e+02
4.183785369648101096e+02
4.080087519764249464e+02
3.407912273371685501e+02
3.666780957434998527e+02
4.539577927047054118e+02
4.028177926668387272e+02
3.501961399546889311e+02
4.595119693092817670e+02
4.590368505784923059e+02
5.660247550117853734e+02
4.536877296443130376e+02
4.033112812900368453e+02
5.470720761420967619e+02
4.614199442690466526e+02
4.656415472450113953e+02
3.354599740490497197e+02
3.726705211330516363e+02
4.500268433196765159e+02
4.107709463278794146e+02
4.870797425226909354e+02
5.754952704366791068e+02
6.652992859971490134e+02
4.639299319894638529e+02
6.595424263710702917e+02
4.588549734241761939e+02
5.905609365679537177e+02
6.663323768290388216e+02
8.310335341372212952e+02
5.264852872989132493e+02
7.422437088317725511e+02
5.248691252953324238e+02
7.555126405803944181e+02
8.436118901431362929e+02
7.574287627133643355e+02
7.366570916459158980e+02
8.199199091157255452e+02
7.283755162306268858e+02
8.288628316579986404e+02
7.455178775523746708e+02
8.356647798894508696e+02
8.331004305569147164e+02
8.434686059689386184e+02
7.331577508903511671e+02
8.276656092236785298e+02
8.321645400195702678e+02
8.294927134944365434e+02
8.296622170827312175e+02
8.280835633726829883e+02
8.184635219421628562e+02
8.273569784741295052e+02
8.365446009834992083e+02
7.353503875584249272e+02
8.215895955586580612e+02
8.286897276751560639e+02
8.386557195214895728e+02
6.635959159130668468e+02
8.260123777308572244e+02
8.065410939785590472e+02
8.216392307844532752e+02
6.671134946538995791e+02
7.409861160124467006e+02
8.263865777512196473e+02
8.287471728279525678e+02
8.286552921585855529e+02
8.317533891453686010e+02
8.384925064852086507e+02
8.349756410112619278e+02
7.553904159800327989e+02
8.367838260073403944e+02
8.279267828767269748e+02
7.126385663164844573e+02
8.219583950125024785e+02
7.468870140468034151e+02
7.484805730903086669e+02
8.307482897524403143e+02
8.277585860612040278e+02
8.303891324620162777e+02
8.235841967001903186e+02
7.566339268949809593e+02
8.348331183387549572e+02
7.456641258119778968e+02
7.331794614188606829e+02
8.245444676239299042e+02
8.087831202358867131e+02
8.284045907813775784e+02
8.277154153026108361e+02
8.435600185931102715e+02
8.381173796254164472e+02
8.187334877656215895e+02
8.204712512505338964e+02
8.267397150447404783e+02
8.319995938354751388e+02
8.317230892123540116e+02
8.217994602189498892e+02
8.180381675887524580e+02
8.234020925721054027e+02
8.397563008585467514e+02
8.347261306554020166e+02
8.319013392362536479e+02
8.250133011526894506e+02
8.344471384517657953e+02
8.418264607237050541e+02
8.037406446940200340e+02
8.328087664642133632e+02
8.404048668025716324e+02
8.367781460921645476e+02
8.315290393496102297e+02
5.021953455752895934e+02
8.386271731163961931e+02
8.207708258627070563e+02
8.291067120891342483e+02
8.395535889166292236e+02
8.420470158492673818e+02
7.398437839174625879e+02
8.325061397585681107e+02
8.314553441244368059e+02
8.389777702939645678e+02
8.388392640050557247e+02
8.430925624837550458e+02
8.450687860865410812e+02
8.339291273193076677e+02
8.299958841743695075e+02
8.407880160202900015e+02
8.453827360533488218e+02
8.417787229844431067e+02
8.421461888171943428e+02
8.310093468740075195e+02
8.393036211044741322e+02
8.440870657410802096e+02
8.453637412776564588e+02
8.342914382674517810e+02
8.432305164988067645e+02
8.366609033858936755e+02
8.243776761604074181e+02
8.369966194182944719e+02
8.280611372387393203e+02
8.344712280340366988e+02
8.295433803084350757e+02
8.336601994180051634e+02
8.227007675894924432e+02
8.410008726962144010e+02
8.334133723018680939e+02
8.383929268924003964e+02
8.359740048465013160e+02
8.401240524590522227e+02
8.367779879721915677e+02
8.447809850343774087e+02
8.353771690101733611e+02
8.435359931712107482e+02
8.355739750071534218e+02
8.415536823376136226e+02
8.369005433000986613e+02
8.324435114497430277e+02
8.277656404898890514e+02
8.357375673109820582e+02
8.396486344060366491e+02
8.408443038561972571e+02
8.244543710025432119e+02
8.378755509959156598e+02
8.420431955568192279e+02
8.392223312818758814e+02
8.374127386428120872e+02
8.461071487123590487e+02
8.412428324470294001e+02
8.162423202505005975e+02
8.382636705680679370e+02
8.394566827974125545e+02
8.351398450366162933e+02
8.425023500028365788e+02
8.088056160769865528e+02
8.380046232874761927e+02
8.370343299968697011e+02
8.432499491830020588e+02
8.330123050762068715e+02
8.386488544465274799e+02
8.327231042733789081e+02
8.341753860114079089e+02
8.007757326243231546e+02
8.371489612244158707e+02
8.348409744380834354e+02
8.227339674963180869e+02
8.281887892321419713e+02
8.347574985585667946e+02
8.395746726695357438e+02
8.344018640287451944e+02
