-1.738411592079864842e-01
1.347206812170045431e+01
6.076862718213176251e-01
6.339284017569817298e-01
-5.180670396619674989e+00
5.276309782411539473e+00
7.455752462816242598e+00
-1.105041710338988459e+00
1.556762012981577570e+00
1.819146395889750911e+00
-1.456277362980032297e+00
-3.886751626029093520e-01
-3.906246138204602314e+00
1.124445896430673564e+01
4.796032750044780246e-01
1.750684578702720984e+00
-1.564949899376843367e+00
-7.022188749696130827e+00
8.919533731757176565e-01
1.898641319878174727e+01
-4.821931593994053245e+00
-1.966387723475575999e+00
1.885326931328976130e+01
-4.091333322933038197e+00
4.490281267060002079e+00
4.315404086779862425e+00
-2.884664472886632858e+00
1.267711741903499778e+01
-5.497255503230160656e-01
-1.828966137638267764e+00
-4.179978400975094210e+00
-1.679944827356165682e+00
-2.747253169427438912e+00
-6.011094719481294035e+00
1.211211239088335390e+00
-1.058832621963010201e+00
-1.743255544833959947e+00
-1.518511351648715202e+00
-2.849099660956336599e+00
-1.398758812464087065e+00
3.690857826689307508e+00
-5.751883301206336618e+00
-3.877319239222465352e-01
-5.653906432903840873e+00
7.460806781338975568e+00
-1.038431962183877122e+00
5.620977065416782104e+00
3.710304815624111185e+00
3.704917769737999578e+00
-2.161050013804257652e-01
-1.923448198833054068e+00
-4.123552423515583598e+00
-4.557581736846974541e-01
-5.481347240506183383e+00
-3.966819628964405542e+00
2.443456020205240442e+00
-6.314480357353963846e+00
7.255369436882272538e+00
3.955372214476694515e-01
4.455074613215112223e+00
8.040449655859482903e-03
3.641445195591528350e+00
5.791754568350706123e+00
3.901449635523372983e+00
2.557795901584968945e+00
3.233285585373345761e+00
1.861937147148903904e+00
-3.514113910627253645e+00
4.391536113180840140e+00
-1.498439405370311173e+00
8.159467153967788766e-01
-8.554949353616403407e-02
-4.437401130979878872e-01
-9.382053512722620114e-01
-1.393616567702426368e+00
1.107476424914081115e+01
-3.770718270436467234e-01
-3.684857625417907734e+00
-5.212929155040738394e+00
-1.271020195384886753e+00
-2.149546659310070940e+00
1.393311322153842013e+01
-6.396421080832947581e+00
-3.546447291417998304e+00
2.472764885936940971e+01
6.829734300007209491e+00
1.151949949226575676e+00
-6.133611038111316915e+00
-1.459781934445081975e+00
-7.141965723360923057e+00
-2.819338538140609529e+00
2.216131130813065564e+00
3.725265029271680461e+00
9.496727814899282194e+00
4.314010728698429276e+00
-1.267003317846871813e+00
4.254499932755860137e+00
-6.627585565377377641e+00
-2.215514855583563314e+00
-2.923965541959588355e-01
7.608917883124151516e+00
-4.444372336366326337e+00
-5.993348746784372238e+00
-8.672435178734090755e+00
-3.415629399222492868e+00
-9.149972101524289636e-01
2.516969628875866061e+00
-3.159211656094024434e+00
6.184092572074699312e+00
-1.325239982907378433e+00
-1.971489687089954312e+00
3.155084695826130270e-01
-4.963419298368727084e+00
-3.361454022897740757e+00
-1.728676283731844787e-01
1.204572549289550842e+01
-8.640043226817663680e+00
-4.519418682218455663e-01
-1.024743556514866594e-01
-3.977788875924361811e+00
-3.565123175796149013e+00
-4.217412887664007126e-01
-5.573699699883923886e-01
-6.154289110368859061e-01
1.375300436831995710e-02
-1.504509585507185276e+00
3.253585087664568221e+00
4.018700564394850794e+00
2.498015286032289950e+00
4.069432942084730165e+00
2.270837793113685610e+00
-1.825705546858631401e-01
2.445607168749494242e+00
-1.739896225742401548e+00
-8.002647641705340931e+00
8.769336547400826021e+00
4.326108153682532986e+00
-2.814672690165687108e+00
4.818546420330359403e+00
6.733172812602707502e+00
-9.927349001152067087e-01
-6.454159212667625045e-01
-1.421727290603681526e-01
-4.526712750728910883e+00
8.138890582949370511e+00
-6.303063855573043384e-01
-4.120950693931442643e+00
8.149355807420985975e-01
6.877690613537120967e+00
2.140505337281042753e+00
4.716498855216956221e-01
-9.259855861237936026e+00
1.342193875139339099e+01
3.263900700814327926e+00
8.915921710993560123e-02
-2.193920608882054424e+00
4.505062546992705919e+00
3.223754944343785400e+00
-5.697611655005903941e+00
2.672433054946396158e+00
6.757322822924231032e-01
3.854420982393333084e+00
6.407334362913103654e+00
1.395388346420957104e+00
1.678670429334261582e+00
-2.276011168214938651e-01
-6.782038402702776914e-01
8.651202920529064144e+00
2.183137393831445561e+00
4.445739762411262674e-01
6.040375032563766844e+00
4.924398341131507095e+00
-3.181975321146528035e+00
-5.392971818099502102e+00
1.413959943728940960e+00
-5.691895465422753819e-01
-5.850281744738308198e-01
1.749677845946694177e+01
7.188678882840110473e-01
-2.424382021550751887e+00
1.247061270511938247e+01
-1.376713733156509356e+00
5.990966567145334487e+00
-6.203002716312235876e-01
5.029268225128853409e+00
-2.016538355721772202e+00
4.791743065030748205e+00
6.724478783509970636e-01
-5.819179951525732530e-01
1.380741563435302410e+00
1.431257499575716530e+01
-6.898686325286913501e+00
5.026736290643830429e+00
-3.214998624806360006e-01
5.289797749408235994e+00
7.423716585981877003e+00
-2.019320243515897229e+00
-3.448411481961031200e+00
3.416478808750154972e+00
6.178509774074289140e+00
4.046919265737668248e+00
-4.559726303602215758e+00
-3.325261686196560262e+00
2.474319206714477914e+00
9.943157252233874033e+00
5.831869035257190248e+00
-1.915879554941776197e+00
8.017043611559642180e-01
7.193467551376314661e-01
1.241630852545959485e+01
-1.829306977600153150e+00
-5.520328464976500538e-01
9.725395594651256026e-01
-3.374819641573342466e+00
-6.105906907444200726e-01
-7.678762698888511595e-01
-1.955792608611437222e+00
-1.221029874958103056e-02
3.053183662528642373e+00
2.876017704515498874e+00
5.224858375368732766e+00
9.404331256249509607e-02
7.248322395014868746e+00
6.141124651684833680e+00
3.235554339740037033e+00
2.891621983227967152e-01
-2.030773058521531116e+00
5.063295713512243168e+00
-3.665725354273182912e+00
3.605550272374808962e+00
5.093313468651991194e+00
-5.266430257618022637e+00
-3.512637005414237290e+00
-4.823271287282317132e+00
2.161454113093557083e+01
-3.585954922095945907e+00
-3.451786702763275816e+00
1.596879451526073801e+00
3.325763130471214168e+01
7.035896308379797404e+00
-9.230983438367923455e-01
1.376567510092652213e+00
-3.756612481875158505e+00
3.091911662778026759e+00
-3.795383503473310327e+00
-3.299644499332847758e+00
2.309948901761408990e+00
1.298067620801916622e+00
2.158283666825333924e+01
6.260874696799660022e+00
-1.007900044201610168e+00
-4.317937699105087179e-01
-6.648704532364263509e-02
-2.561370926418478078e+00
1.611927937983057335e+00
-5.763904900041878498e+00
1.497590471806775625e-02
7.304398385282041772e+00
3.000335376633485485e+00
-3.953474862424227965e+00
6.054664596686204270e+00
6.426308731556844123e+00
7.701094630737902458e-01
-6.606342421166180756e+00
3.043179814416812956e+00
6.603470144641396367e+00
-1.839126433055998211e+00
1.238939154891247618e-01
1.630299816876569441e+00
1.077337760935067301e+01
1.357277681741952513e+01
1.206779034093466763e+00
5.311962114045448935e+00
1.155081928150849313e+00
-1.501272884670873831e+00
9.005686971728017742e-02
-2.169940597565630291e+00
5.288406181698370290e+00
-2.596309492665597407e+00
1.927550364542325312e-01
-3.820393064639546199e-01
1.301187427855551881e+01
5.501573785414593409e+00
1.019725673279614497e+01
3.393358874684675897e+00
3.284754497601003465e+00
2.169343216868846458e+00
-3.206046758694588217e+00
1.425508865810193271e+01
8.621649032532262558e-01
-3.289634835718690198e+00
2.758755804585184102e+00
3.811534823083028378e+00
-1.002874671073478607e+00
-5.913851814249971639e+00
-9.967548063020229776e+00
-5.338924119096175147e+00
-2.443441855004405472e+00
7.916175495184210043e+00
-6.745848175940622582e+00
6.364951903966045599e+00
1.881486466429101778e+00
-3.301898071125199396e-01
-2.490185838930722095e+00
1.998178226016293735e+01
-2.601506453507038130e-01
4.723725404833359898e-01
1.397541035086971029e+00
-1.071512199663175569e+00
-2.595243263115067478e+00
5.352766798476118915e+00
-4.253447826733461667e+00
2.243430127421513820e+00
-2.355128867365368084e+00
2.962479546826513044e+00
-1.199924007525314362e+00
2.890415354564990658e+00
-3.143801613172835907e+00
7.357109869939798763e+00
2.188679687053515011e+00
-1.243093967236662767e+00
7.332894535045485718e+00
-1.968027918572003543e+00
9.682290667244050297e+00
1.676703387111375898e+00
3.321482968948513914e+00
6.384627681320355741e+00
5.671216640602003700e+00
4.738967355328285169e-01
-1.388808137114990071e+00
-3.394232042980676045e-01
-4.676591946681895040e-01
-1.246379221514175351e+00
3.532551921894940605e+00
3.814557008768534985e+00
1.882353183979355693e+00
2.567929725486017389e+00
-1.631734108473293032e+00
5.796598412794176092e+00
2.504075169046734661e+00
-2.703184888882154802e+00
7.736101920408921195e+00
6.750660820698602294e+00
-1.171950745252452464e+00
5.171689775797278621e+00
9.126572177669691754e+00
6.265546753919738698e+00
-8.438856267895713970e+00
-3.494755265788437093e+00
-2.341924054755056606e+00
-3.416994786465485490e+00
2.344635224155754649e+00
-2.418779699849849418e+00
-2.154967301467094920e+00
9.167347779757765991e-02
-6.846815147122871537e+00
5.136586299085993623e+00
-8.608126062400812961e-02
1.952719163941659453e+00
-3.132120872244767984e+00
-4.910812179289918866e+00
2.307810194929401093e-01
4.346529938897955248e+00
4.314666070401023568e+00
4.209716226464258471e-01
-1.463350068174502860e+00
6.825218534175198748e+00
-6.452092010011262202e-02
5.084299350879746549e-02
6.222073188334364957e-02
-6.004504255300403548e-01
3.806762735176195012e+00
-9.692086307839804515e-01
-2.612511553820734189e+00
-8.002496619941787959e-01
-1.011273920202927501e+00
-6.777677021176544692e+00
1.097737998206294918e+01
4.464112606935073835e+00
2.063864351541205178e+00
-3.394513939316347706e+00
1.930720115498408607e+00
5.568356347236959714e+00
-2.357349971930347454e+00
9.560524221933556888e+00
-5.121907882530629674e-01
-2.223218644446089520e+00
-4.677217153296214569e+00
-2.337182896450490155e+00
-1.127169096794425451e+00
8.312713481601392118e+00
-6.135998046359318003e+00
-4.177694749513299888e-01
-5.196769703376052263e+00
1.308358771851993174e-01
8.425653984995594925e+00
-1.046387796845381635e+00
9.895939963054507515e+00
-1.887711275363856744e+00
-3.195348984546211746e+00
1.578412272870947852e+01
-3.164536568078648138e+00
-6.158629546230962148e+00
-5.045988580926885625e+00
7.271715528869434841e+00
-6.973891403952603429e-01
5.955244028971475423e+00
-1.652325884448835103e+00
-1.490466689108279175e+00
4.184889340809464287e+00
1.724932371887154980e+00
2.273660181881978826e+00
9.065002864123359316e+00
6.102338955312556656e+00
3.746528574493421804e+00
1.432319588619843209e+00
1.221505360625309677e+01
2.964217187662050890e+00
6.259604547949627396e+00
7.046178716718178858e-01
-5.152462256143815367e+00
1.326525186625661323e+00
2.101786449161351200e+01
1.415138916247236311e+00
5.939134071646342328e+00
-7.322345010573925173e-01
2.410187865406486551e+00
-1.575994354395689356e+00
4.274636502326776721e+00
3.103758512600093500e+00
3.058378684560871807e+00
3.844533243710912540e+00
-2.170083879412187944e+00
1.897115682548934146e+00
-2.517591907663174311e+00
3.273650276911617141e-01
-3.388595427946449412e+00
4.682376077938038561e-02
3.479684343533403723e+00
-1.655926494821128969e+00
1.765687147305269766e+00
-3.584622274816618326e+00
6.337870386233511510e+00
6.992310979316046726e+00
3.772820873645585493e+00
7.419429417613152555e-01
-1.674373417186537649e+00
7.168236011084541670e-02
1.302926951823215385e+00
7.967362277445597663e-01
6.440842508120949716e-01
-3.784784222865789527e+00
3.728263873855236499e-01
2.649959032992934560e+00
4.794571173765953098e+00
7.331961348578779791e+00
2.986863767261745295e+00
-4.868861209573037918e+00
4.984137829558251687e-01
-1.085369490807486059e+01
1.143684136800356477e+01
3.540460721538916111e+00
-1.668571945090228659e-01
-7.232278407550372989e+00
-2.049480594625476382e+00
-4.320749593670335287e+00
7.250630717677454484e+00
3.266369927366846948e+00
8.700187910225459120e+00
-9.908475902836517690e-01
-6.873838392268978303e-01
4.910290270359332965e+00
1.277046893145916329e+01
-1.040278086225993270e+00
2.196040586725472465e+01
-1.036342563662158378e+00
-6.876416587952158821e+00
1.037554715156463914e+01
-8.141117218098671282e-01
-4.347581503031095806e+00
-1.356827942052764691e+00
2.289295524889843669e+00
-1.133578586418975753e+01
-3.520485877735522351e+00
6.048934892046433642e-01
1.159633041420475186e+00
-3.119362464940026225e+00
2.639599637738755611e+00
-1.652579808978854814e+00
2.450994317528868205e+00
3.720548663300080605e+00
-4.417264266631783620e+00
6.395402207104547543e+00
8.001858740570222395e+00
1.341318158875037136e+00
1.210595975544441849e+01
-2.132945397808204469e+00
-2.351869886342810023e+00
-3.626552304959858475e+00
1.134191984691748623e+01
-8.356134846426728657e+00
-6.685003941865630850e+00
1.020921828291227200e+02
3.237751287824152087e+02
-3.264585836908849359e+01
2.112754153931312544e+02
6.523213251426143415e+02
1.735585178617435531e+02
1.940942541055644597e+02
2.982146286357048552e+02
4.404703158630878690e+00
3.248781692860504222e+02
2.931269499009024457e+02
2.295608470712339795e+02
-8.016307225620018073e+00
-5.260883371292871757e+00
6.403467915979065950e+00
-2.545173351003225726e+00
4.797052514534595247e+01
2.934301154561745051e+01
2.539568676149381865e+00
-2.148109495044885353e+00
8.097041018267302492e-01
-2.709630495505940928e+00
-2.061087478505832848e+00
-2.320123495149745363e+00
-3.289904307908947168e+00
-1.758576237812520704e+00
-1.760762853073736922e+00
-3.023823919387558679e+00
-2.520087101382589179e+00
-1.608908264179532921e+00
3.880458578880600307e+00
-6.869846424886665659e+01
1.748588343957413827e+02
2.367157793604539791e+02
4.576555069156765967e+02
2.974343135754074865e+02
1.354070872659369513e+02
2.302193036960109396e+02
1.859279243230786847e+02
1.362367995203654125e+01
5.454029029412437239e+02
3.301944696831756687e+02
1.755868079168431279e+02
9.162382849970828147e+01
1.937092652046388253e+02
7.328741439468106478e+01
9.611675082249651325e+01
1.685270230848163919e+01
3.164119046540814750e+01
2.500692258430212256e+00
1.909171514168810191e+01
2.172743304890734350e+02
7.160225408742047648e+01
2.802243562693236640e+02
1.802214461340691685e+02
2.090388888696010383e+02
2.044660909030967559e+02
3.166964175536065227e+02
1.292848786873573488e+02
1.733571424132983907e+02
1.287709311483854151e+02
2.012005624431387787e+02
1.274211970009672115e+02
1.477460582538860763e+02
1.130549046792450163e+01
8.902828007363503104e+01
1.477437282160198890e+02
1.179326490852692757e+02
1.231137640000106614e+02
9.544309499112164019e+01
1.089539540126116464e+02
1.166603930435890675e+02
2.268150243344359183e+02
1.808515389262515214e+02
9.504955854724536835e+01
7.118847874856304259e+01
1.051778580259979918e+02
1.046815102754213882e+02
1.234995161391147178e+02
1.752681231406093900e+02
2.276142566010102257e+02
2.326166729865453817e+02
2.420668845826591564e+02
2.363070988851423238e+02
2.079380643699790596e+02
9.384938557441569174e+01
8.830919671566805107e+01
1.014329794010879482e+02
1.287091486799488393e+02
1.451447610714470500e+02
1.765981086962646316e+02
1.664719151822797585e+02
1.363199288584574731e+02
1.437648900134787198e+02
1.466618489218429033e+02
1.547285359939139369e+02
1.312967664727125339e+02
6.664202273762731465e+01
1.335664959683327879e+02
1.540616553177938215e+02
1.306448027342718206e+02
9.410491068443278095e+01
1.827371319527537707e+02
1.257198274161947751e+02
4.975595410582776879e+01
6.457062463571277533e+01
1.320048132763316744e+02
1.591487595614038355e+02
1.357242581734903695e+02
1.329180799763641971e+02
8.123423992327252563e+01
1.963022758249867081e+02
1.125522710898429750e+02
2.610409387634364293e+02
1.195451895882309969e+02
1.757533958428984420e+02
9.693430229333195314e+01
2.652653389034476277e+02
2.483657267646979960e+01
1.494758606052157006e+02
2.116548262453004838e+02
1.856914798255368737e+02
1.396298295370607150e+02
1.077821084007993022e+02
1.119761648839127162e+02
1.175203028414918265e+02
1.918469113478278842e+01
2.344444962027792201e+02
1.510617747969381810e+02
2.292836838169156124e+02
1.347747501389444267e+02
2.360932828872751941e+02
1.404805183167441669e+02
2.411640943678639246e+02
2.037779448212236844e+02
1.785987798063827938e+02
8.162116836834073297e+01
1.034585216780348986e+02
1.113841081297741198e+01
3.705529428683311721e+02
-2.379525409582281270e+01
5.634257069223759800e+02
2.379151568707498754e+01
1.626293360060813029e+02
2.886434184371596530e+02
8.986275572963704406e+01
2.303855931029861495e+02
2.609264506566844375e+02
1.601790888574569749e+02
2.382126202901865497e+02
1.589994050820060636e+02
7.441654708641809748e+02
1.613826010636662147e+02
1.209372009423822192e+02
1.207384204524524307e+02
1.325069183899242375e+02
1.427258903900118128e+02
1.292337050572553494e+02
3.004678651147402206e+02
1.771570827521167644e+02
1.439761366919256602e+02
1.903810897047121671e+02
1.838586819010651539e+02
1.835466884633638927e+02
9.825546319101825077e+01
1.777836991482492977e+02
2.954863792771960220e+02
1.860540039923493509e+02
1.896326671181913071e+02
8.306547913151482021e+01
1.075310267626626057e+02
1.561946035683605487e+02
1.218182284299673626e+02
1.041165591215496420e+02
8.607831332807145941e+01
1.824868869938069338e+02
2.875008429873475393e+02
1.436434690042443663e+02
2.232045333199130823e+02
2.189297412225726021e+02
6.058799650227396683e+01
4.658149448749549038e+02
1.765571507352047433e+02
1.088825153634395946e+02
3.947603762212816036e+02
1.796539015984586456e+02
3.455206819616572602e+02
3.404899973521778520e+02
3.034942649757701929e+02
4.247534580769215609e+02
1.220311507270339035e+02
3.000705696866691028e+02
3.865819581192926648e+02
3.571732615470147607e+02
3.305910469525297231e+02
2.997297376108388676e+02
1.043404821006514851e+02
1.162846083471305718e+02
1.938985316719306411e+02
2.307088007278956354e+02
2.010538205368019646e+02
5.727757250597877601e+02
2.719599556322373815e+02
4.995340095444188933e+02
1.561839902521789725e+02
2.776954903459046022e+02
1.897138892601295765e+02
5.147528352704399595e+02
1.990009810384019033e+02
3.326464116044361958e+02
2.566612723900686532e+01
2.570329876563093876e+02
1.105124991029046555e+02
4.436448192303221845e+02
8.159537191304615362e+02
9.615708995734536302e+01
1.042790220668137380e+02
2.831816071306365643e+02
4.125937786937923590e+01
3.794870068437452915e+02
2.180200924308346089e+02
1.418670585414048730e+02
7.673457826178463392e+01
2.976157560711789074e+02
2.702295356196976073e+01
1.337503666428362692e+02
4.756553575098874376e+01
-5.532039477025789864e+01
1.534855919204742918e+02
-1.817861060869605527e+00
3.315073427551560314e+01
1.400234891246858808e+02
8.770943583646977970e+01
-5.696829648239559063e+00
5.798794699804823267e+02
2.510437054361706544e+02
1.483685423040546709e+02
1.274126505483055496e+02
2.163656833753591116e+02
1.252265969104381043e+02
2.779778101874488243e+02
1.641732314822604337e+02
1.700111068435926995e+02
1.159643125755782194e+02
2.577661495939794349e+02
1.220363791167767999e+02
1.324308804995176274e+02
1.663679262948648159e+02
1.592921754831316434e+02
1.910979135927889558e+02
1.673334633696932769e+02
1.906498710329135235e+02
2.960454829132681311e+02
6.547732574511283588e+01
6.715666180453116567e+02
2.568905636534499877e+02
5.430315302377306352e+02
4.588738502715916070e+02
2.061951516719509243e+02
1.598730956105773942e+02
5.037852270091398168e+02
6.025405718137473343e+01
2.922755255421621996e+02
3.073779803624201463e+02
3.404471030628767494e+02
1.539415314612703582e+02
8.286748325156052033e+02
1.802095801264897830e+02
1.421640645015324367e+02
5.680689110435101838e+02
2.186211489065649403e+02
1.254358793066960089e+02
7.583708239799852890e+02
1.823664017169764975e+02
4.398593480383410110e+02
1.617823258445186525e+02
2.747517668050803081e+02
1.103270749994996009e+02
5.175133234135457769e+02
1.397888612105878678e+02
2.710230794626377246e+02
2.633131801640218441e+02
2.546971780136349821e+02
3.567735680937347524e+02
1.382026582435491662e+02
4.064205388004630208e+02
2.465395126978606015e+02
1.579833739375043535e+02
1.803966053247495438e+02
2.993172473477287667e+02
1.762102975879573705e+02
1.745416347383135758e+02
-1.756870559544228172e+01
1.489811560509232322e+02
1.454796018521846577e+02
3.827338425028133884e+02
1.884171534061533180e+02
3.204889273394696261e+02
1.704820047090968842e+02
1.677890827863734557e+02
2.105982865540662203e+02
2.025921747896897500e+02
3.299164049813002748e+02
1.600661210336227214e+02
2.527077157432387082e+02
1.456806639045027509e+02
3.673163628054476249e+02
5.710610114855775237e+02
6.225646817928156196e+01
4.973926682096390550e+01
1.825207263935481024e+02
2.971513327758239598e+02
2.780662186626535117e+02
3.451440864893287426e+02
2.549541538180442046e+02
4.223105690350708983e+02
1.511316134789763623e+02
3.798830091888939933e+02
2.593002805817396279e+02
1.505136905639981535e+02
3.303445925248623780e+02
6.360116961596354486e+02
3.451993333992248836e+02
6.694577873162407968e+02
6.437320921992997000e+02
5.013522842661295442e+01
1.283441426624222856e+02
4.770362000872891599e+02
2.195910733158309824e+02
7.868764458226195302e+01
2.609510796056564459e+02
6.488579870171541586e+01
2.320624482772984720e+02
1.939041037116627990e+02
1.714471651735157707e+02
1.760456768246244792e+02
1.259817054460213654e+02
7.062313551214688800e+01
4.081027502823725968e+02
2.255523853123143567e+02
1.766666128977865071e+02
1.709675862739796628e+02
2.638972354624070817e+02
4.307470802974167441e+02
2.039540613980584283e+02
1.080207933537533478e+02
1.749053424105172780e+02
1.789334857435538026e+02
2.028152130838348342e+02
5.209571517159646419e+02
3.041856172510958345e+02
2.445715042876114751e+02
9.746724778665659983e+01
4.675919840958146665e+02
2.076086464461561718e+02
3.352187029601599306e+02
9.245125231803018551e+01
2.080169450004036662e+02
3.182992172838510214e+02
1.498209705115712040e+02
1.821274702838319683e+02
5.272023598135644988e+02
1.654722408670779430e+02
5.731030487831188793e+02
1.591522192276383691e+02
3.974903291571708905e+02
1.153263462303332858e+02
3.990902002627541947e+02
1.924396872364696094e+02
1.214345979948893586e+02
4.023493737406811874e+02
1.572660128681390574e+02
1.745533372653688673e+02
2.302879163903183155e+02
5.584009118638380187e+02
1.429158793246450898e+02
6.496895110068178383e+02
1.121308537959257308e+02
1.218765466827703818e+02
4.465207790029926969e+02
2.129573529858689369e+02
2.115178080059102399e+02
3.431728607354966130e+02
5.099131500304596898e+02
2.777267616241516066e+02
2.067225966129307437e+02
1.444017016310679651e+02
1.277853822130753798e+02
5.443685327077608918e+02
3.880997841896103751e+02
4.055130276011280444e+02
2.690511517046376184e+02
2.128779550785279753e+02
4.250926808940674277e+02
1.126949832487069330e+02
6.605547441329430285e+02
4.319556255111860992e+02
2.566545140115109120e+02
4.033388474714428185e+02
2.560463249303953148e+02
8.598438472971092494e+01
4.485768858236207279e+02
5.447170076840200181e+02
3.038042999587873965e+02
3.640156038820456388e+02
1.141776440870911671e+02
3.241490148743744157e+02
3.024443159272416324e+02
4.052195813114006455e+02
1.483308459500604215e+02
5.722370738529271961e+01
4.809688495862636159e+02
1.982805962148548531e+02
6.737768520802045202e+01
8.608558164690876424e+01
1.505661919425122619e+02
2.725112435507573139e+01
3.085476950852133200e+02
1.142504019221277645e+02
5.617593964612436821e+02
2.060183114903949786e+02
7.154818412625700148e+02
3.247389860041986935e+02
2.691345689761699305e+02
1.118928180148983103e+02
6.941671702692308372e+02
5.991204166824204549e+02
1.777343798250188911e+02
3.086435994784197305e+02
1.165882314633170225e+01
3.406399701659375978e+01
4.648182269187862659e+01
5.879583471132404071e+01
1.786663588299981598e+02
4.449409561664207757e+01
9.559807923180038642e+02
5.793005657258888732e+02
5.494781783657242613e+02
2.862543544728296183e+02
3.271759629724848537e+02
8.696332752646894448e+01
7.557089779859506962e+01
1.388867957190640254e+02
4.936891672834556744e+02
2.958085890103512838e+02
1.017458437319422018e+02
4.436646091164839731e+02
6.394021519747859656e+02
1.151278199354103293e+02
2.380131962546478803e+02
1.227430786914019905e+02
9.140939151562197651e+01
2.099090741889073684e+02
5.619870272091154675e+02
9.513041787829442910e+02
7.468634791287324788e+02
2.787571745070060274e+02
4.664577001953297213e+02
1.615211858631088262e+02
1.197973679362003168e+02
2.908656205456757675e+02
1.259671113730364169e+02
5.635247683324488435e+02
1.745630396357611289e+02
2.339207359269862820e+02
5.707899105330103566e+02
1.568041896524605079e+02
4.678494158690755285e+02
1.288066962192956453e+02
5.751577845582976352e+02
1.188220947258326078e+03
1.128525834412555469e+02
1.624850370433580338e+02
3.366298264589039491e+02
2.489138557164340284e+02
2.949405145939320505e+02
2.193964359437310918e+02
1.047586589889713878e+03
2.169884548560176540e+02
4.477831809643880945e+01
8.107192454280651646e+02
2.682009199385517491e+02
5.950809480584810984e+01
8.755900583975898144e+02
2.067202151130597372e+02
1.354834509773750426e+02
3.172832459849571478e+02
1.689056405353290700e+02
4.569323366041625434e+01
3.969040993890617983e+02
1.619914759137761564e+02
2.376651099872208590e+02
1.607772353043476414e+02
4.663049087703500959e+02
1.214205344767762824e+02
2.974773352800776820e+02
3.706396723656069980e+02
8.459342181001309200e+02
1.210428335345610975e+02
7.663094163038192619e+02
1.468973525958766402e+02
1.385587225160820140e+02
1.590925981463563517e+02
3.865051684160637251e+02
1.731070160058675071e+02
8.494090417708949872e+02
1.274464386908727818e+02
7.928680829855555885e+02
8.512264760436116831e+02
1.529269791008084951e+02
4.912473136933455748e+02
9.720588427316929483e+02
1.170094267706487727e+02
9.254578760895868754e+02
6.212331748760432220e+02
5.969806955511944579e+02
2.944559854763396061e+02
2.382400403576599786e+02
6.923541132522860835e+02
4.630438751001877904e+02
1.811167601297835574e+02
1.979701258597596905e+02
1.540798296939262855e+02
6.256768655465891698e+02
3.166726937438351115e+02
5.627565474876184908e+02
4.840693953471209170e+02
1.282382513199327434e+02
3.089456517708281922e+02
1.399306319903432950e+03
1.939020379189245489e+02
7.148995110168735891e+02
1.279711990684072447e+02
1.869908716988449441e+03
3.030507701245649059e+02
1.148995791637013326e+03
1.033623194588862589e+03
2.909722240958249131e+02
5.086102640551481500e+02
1.048297105796131291e+03
1.155227236170707783e+03
1.021610035993074803e+03
1.202809251051834281e+03
1.086714942398153426e+03
1.644260050268220084e+03
1.031124756803561660e+01
6.234618786886241537e+01
1.172512142930279424e+03
1.538641698982911343e+01
5.248202174597424801e+02
4.315087880488407563e+02
1.277502114389320241e+03
1.525009120299268716e+03
9.134909887858174216e+02
9.801865775038551192e+02
1.100673761392502456e+03
8.322891315915202313e+02
2.981699313273093708e+02
1.142602073997965817e+03
2.731412450391891525e+03
6.093855929589627074e+00
6.673323235249738445e+02
2.697046426819538567e+01
2.085579685843657671e+02
1.418828660382140754e+02
1.582928277297110924e+02
3.377595430520671016e+01
7.805585638324880620e+02
2.818498645628013151e+02
1.221976474425883765e+02
1.258108756904146759e+02
7.279147976052239954e+00
5.005988571113792140e+00
1.260403673676194245e+02
3.593168145071104504e+02
5.595016193589109434e+02
2.318277020758296487e+02
1.531801555510282355e+02
1.807192387068441235e+02
9.805979680898553852e+02
1.293660911366228277e+02
1.437788264829225113e+02
1.188742818274682662e+02
1.296503138395785300e+02
1.275031069744251795e+02
6.477287438219309479e+02
1.038227045466678874e+03
1.270688624618652369e+02
1.777907238752993408e+03
6.475016204492849283e+02
3.084160727992822899e+02
3.007661625554387683e+02
2.216209875137548408e+02
7.438995025718105580e+02
9.414550738159545062e+02
1.096344206100888385e+02
2.814511734964435163e+02
1.852195104535460928e+02
8.378533790120550293e+02
1.218670097470461315e+03
7.525165835691015559e+01
2.054497825136701294e+02
1.094171613091720161e+02
1.657487862633796794e+03
1.036456812861750905e+02
9.508776831848270206e+01
8.922510971141806522e+02
1.008605334484104787e+02
1.076183911962492630e+02
9.316312444914545665e+01
8.653023909863362917e+01
7.385856316220676376e+01
8.188112448324112336e+01
1.110136051647723434e+02
9.388175282348983330e+01
7.322140263509416513e+01
8.563883855197661887e+01
8.319699563773981765e+01
1.052819686480664387e+02
1.005075260572776585e+02
1.025412056561354603e+02
1.090242357850764137e+02
1.095558447073664041e+02
2.515622260891626354e+02
1.016624196899136763e+02
9.963449743431398531e+01
1.012233451306381937e+02
8.382941750934989500e+01
1.117383466975494457e+02
1.004743562556281375e+02
1.026106290127665090e+02
1.065331026572257969e+02
9.516712304951114731e+01
1.020797865868694601e+02
1.090634123083499532e+02
1.082805473580603888e+02
1.101152924854506523e+02
1.108132878446968164e+02
1.052074895759978972e+02
1.018563385650280537e+02
1.147469480646086311e+02
9.788750559693090736e+01
1.211860741052703361e+02
1.013616848333288232e+02
1.056234192109075281e+02
1.036563368339942031e+02
1.175209125457914183e+02
1.622254225908248145e+03
9.232031636679188580e+01
8.969839467399567923e+01
3.249000710827526746e+02
1.230841968436547091e+02
8.817290408428870307e+01
1.069390998820710195e+02
1.168584592504213759e+02
1.036478071761346342e+02
1.141310800893145228e+02
1.010366913315404815e+02
1.157581034085569343e+02
1.098156356355884213e+02
2.971613058889858166e+03
3.921221133044741691e+02
2.336273559701952536e+02
1.289362297501842022e+03
1.455138301957565773e+03
1.304054125350787956e+02
1.550493499382398568e+02
1.043974653633698324e+02
1.889285138409150022e+03
1.939497848069723204e+03
1.864850120547959250e+03
9.347344647975647831e+02
1.094935696550356852e+03
2.922326729553147970e+02
1.034295305427607161e+02
1.373729090208189518e+02
1.576069331488723719e+03
9.594981781576700541e+02
7.501244037837975611e+02
1.413490100029575842e+02
2.837391404674877322e+03
1.129832505571232133e+02
1.362221962513597873e+03
8.516426184067242389e+01
1.640839212045040313e+03
2.099808677986811290e+03
1.584813299731544021e+03
3.247609599156361355e+02
1.174526281512044989e+03
6.975098193479598194e+02
7.412619591437975259e+02
2.384187486422278255e+02
1.083514057266542068e+03
3.027629087537729333e+02
1.127044450685619267e+03
7.371100262438435493e+02
1.274669971019958666e+03
1.215212970507717273e+03
2.199454972970612289e+03
1.861163471867700707e+02
1.880808742178174100e+02
7.046136135591005996e+02
1.216826984475045265e+03
3.169593706326059419e+03
1.331023162029472076e+02
1.500990670000491036e+02
1.208574132081743642e+02
7.780787520318552879e+02
1.449243831261260311e+02
2.822704680436334911e+03
1.697092834717875292e+02
1.022553085324020117e+03
3.860635086818062973e+02
1.402819079961938371e+02
6.456784347158492210e+02
3.178514330220173747e+02
4.700019347199680055e+02
6.175664545706214312e+02
1.759474765134782501e+02
2.309764648279561925e+02
1.530964856312061499e+02
1.683867301147085982e+03
1.358750540386319017e+02
3.980860023404447929e+03
1.275947931516117961e+02
1.137625092694300264e+02
2.217300951049055584e+03
1.834815434502299240e+03
8.075446371852691527e+02
3.086120053632622330e+03
1.169577929116204729e+02
1.219576828632804677e+02
1.224181626798294076e+02
1.190019650434723673e+02
1.065713743829673206e+02
1.273327810470466517e+02
1.196800575093336221e+02
9.253595131941402485e+01
1.159030481370195673e+02
1.261034895728088543e+02
1.177310176616325634e+02
1.185005776783972919e+02
1.297167332128938710e+02
1.100351077599984109e+02
1.061314048857033185e+03
1.212461153856651066e+02
2.485476619305976328e+03
1.110007268777907257e+02
1.266003633267639970e+02
1.314297119814626740e+02
9.099663611783397243e+01
1.739156213428076967e+02
9.167076325492361377e+01
1.265367100456399356e+02
1.004418403580322803e+02
1.161318807900965311e+02
1.229282051544329590e+02
1.191560675324306260e+02
1.078742813544442924e+02
1.132597002028165605e+02
7.105270518179601140e+02
1.112094632087935508e+02
1.613401432591697358e+03
1.302767067695065748e+02
3.948012098389033326e+03
1.576332910491163602e+03
1.274378641363689439e+03
3.135064473850850845e+03
1.054603004825818743e+03
1.155105628776495678e+03
1.145021086731548166e+03
9.043808002767257221e+02
2.201893900329174357e+03
3.113412119617801636e+03
1.679260094466328837e+03
1.474200095948958733e+03
1.490618269178453147e+03
1.189073033796319123e+03
1.338018905617499513e+03
7.430167485999868404e+02
1.756349924627919108e+03
1.857657308614907834e+03
3.267575051791950955e+03
1.479073987579688037e+03
1.811471971924007676e+03
1.076035838891908725e+03
1.193544996348298582e+03
7.687982794091144569e+02
1.611005293798169475e+02
1.732180086155238087e+03
1.040104350422391235e+03
9.110741735971363653e+01
1.497160193699543697e+03
8.109183117821258975e+02
4.328487108680039455e+03
1.191072197374620146e+03
1.094121927590131691e+03
2.743949553228373588e+03
2.241658778435141812e+03
9.950682711940426373e+01
1.758631910242753804e+02
1.605012297350653228e+02
8.645948440471846652e+01
2.712106497876485491e+02
1.693117339610090255e+02
9.001044588109850793e+02
2.873656320469223147e+02
1.377625084945095978e+03
9.489291329616531812e+02
2.161143981797565175e+03
1.741871555973098793e+03
1.962279884490318182e+03
4.025073587278720424e+03
9.399795646144839623e+01
1.666325753257961253e+02
1.054495623181177990e+02
1.551577711495695212e+03
1.175044639461057159e+03
2.070561204537534195e+03
4.802419983157434217e+03
1.102772683335656865e+02
2.065216241609110966e+03
1.644941780606621364e+02
8.559842632732461709e+01
2.789584268055828488e+03
1.049832610065623015e+02
2.821889097291574217e+03
9.658344894228974908e+01
2.740132291414306110e+03
2.181854881911448501e+03
3.900771858014556983e+03
1.023994947682455177e+02
4.337308571515146468e+03
4.580381889186340231e+03
2.216100866298308574e+03
1.979061800410896012e+03
8.782030035819285274e+01
1.270124278022766191e+02
4.701239912835816540e+03
1.559610272832670432e+02
2.800212360929808142e+02
5.545128809008152757e+02
2.314120719281909260e+03
1.801598566986046137e+02
2.939966396179125240e+03
9.259710699998673533e+01
2.416119766875459973e+01
4.296271102253185177e+02
1.950916829883895502e+02
1.211162166880533277e+03
2.832196971929482515e+03
1.227450960946852234e+02
1.307937454203784455e+03
1.049711561598537770e+02
1.294590795428945569e+02
4.533859950231149924e+03
1.360001680078484867e+02
1.393462793882503945e+02
1.011059789710690666e+03
1.518445773721731939e+03
1.170116695598348997e+02
3.281891442509137505e+03
1.646239968094534333e+03
4.348389415765876947e+03
9.752758032243448838e+01
1.385378767604137010e+03
2.928853235351917306e+02
1.289930587227103729e+02
2.029372702832417644e+03
2.325222456879006074e+02
4.928235214424264996e+03
1.051771785651496316e+02
1.040775381352600277e+02
8.920000822891849168e+01
1.072915958966895431e+02
9.122578318351355620e+01
1.078052481806028027e+02
1.169292594199051507e+02
1.147900602083899884e+02
9.927230530268766984e+01
1.132505638462196060e+02
4.930042409789497469e+03
1.183881357762496123e+02
4.702806393921294330e+03
8.414035837112503202e+01
4.489861496421555785e+03
4.668724660601542382e+03
3.833573045641477393e+02
1.031556849759653289e+02
5.016420790488703460e+03
1.752274021751737337e+03
4.742713329364403762e+03
9.769759549509464591e+01
1.118840351514364357e+02
9.728199267020140724e+02
1.173880666119719933e+02
4.594317297035133379e+03
4.736481583991484513e+03
1.104794440730974401e+02
1.001020482431592171e+02
2.540449101701345853e+02
1.323273258006352648e+02
4.778332892136524606e+03
4.740451663743718200e+03
4.343463952058668838e+03
1.623352235924087836e+03
4.831526544588805336e+03
1.377423884147859212e+02
2.988991399721028301e+03
1.497320528532079891e+02
2.152133325782372140e+02
1.651984446398938644e+03
2.852343098515426846e+03
1.628854634536988897e+02
1.835833958353084427e+03
1.624124470891601959e+02
3.494125026242962576e+03
1.128000073740091125e+02
1.974515142934650669e+02
5.126143860739825868e+03
3.551568516408922733e+03
3.291802612006909840e+03
8.978879195815100900e+01
1.442323911920792341e+02
1.270743537420319456e+02
2.446201709730153766e+02
1.062375100610005916e+02
4.797505326003772097e+03
1.330619481416951828e+02
1.183769702408830824e+02
2.007601309346248399e+02
1.444835020420180456e+02
2.201113691861391146e+02
9.629545283543431822e+01
3.293392448792497362e+03
1.246216862295602965e+02
1.886950158990061936e+02
2.127277517652810559e+02
4.352249834681302673e+03
2.426739799854648481e+03
2.451345065043711031e+02
1.148558141407638260e+02
1.705413388262748242e+02
4.894952211899982103e+03
1.553946658164913970e+02
1.762233125619262864e+03
1.110644555924177013e+02
1.698936257617951924e+02
2.552053140534265765e+02
4.606290049380700111e+03
4.865386849085285576e+03
2.499756425619371782e+02
2.787839102694141729e+03
1.264851157167792053e+02
4.702268350913544964e+03
2.016569520489108754e+03
2.266861240278335643e+01
4.780921178965746549e+03
4.861815307394308547e+03
5.074032198929331571e+03
7.048612144798726149e+02
9.896352600851867010e+01
9.719595436083068307e+02
3.093705112508731645e+02
5.013662782764880831e+03
1.088919231505048799e+02
4.981952233116087882e+03
1.161914724011573981e+02
1.286117387435816113e+02
1.250641453433786268e+02
1.339544602323750837e+02
1.166472581825792361e+02
1.159238502285517853e+02
1.091181348706330141e+02
4.869379920630611196e+03
4.649494927913881838e+03
1.248251338175685987e+02
2.736726229076704385e+03
4.795909198778414975e+03
3.939481994426796064e+03
4.567568006353329110e+03
2.866919634851302590e+02
5.039789742455754094e+03
9.544088344090374676e+01
1.306936408122519424e+02
2.427567075858152293e+03
1.920763665467864598e+02
4.804057769893011027e+03
4.287685139524593069e+03
1.953464633243641515e+02
5.211269963476835301e+02
4.778745973229377341e+03
5.133089791061188407e+03
1.297158728719544740e+02
4.782226641233710325e+03
1.036061757690224567e+03
5.146219843903877518e+02
4.986471605090881894e+03
4.707238210412058834e+03
2.500808147595431308e+02
2.281523064154936947e+03
2.567651502424451451e+02
2.247237896401711907e+02
2.487259397626513646e+02
4.748480586797972137e+03
4.806104089558147280e+03
4.994845798282917713e+03
1.020995330190715435e+02
1.805830547513454007e+02
4.809066024625280079e+03
1.919186346241469323e+02
2.230949839165683954e+02
2.423149005672717635e+02
4.550004379513401545e+03
4.885245365246593792e+03
5.003611857665820025e+03
3.879705235713012371e+03
2.859150470712566516e+02
2.660125501145465932e+03
4.801346381367188769e+03
2.654997117814831654e+03
4.094835562797392868e+03
4.703204614828242484e+03
5.070939656492907488e+03
1.661052793475995202e+02
2.032139590893805462e+03
4.975411092346567784e+03
1.280224239323293602e+02
4.647199814679001975e+03
4.708903464340752180e+03
1.792250936658369653e+02
4.887788364218718925e+03
4.715598622058396927e+02
1.596343060400311629e+02
1.871353857839556667e+03
3.983552815229741100e+03
2.152070855151060869e+02
1.381441414650201409e+02
2.358734506916884186e+02
3.969272342664187818e+03
4.801225401116005742e+03
1.558659902174585795e+03
2.264917935971378427e+02
1.298452864435899073e+03
4.991364780011979747e+03
1.929502849028918490e+03
3.234929026171616897e+03
4.167717585696072092e+03
1.268400267893013961e+03
1.906559458137387821e+02
4.916355811076326063e+03
3.761748869332288450e+03
4.934169023446770552e+03
1.334976908558191724e+02
4.422735774134049279e+03
1.370154617826774484e+02
3.033192034068805242e+03
4.890139916166429430e+03
4.958092635452623654e+03
4.407651735208099126e+03
5.064913437974077169e+03
1.486190379552445791e+02
5.109476492856036202e+03
2.743714600030520160e+03
9.990014605833335963e+02
4.425888726241687436e+03
1.924222521814604931e+02
3.222391172361738427e+03
3.062999757337860501e+03
4.477073382219095947e+03
4.213055390895563505e+03
3.558194631267768727e+03
1.173634197895533134e+03
4.190773312902190810e+03
4.406033204406407094e+03
1.166819669663654224e+02
2.251553873037131325e+03
2.552198132115115641e+03
4.349301262104344460e+03
4.603686936246298501e+03
1.170439385183152865e+02
2.317916525532090418e+03
9.829775764780838472e+02
4.720223868533115819e+03
4.825838628861808502e+03
5.103256463737544436e+03
5.147481182539863767e+03
1.233371201686957335e+02
4.800471671657704064e+03
9.927418230473755045e+01
9.769220357728873694e+01
1.564252781479387522e+03
4.842428565992009680e+03
2.599110289356099656e+03
1.976939085741820236e+03
1.088162355986450081e+02
2.528005314550670846e+03
1.558186849020229602e+03
6.229919056960191028e+02
1.079308199374278843e+02
6.619616406696989088e+02
4.468661997705311478e+03
1.179958909678606915e+03
5.094366730293668297e+03
5.278681919379378996e+03
1.953138937841901679e+03
9.458688856212299356e+01
2.831137339607479134e+03
4.779646701151517846e+03
9.480981044427323923e+01
2.731090014074136889e+03
2.111322875279711297e+03
5.106470889887620615e+03
2.430332437071014283e+03
1.223688025925249292e+02
1.092438439685105607e+02
1.577301638227355625e+02
3.327114719754717953e+02
8.903396934194736332e+02
1.685284004569251465e+03
3.052656072736551323e+03
1.446928489921869414e+03
1.023012510847270704e+02
5.206064476562224627e+03
5.049273166818425125e+03
2.597070528738965095e+03
4.986556794059843014e+03
2.547620259638667619e+02
5.177107458526966184e+03
2.382235558482972465e+03
1.666074374367040036e+02
4.647392383073532073e+03
3.413936161821491623e+03
4.896237091039735787e+03
9.372659693608143527e+01
2.614420621863904671e+03
2.014751442728197844e+03
5.131818629541972768e+03
5.965096074398626342e+02
3.497088395897578721e+03
4.923460575603549842e+03
5.475682588943091105e+03
5.212276548325810836e+03
5.002702028899066136e+03
5.065406273365004381e+03
5.122000223135000851e+03
5.573710997434548517e+03
5.321127222704212727e+03
3.746690709712211628e+03
4.962496266372193531e+03
2.129561964316564172e+03
2.088754273133739389e+03
1.950905545396757077e+02
5.381581445134725982e+03
5.107438007433665916e+03
4.834159938373379191e+03
2.558761994873437288e+03
4.887491986245609041e+03
3.888612629706971802e+03
5.031137777173497852e+03
5.324899802860015370e+03
5.326778142945502623e+03
3.668947618280164079e+03
2.883145589197465029e+02
2.155473571859004096e+03
4.665845993830286716e+03
1.775435019063157824e+03
5.133585607106057978e+03
5.150043009898316996e+03
2.651522276922022229e+03
3.227069704764493054e+03
4.724778349558253467e+03
5.116082823666050899e+03
2.107658140463558709e+02
2.956351916210562194e+03
1.318279108761030045e+02
2.128065249259578650e+03
2.754311128046977956e+03
5.486122338320607014e+03
2.748064392743808071e+02
4.434497080838591501e+03
4.383347739038982581e+03
4.131252226461314422e+03
5.268461806432213052e+03
5.182639116322844529e+03
1.865621566020308535e+02
4.388617542785072146e+03
1.534956476652515221e+03
2.044733634016173710e+03
3.377751894252638067e+03
7.021694088055620568e+02
4.399475890309782699e+03
1.871717381600088174e+03
3.402730436014415773e+03
2.119291415533690213e+02
2.038346880835719276e+03
1.476517602198360350e+02
2.639278505718256838e+03
1.255204955876002657e+02
3.080726843714557617e+03
4.040253913181419648e+03
2.470041096314892854e+02
1.978016034372642935e+03
4.829834130300052493e+03
2.313216801752112701e+02
1.777256116686655105e+03
5.618191837857735663e+03
2.211587248319169248e+03
3.273109759110608366e+02
5.479251984138933949e+03
4.720589962664868835e+03
5.188242669531354295e+03
2.867015631192042520e+02
3.685730178711966346e+03
4.848384673682392531e+03
5.105291920188648874e+03
3.231497397874433773e+03
5.131070214213438703e+03
3.357702596026300853e+03
1.445079414619357294e+03
4.599857788985498701e+03
2.465631180341961681e+03
1.374564056801726792e+02
3.408703413679065306e+03
4.918582319768908064e+02
2.259976442061234138e+03
4.675728914980360059e+03
5.093604715750954711e+03
2.081283500252666272e+03
1.792926189216393880e+02
2.956495824806606834e+03
1.948342956131742483e+02
5.407314603416861246e+03
2.861963106726488149e+03
1.892780800073794012e+02
2.044881979141075021e+02
5.599245126187633105e+03
2.467371712786240096e+03
2.362893759905018669e+03
2.184306055304425172e+03
4.985213378792873300e+03
1.425381787517301575e+02
3.483693076305379691e+03
1.092656985508706668e+02
1.993958272704861656e+02
1.548144255180684468e+02
2.036039115192159556e+02
3.024515224177301207e+03
1.481610245306188176e+02
1.252673122074135250e+02
1.317512690569666631e+02
1.589573509129780859e+02
1.473716474842749449e+02
3.745342909595970468e+03
3.809556463275034275e+03
1.119445336317216970e+02
2.955519790015234776e+02
2.374933823384610321e+02
2.144219564635018571e+02
3.438802223377823339e+03
4.932960865683702650e+03
5.640847947211992505e+03
2.764609848570426948e+03
1.157487367991513310e+02
5.639828044199010947e+03
2.758937560454562572e+03
3.455091439108369286e+03
5.260033046662410925e+03
3.045413502027925915e+03
5.374430502643494947e+03
1.279040034768113117e+02
1.273205603479565724e+02
2.209253917786829334e+03
5.331725200752912315e+03
1.636408422979011448e+02
4.202740316357136180e+03
1.772888938436454112e+02
2.895736548162924009e+03
1.761365244128754512e+03
2.173397433921554693e+03
4.022157469994135681e+03
3.765458967453046171e+03
2.083408978656043473e+03
1.884983202026973458e+03
1.132309652686116351e+03
1.416730737791737624e+02
1.846983522033771408e+02
4.760055176768967613e+03
3.494398927391026746e+02
9.008681448790771640e+01
5.470746308487845454e+03
1.725484933134408152e+02
5.724608207907500400e+03
2.513124915565876108e+03
4.539903404909174242e+03
5.275322314004009058e+03
1.569080510474690868e+02
4.183582388775512300e+03
2.914092892406548344e+03
5.012770689063656391e+03
2.183106562925517835e+02
1.569315857048112832e+02
5.146899499809840563e+03
1.675771130101077802e+02
5.426958808410699021e+03
5.229745771377826713e+03
3.199893681780141833e+03
5.406384169024564471e+03
5.202418929709582699e+03
1.709633235282278974e+03
3.710467324261939211e+03
2.202595867703364092e+03
4.988361025161947509e+03
2.025171616638190812e+02
1.025364844643026885e+02
2.380856139082027312e+03
1.891251747810445522e+03
2.826679477842526467e+03
1.753960162793736117e+03
1.475532827651257094e+03
4.194796918629796778e+02
5.503532300406236573e+03
1.771810558742225339e+03
5.149750772181940192e+03
2.212563628934663484e+03
5.634725774874310446e+03
3.431956802138901367e+03
2.220784465821353024e+03
3.051339947239080175e+03
2.096211090511681505e+03
2.998654258280594149e+03
5.222243895781753963e+03
5.749731145324679346e+03
4.807319989571434235e+03
2.818447793734222614e+03
3.586557383864678741e+02
3.956806037559641481e+03
2.824884203639327552e+03
1.486029949342722318e+02
5.522284395952589875e+03
5.469764124484149761e+03
5.492473001266703250e+03
5.071779127000902918e+03
5.509802833619874036e+03
5.797276928051860523e+03
5.315602514001459895e+03
4.264237484089882855e+03
5.305044937959518393e+03
1.904020207986973674e+03
1.472528999630685291e+02
5.392395362713409668e+03
2.993158212039782939e+03
3.922768257344488120e+03
3.210717973560555038e+03
5.774046140188659592e+03
5.707474104933317903e+03
5.382069789325601960e+03
5.276031142590772106e+03
1.145580168593357229e+02
5.399343267940153964e+03
5.485312403760788584e+03
5.238782354035406570e+03
3.715283160140292694e+03
1.825236261166320730e+02
5.868694127287483752e+03
5.682501838124352616e+03
2.670571269291885073e+03
5.543643494121237381e+03
5.138749442646984789e+03
1.775299826285110612e+03
1.785562711735059338e+03
4.978026287640131159e+03
4.618221577718668414e+03
5.597353443579258965e+03
5.802226135342353700e+03
5.470316592502806998e+03
1.497345547626928919e+03
1.211244698316839816e+02
5.489935751011117645e+03
2.201685294567555786e+02
5.242890479792603401e+03
1.402489041405027876e+02
3.489361799210300887e+03
1.804216023743809501e+03
4.016409550222789221e+03
5.013711730035713117e+03
5.472263921287117228e+03
4.217259171131852781e+03
1.788400988896015861e+03
2.150179487928850449e+03
4.794067201606631897e+03
2.092581719293460480e+02
2.632439288364090771e+03
5.690168030182818256e+03
5.473911688677700113e+03
5.391743367267157737e+03
3.818769370512701698e+03
5.645671799331811599e+03
5.119118105642567571e+03
1.888290580268792382e+03
2.356849064859561167e+03
4.604952286961615755e+03
1.662213108135128437e+02
4.984967108615630423e+03
2.722363636939114258e+03
4.242532266092871396e+03
5.339801772472227640e+03
1.884258015035320568e+03
1.185279716210224024e+02
2.867968475178548033e+03
2.554902971974494903e+03
5.621302085585152781e+03
3.099062441926287192e+03
5.579381638996281254e+03
5.482752326174754671e+03
5.991954558159171029e+03
2.749109365397091551e+02
5.728319867092609456e+03
5.392066503850884146e+03
5.515372734049456085e+03
4.700249683024092519e+03
5.727268383710769740e+03
5.048237918646575508e+02
1.342173069638401159e+02
1.242139494959271815e+02
1.071312934120539239e+03
1.505592093943921327e+03
5.612937963388392745e+03
5.614467358280532608e+03
5.626016775724851868e+03
2.873249778370845888e+03
5.746693579209481868e+03
4.742533654064146504e+03
4.131171660635170156e+03
5.730689561208080704e+03
5.630884060721729838e+03
2.085620847854514750e+02
5.750062913879142798e+03
5.074114062020597885e+03
5.102677667878085231e+03
5.014378126577431431e+03
5.599031300080549045e+03
3.196997854770741469e+03
1.756414835441171078e+02
1.328543207527471850e+02
5.825282724460173085e+03
5.719399381075921156e+03
5.601474829083201257e+03
5.669987319366468000e+03
1.951232241050794755e+03
5.620194211953603372e+03
5.423753410250560592e+03
5.185818378540431695e+03
1.969107957634210379e+03
5.688181432020003740e+03
5.646248662527595116e+03
5.737156845949037233e+03
3.431558759695831213e+03
5.420244054295735623e+03
4.470277839736163514e+03
2.724501806550037145e+03
5.579012957304139491e+03
5.821732914151592013e+03
3.894851730940883954e+03
5.863858407493747109e+03
2.555215492128387723e+03
5.316320832730246366e+03
5.227773614124289452e+03
3.542976388498087999e+03
5.855101558069606654e+03
5.573011565714398785e+03
2.756114993655079616e+03
5.674805926571015334e+03
5.897721163317544779e+03
4.244275364666219502e+03
1.075878873685696590e+03
5.778852299754398700e+03
1.337668709276110349e+03
3.481642633140625549e+03
3.867591053018179537e+03
1.875877300814325281e+03
1.860401628118995859e+03
5.731870110038026723e+03
5.507890864947175032e+03
2.662219929076289645e+03
3.452414315511317000e+03
1.853484186144701766e+02
4.460358713822862228e+03
1.131900927350803840e+02
4.355804170230989257e+03
5.658885569940317509e+03
5.313699846298977718e+03
5.952099158391739365e+03
3.969078762315820768e+03
5.519001572082042003e+03
5.262090112986780696e+03
3.397539167012382677e+03
1.925812565960002587e+02
3.272581815351064051e+03
4.731379098046179934e+03
5.363321141371622616e+03
5.629300699183594588e+03
1.855326952963371014e+03
1.504921428238867804e+02
1.396258108502182267e+03
5.812329363651830135e+03
4.928058321983310634e+03
4.759975746215746767e+03
5.615336426021945954e+03
1.571078395891788944e+02
5.982574606217207474e+03
5.671382122960397282e+03
5.909006553782776791e+03
1.147261259786415906e+02
5.531267589092773960e+03
5.588353588633314757e+03
5.740222692779419049e+03
1.468191963204654087e+02
5.604013778796217593e+03
5.843521800531761983e+03
2.824524359895665384e+03
4.935093141617674064e+02
1.577289502443657057e+02
5.710401871134900830e+03
5.606898872229641711e+03
5.885547021818785652e+03
2.338539603756580618e+03
5.585278605591933228e+03
5.768657938252535132e+03
1.087631054653005322e+03
5.457523865662252319e+03
5.555120082316696426e+03
1.487944869056124730e+02
5.825773748895753670e+03
5.490309160497472476e+03
4.474009697676539872e+03
5.842348713698318534e+03
2.437713873229197361e+03
3.484658274029412496e+03
4.358792806191131604e+03
1.455431429146763094e+03
1.094382382070596123e+02
1.207438044097306999e+02
5.426713938313760991e+03
5.331222955806410937e+03
5.829676283994986079e+03
5.689473677460156068e+03
1.078373146003409602e+03
2.251203537169817992e+03
8.652207363237176878e+02
5.628025861704507406e+03
1.621210117719072059e+03
3.694743579804478486e+03
5.484239737805224649e+03
5.516450026119189715e+03
5.465254385547511447e+03
3.643325768295926991e+03
3.589124847593187951e+03
5.229277469820854094e+03
5.516603842285458995e+03
3.513793537718611333e+03
5.858788062224583882e+03
2.765686023508129892e+03
2.585927878890976899e+03
5.578238618332877195e+03
5.553442292116266799e+03
2.816053670818304909e+03
5.605627595115634904e+03
5.731239863534211509e+03
6.134445091441238219e+03
5.928587950790671130e+03
3.047359204647501883e+03
5.711097861995556741e+03
2.648554528796387785e+03
3.697751326360690200e+03
4.387278438344879760e+03
5.435220055614711782e+03
4.378173269001134940e+03
5.545375510121483785e+03
4.852197930308350806e+03
5.705516742104318837e+03
1.732434884810416520e+02
5.564423542762860052e+03
5.750502361544074120e+03
5.609454129008070595e+03
3.553738040736001494e+03
2.539290005519417548e+02
5.344433693747792859e+03
6.012791683704586831e+03
5.311431687915112889e+03
5.691359840408608761e+03
2.331326139982645600e+03
5.114112548121370310e+03
5.372071900037934938e+03
4.168377433531384668e+03
4.375825955477652315e+03
5.093609117563541076e+03
5.361433738666357385e+03
2.032690950855256460e+03
6.049296034474627959e+03
5.831035533770394977e+03
4.901576823985870760e+03
1.747401319760929255e+03
4.555963714302607514e+03
5.421271377459824180e+03
5.345337241899647779e+03
4.637551829109773280e+03
4.620555492278277598e+03
1.985043955178593706e+03
3.682774041011600275e+03
2.041480335559687774e+03
5.807387729526194562e+03
5.461528061250925020e+03
3.128931119573688648e+03
3.388791651581650967e+03
3.525057226026838180e+03
5.713754308932127969e+03
2.440698797276761979e+03
1.636726128808700480e+02
2.530159483756852296e+03
1.261959216379832242e+03
5.694916776285332162e+03
5.945567862202226934e+03
5.714120252600051572e+03
6.087898373402620564e+03
4.196110542980267383e+03
5.972844441247703799e+03
1.637851530880204336e+03
5.445281162369798039e+03
5.507971121371936533e+03
5.599975160474218683e+03
2.102087155105671627e+03
5.757981499692159559e+03
5.507284011989968349e+03
4.661465706688105456e+03
1.063776737147285530e+03
5.414044830978345090e+03
5.675604188966616675e+03
5.870709588472225732e+03
3.546557136008263569e+03
5.734008041381230214e+03
5.963229432735720366e+03
7.278297142612772177e+02
5.778971214364065418e+03
2.382571241965084027e+03
5.774962247784610554e+03
4.837354309205755271e+03
6.059260354917560107e+03
4.124925254261322152e+03
1.994023452620161606e+03
5.937474381013837956e+03
5.658910755717696702e+03
5.966588953510849933e+03
