6.000000000000000000e+01
1.300000000000000000e+01
2.000000000000000000e+01
5.500000000000000000e+01
1.100000000000000000e+01
1.700000000000000000e+01
1.200000000000000000e+01
1.800000000000000000e+01
1.400000000000000000e+01
1.600000000000000000e+01
2.400000000000000000e+01
2.200000000000000000e+01
2.400000000000000000e+01
1.300000000000000000e+01
1.800000000000000000e+01
1.100000000000000000e+01
1.400000000000000000e+01
1.700000000000000000e+01
2.800000000000000000e+01
1.100000000000000000e+01
1.200000000000000000e+01
7.800000000000000000e+01
1.700000000000000000e+01
4.600000000000000000e+01
2.400000000000000000e+01
1.800000000000000000e+01
2.300000000000000000e+01
1.400000000000000000e+01
1.600000000000000000e+01
2.000000000000000000e+01
1.020000000000000000e+02
9.400000000000000000e+01
3.300000000000000000e+01
8.500000000000000000e+01
2.900000000000000000e+01
7.300000000000000000e+01
1.310000000000000000e+02
1.000000000000000000e+02
9.800000000000000000e+01
1.460000000000000000e+02
1.370000000000000000e+02
1.120000000000000000e+02
1.260000000000000000e+02
4.700000000000000000e+01
1.270000000000000000e+02
1.260000000000000000e+02
1.290000000000000000e+02
1.290000000000000000e+02
1.650000000000000000e+02
3.200000000000000000e+01
1.640000000000000000e+02
1.270000000000000000e+02
2.000000000000000000e+02
1.650000000000000000e+02
1.890000000000000000e+02
1.860000000000000000e+02
2.000000000000000000e+02
6.000000000000000000e+01
2.000000000000000000e+02
2.000000000000000000e+02
2.000000000000000000e+02
1.410000000000000000e+02
1.450000000000000000e+02
1.130000000000000000e+02
2.000000000000000000e+02
2.000000000000000000e+02
2.000000000000000000e+02
2.000000000000000000e+02
2.000000000000000000e+02
2.000000000000000000e+02
2.000000000000000000e+02
2.000000000000000000e+02
2.000000000000000000e+02
2.000000000000000000e+02
