-3.149626504081238787e-01
9.555276324192753634e+00
5.819489913518554047e-01
6.259476866514210869e-01
-5.263398137000280030e+00
5.123719014747750045e+00
7.733213345282639040e+00
-2.962227577029007186e+00
1.089778998031814439e+00
1.022110326748688403e+00
-6.424782712472740798e-01
-1.300800889492211843e-01
-4.521772601002862046e+00
1.011076916605138898e+01
4.056916270973100480e-01
7.117318370076581857e-01
-7.271526983907434794e-01
-4.984457528494448120e+00
2.824662632874274326e+00
2.161477008499993957e+01
-2.380474685360463472e+00
1.871191265864050379e+01
-3.997863456587317899e+00
8.117665548782134977e+00
1.230204619096856578e-01
1.328247239702012195e+00
9.810938893781411707e+00
-2.306122730343630245e+00
-3.624630056065835326e+00
-4.310401549211708705e+00
-4.923010333806841499e-01
-3.063892713271531676e+00
-6.152514313791337841e+00
-2.571124051045378667e-01
-1.077253004784173074e+00
-2.088998646425892503e+00
-1.435405433180988677e+00
-3.389863508121893076e+00
-2.444616520999824072e+00
2.798201682385683231e+00
-3.830213191327151989e+00
1.577367673976804996e-01
-5.806028651575718236e+00
7.910118614548540705e+00
-6.792994373961124266e-01
5.587369825508633703e+00
3.715556338746265119e+00
3.199954438609704077e+00
-7.388530516449240970e-01
-5.112411873125857209e-01
9.170365085572500519e-01
2.593839902680676879e+00
-5.724279257081529515e+00
-4.359359048137767978e+00
2.149484794434114221e+00
-3.573361062959916179e+00
7.472023447683969977e+00
2.236908806077146927e-01
5.499517474563199393e+00
-5.525909845125891451e-01
4.648701800180576882e+00
5.296535771271114079e+00
3.659152580655157472e+00
6.294638922693209793e-01
2.349044962940200598e+00
1.496498042780155746e+00
-3.447206723541087037e+00
4.280802745505262408e+00
-1.396108118491219852e+00
3.881740046203146832e+00
5.529108678679491851e-01
-4.782779847249643002e-01
-1.408524668056817086e+00
-9.728760899800605877e-01
9.713694286458549598e+00
2.198213861005820835e+00
-3.050220522832256531e+00
-3.902894379134070668e+00
1.969935982899763571e+00
-3.178519110983583307e+00
1.380719869379198350e+01
-6.927299191615020391e+00
-3.496937477602499289e+00
2.825252602948453884e+01
2.398966148955144373e+00
-2.405757417158227884e+00
-6.421267446992155570e+00
-6.757250193496582291e-01
-3.582900008333134156e+00
-3.779933512513806715e+00
-3.944240460851997199e+00
3.368648468274287655e+00
1.134866418153539946e+01
4.444658644896444244e+00
-2.593501551640740921e+00
5.188717946994620966e+00
-5.570652825251725559e+00
-1.640081716103969356e+00
-5.288084226636429186e-01
2.089301977748686312e+00
7.159057192811668635e-02
-5.574919189208813464e-01
-6.118680793659439843e+00
-8.720066866811308159e+00
-3.614302910287762405e+00
3.012806290661288466e-01
2.353978789611252065e+00
-3.065243178683988212e+00
4.633760657237309566e+00
5.873996328449618831e-01
-3.364234404535806355e+00
-2.882567532057127013e-01
-3.056369651068910898e+00
-1.180318426127048292e+00
1.216503368581376066e+01
-9.282952283382760683e+00
-2.083023552623205266e+00
-3.536778963410208698e-01
-3.010176219579763668e+00
-3.917775750731422590e+00
-1.496512642919839431e+00
6.540438798186392066e-01
-5.293908574201743322e-01
-2.944357303592736841e+00
5.713334380395622247e+00
2.745792769517875431e+00
2.128264175199889863e+00
-5.021170015326151814e-01
3.322234131604357987e+00
-3.226109369788879855e-01
2.334959376100576023e+00
-1.716326306249122524e+00
-8.340931575165093648e+00
7.978389597963526647e+00
4.839237396301869332e+00
-2.974477673041143966e+00
5.071090201762739724e+00
5.725905177127470047e+00
5.770771420456922707e-01
-4.100424356941967940e-01
-1.090339314840415019e-01
-4.856216597293038006e+00
8.278897746462867246e+00
-2.496815086222313518e+00
1.189654822358570813e-01
1.310785915534338875e+00
2.917705339187636415e+00
2.723883690270894942e+00
5.045438118804024263e+00
-7.058798009436287657e+00
1.304921632907860918e+01
6.354543053733308078e+00
-4.865212357188205550e-01
-2.435387559383714873e+00
2.562090074670630990e+00
1.260427490838634257e-01
9.026431553104725225e+00
2.243300841357104058e+00
3.891693733095819230e+00
6.763552934812336659e+00
1.810410403827663828e+00
1.854431396054657455e+00
-1.204190713529718071e-01
-5.753384964002890012e-01
7.688800953378551739e+00
2.937598265226467831e+00
-1.565462632860508130e-01
2.992034058493494353e+00
4.811677141599416174e+00
-2.772681652924776863e+00
-5.124340034227742535e+00
-1.827984641490609352e+00
2.591787752765743053e-02
-5.666470023482530483e-01
1.909803093089469783e+01
3.165826115621021231e+00
-2.971416404996007454e+00
1.421969507465204074e+01
7.591715128658307332e-01
-1.005567042970602731e+00
-1.461226523654916232e+00
1.269835293483645877e+00
-7.047413578849204274e-01
4.142712870022648097e+00
7.433677800620063891e+00
2.174444802880910910e+00
4.976916632691733011e-01
1.269778763684975864e+01
-5.093386416984845511e+00
-1.588888865394660344e-01
5.364089602208804486e+00
6.222592960182717903e+00
1.573031381520893834e+00
-1.595930096533107800e+00
-3.616195352886509173e+00
2.872888305593407576e+00
7.177513725215469265e+00
4.395003442555990070e+00
-4.522691851838776422e+00
-3.072307776210293717e+00
2.155307308683093392e+00
4.087551613884258472e+00
5.714114358373262981e+00
1.968113613514650417e-01
3.571905764975455089e+00
3.227553702304325700e+00
6.479326300156913465e-01
1.059807793194936743e+01
-3.507894925605223868e+00
3.398017715343536693e+00
-8.567898242898022154e-01
-3.206563777463350196e+00
-7.398551957007177826e-01
-9.300859940491238431e-01
-2.260117802395939179e+00
-8.848967612763463109e-01
4.843945347618760167e+00
2.818499489197202834e+00
5.178644715654900921e+00
-3.718950338748697959e+00
6.784885903777326810e+00
9.064851519797731072e+00
-4.911413660483421872e-01
-2.175313913962002133e+00
-1.234787973204359846e+00
1.843910892998077600e+01
-1.883775823118357395e-01
5.392563862990709112e+00
1.985607248705891781e+00
6.795538936597298463e-01
-7.299489994175901941e+00
1.252736118648846642e+01
-2.288922643741113649e+00
3.270172089236057289e+00
-1.246557014907450522e+00
-1.303166607680859679e+00
3.255863773688312079e+01
-2.696504872059615643e+00
1.966466880483486834e+00
-2.026623950898477133e+00
2.191780439313688156e+00
-3.044050759451575772e+00
3.205960229244470661e+00
-3.538865133331659418e+00
-3.074327869306743288e+00
5.648546492775148309e-01
1.780696028710284207e+00
2.284365941667144284e+01
6.458762251794284204e+00
-1.826606855777815674e+00
-1.527231993200540261e+00
-2.484077192408659318e+00
-2.043477732151207094e-01
-2.428634014062268420e+00
1.906303826454543771e+00
-1.796897922800669178e+00
-4.589650096524701794e+00
6.176628654575281985e+00
-1.075223737706376914e+00
-7.482251815524477934e+00
3.392600439889481567e+00
1.969506362655683240e+00
-8.993213065978026277e-01
-7.673581557733768932e+00
2.747249696197905600e+00
6.637423096841558845e+00
-2.088167684311266203e+00
-2.048179811052058596e+00
3.359853235505080304e-01
1.077038145409457925e+01
1.132334658945231531e+01
1.224003377153827676e+00
5.744227139768631751e+00
1.086331903574728308e+00
-1.624927183306770440e+00
-2.464033256618855527e-03
-2.312837370593704645e+00
5.155132104881111843e+00
-2.824276991811911497e+00
2.622595326240362290e+00
5.904482988570201485e+00
5.540273643874863652e+00
7.436573353780264739e+00
3.074098703265026877e+00
2.999683876360184076e+00
2.771938567456230018e+00
1.793784130796370890e-01
1.416679753593749957e+01
1.603758687016843432e+00
1.317261856946474907e+00
1.889179421632382283e+00
5.091939874799775723e-01
-9.799903804158767162e-01
-5.940332783355586344e+00
-9.694820320371791311e+00
-5.372206457418406522e+00
-3.092047524262334868e+00
3.771023301542207662e+00
7.955606080751440601e+00
-6.823727849637381659e+00
5.301439567227966165e+00
2.109304226607833677e+00
4.554487951175189564e-01
-3.287374610511929696e+00
1.966538375302415886e+01
-1.483035756277328310e-01
-5.197674200683114476e-01
1.377830018810192625e+00
-9.120772700617655326e-01
-2.667050018156759350e+00
5.391685712487480409e+00
-4.401311266360588448e+00
-4.071441686017385903e-02
-2.494430162088034475e+00
3.317450381942011362e+00
-1.266351002352253508e+00
3.175495816752827771e+00
-3.059296806722664464e+00
8.344727198404587654e+00
3.443379449682451909e+00
3.135577051752092892e+00
9.422919385128292191e+00
-2.164635921623625947e+00
1.091324131859993862e+01
1.453196606877272368e+00
9.379770192486960312e+00
2.120280532734433621e+00
-2.696421664120889350e+00
1.670342521535530089e+00
-6.912266072506083603e-01
2.227260209360353294e-01
-2.987055859967016502e+00
1.293636896935380642e+00
1.018266237475367486e+00
5.613406863671686509e+00
4.775723171672757061e+00
-1.892153450270905202e+00
7.796490570603058501e+00
2.767035473338975482e+00
1.304339948183746101e+00
9.642526126223977201e+00
3.851991806410790087e+00
-1.398484643211401757e+00
5.662080464754222220e+00
9.266115152360805851e+00
7.351987397030840476e+00
3.678054311062783466e+00
-6.965314014293243261e+00
-2.309451787434511960e+00
-3.700634572081064722e+00
-3.413212888200041206e+00
2.560242099327999732e+00
-2.043866460987532108e+00
-1.756502741152446978e+00
-2.954025414107524838e+00
-2.167450668834667304e+00
8.976386161273314457e+00
-2.057224833672342545e-01
2.359743457843794801e+00
-2.903176472042519940e+00
-3.784013631204542261e+00
-1.173760192754050857e-01
3.531842464961047146e+00
4.410565463086513205e+00
4.602600573821150620e-01
-1.045894244254687022e+00
3.802070440839175891e+00
5.505745057525056829e+00
2.284089960002015474e+00
-2.798298924387662812e+00
5.443560878217287291e-01
-1.404240049137917890e+00
-9.330457590228949938e-01
-9.989671066757365159e-01
-3.944485091833529466e+00
3.379947262116976270e-01
-8.320499419263377439e-01
3.067107674210042489e+00
-7.562715486233833495e+00
8.824429531333142229e-01
-6.722034724532611749e-01
-3.291647584393647907e+00
2.206950645504933028e+00
7.839981830562760656e+00
4.551774580367354162e+00
-1.169668713399201199e+00
-1.743433509320314823e+00
-2.572639200758367384e+00
-4.705620194813700863e+00
-2.441715216568458136e+00
-1.336815925022222684e+00
6.613928956983268215e+00
-1.475160891165172350e+00
3.865105567781837448e-01
-8.021349703316041357e-02
1.528167939079672522e+00
9.051352338030019595e+00
-1.416371971846968281e+00
1.577972845215536779e+01
2.279795560316419056e+00
-4.683519742555247056e+00
1.974032906389537700e+01
-3.107449073425752495e+00
-5.699183763049559204e+00
-4.716040338373333363e+00
7.276220512297604692e+00
-7.287535095532325924e-01
5.891079416831543902e+00
-1.999176736271991661e+00
-1.500495977338921483e+00
4.145192157756308227e+00
1.443452186847104191e+00
1.129198869645202941e-01
6.994924280315305332e+00
8.481877764971544664e+00
3.769402677318101968e+00
1.258875741600280485e+00
1.183843648326437048e+01
-4.154171422261737412e+00
6.003582186782418617e+00
4.381323515992078810e-01
-4.389520092550370123e+00
2.647325307227666347e+00
2.629777443432418949e+01
8.672174690083165327e-01
5.613449846866219950e+00
-9.161269681813710708e-01
2.471301755338576100e+00
-1.516398547644668637e+00
4.167034065187295688e+00
3.179599002002461816e+00
2.846285391583673441e+00
3.817773953016662780e+00
-3.638898190830062163e+00
1.558505100812316968e+00
3.665554551049161058e-01
7.437037195417335322e-01
-3.502165486733310740e+00
3.124247178507995604e-01
5.288533030275130109e+00
1.344852114350615357e+00
1.224212593785692693e+00
2.785252037971203132e-01
1.152431898412404543e+01
7.116677617491587782e+00
3.648576190035395683e+00
-4.969056553730592518e-01
-1.688784194747128709e+00
1.545425882936438122e-02
1.282121943657347662e+00
2.536840523357917654e+00
-3.469182676719737568e-01
-4.630836802522909856e+00
-1.245859750732052795e+00
2.502254064505105458e+00
1.443472694388598931e+00
1.654627000766507194e+01
2.942325481408228249e+00
-3.312169982202474383e+00
-1.871980727726452853e+00
-7.825745708166703452e+00
8.463444763643769519e+00
2.632491070288720980e+00
-7.234728041720233094e+00
-7.227702140165385813e+00
-2.491802992713712861e+00
-4.732784124724682684e+00
8.609388235102684916e+00
-1.508981176752407061e+00
3.101880387492858215e+00
-1.180972233712769714e+00
-1.121132036643770702e+00
4.260436299467329491e+00
1.137217575567397709e+01
-1.680910987676470514e+00
2.243232803272714193e+01
-1.986342034601194406e+00
1.061387726002132226e+01
3.623979298501470048e+00
-4.249105348585532127e+00
-4.124067045563316825e+00
-3.469688539648140502e+00
3.225654612272939037e+00
-1.144123578848336997e+01
-3.161974079758330891e+00
3.125440947499057653e+00
1.920224408950272910e+00
-5.504356997642993576e+00
1.413855446923681924e+00
3.781419262931697833e+00
7.630282367745872207e+00
-3.577507930361028432e+00
4.783675515612710427e+00
7.686623439088637433e+00
1.769464151430216958e+00
1.084571901752016565e+01
-2.630209304782059831e+00
-2.530170190238382411e+00
-3.637850580179609938e+00
2.331251764871936061e+01
2.216575612449154562e+02
3.082528827568426664e+02
2.607839462620482323e+02
-2.095313738225072164e+00
2.663274507876851089e+02
1.841987300211191609e+02
1.919888361392903562e+02
4.374101793434707588e+02
3.179457426093057393e+02
1.858045646278720824e+02
3.375558477640373098e+02
3.080031029931583362e+02
2.725265004585352813e+02
1.455824937680273763e+02
2.518648680464628455e+02
3.323425790622350178e+02
3.177291346957133555e+02
2.672749178174952362e+02
3.491500117261207379e+02
3.243753973220966031e+02
1.013801285788463389e+02
2.443379683144548267e+02
3.467617083102376796e+02
3.620595811400622779e+02
1.184752647513021344e+02
3.887354825691799647e+02
3.852516115045725797e+01
4.584468068353735930e+02
8.058395850989508347e+01
9.747777514158369172e+01
3.547073012143551409e+02
9.166818293060566702e+01
9.780707350369495146e+01
4.527637701037962188e+02
5.542196733960985284e+02
7.675618412399261103e+01
6.470259494964234648e+01
1.228160787353084089e+02
1.086930328930324663e+02
1.573341942909597151e+02
1.441289046434604302e+02
1.967310749107446100e+01
4.010724495970189309e+02
3.617251195704927227e+02
1.305304891806233059e+02
1.353402560312676144e+02
9.214606985149742968e+01
6.756723583272014366e+01
5.638626860827606606e+02
4.647728025084519459e+02
8.894442543508905885e+01
3.869795728055094486e+01
7.145711570586345829e+01
7.746139571042822070e+01
7.955655155611536600e+01
3.787624438253125732e+02
1.114314876526821507e+02
4.197453592231698849e+02
3.754278177140508319e+02
4.299685595992362437e+02
4.570331030561517878e+02
1.192004911481142528e+02
3.607369750112576980e+02
4.526750949671830995e+02
1.474921764172728729e+02
3.808566013700038866e+02
4.146904261441808330e+02
4.101896646121886647e+02
4.197867784111027731e+02
4.471181455499922208e+02
1.930394445660738612e+01
2.320962510708986315e+02
4.744776393335300781e+02
1.227309378371474082e+02
1.442963600472418761e+02
2.357708908707597573e+02
4.129334046035550045e+02
9.080102513539770825e+01
1.337945278588300653e+02
4.413375015130085899e+02
4.521004682574971980e+02
4.244354949152577205e+02
3.937836800607582290e+02
5.645398554250624201e+00
3.883802778354275347e+02
3.893810677528355200e+02
4.163785025445274073e+02
3.740381558406116369e+02
2.072920363934400996e+02
4.911613315198619034e+02
5.374859236470960013e+02
4.425081143830144583e+02
9.788692924891378766e+01
4.367204774319034755e+02
1.088147602557774007e+02
4.316990688092460573e+02
3.950041398496767329e+02
6.567882218375119407e+01
4.458074003557682090e+02
8.693672404250754937e+01
4.635190203826522861e+02
4.430697015532165892e+02
3.419778428724200836e+01
9.258223420509298762e+01
3.998031777743738644e+02
3.846993153516943948e+02
3.543263387923613550e+02
1.224500944448445665e+02
1.775747640750943788e+02
9.168019344629166767e+01
1.272295978568727151e+02
2.676540967238310031e+02
4.190737213629960252e+02
4.460048779743994487e+02
4.679551096052147727e+02
2.828548886803418441e+02
3.855201612499701014e+02
2.284543266763947145e+02
4.063042239708282182e+02
2.714572991612940882e+02
3.853896985338583363e+02
1.173525783888514837e+02
4.021900769701898639e+02
4.361256341410999084e+02
7.679941077923999160e+01
3.959953369209162020e+02
4.301264394830552646e+02
3.641992410621449494e+02
9.826616960171460846e+01
1.580261781717686631e+02
1.770536453444611027e+02
4.068791917873446664e+02
4.267330037774799507e+02
4.333234468725981969e+02
1.907320841873235651e+01
1.767668211098695394e+02
5.580275812323054652e+02
7.475175003754040404e+01
1.264464564970187297e+02
4.000065876850512723e+02
4.323028406239372998e+02
3.836336085163684402e+02
4.040061434322785772e+02
8.224777030031009417e+01
3.954973027732950754e+02
4.027167256519286980e+02
4.571121944402486861e+02
9.684609563668317378e+01
5.292211566316572657e+01
4.010482996301204821e+02
4.134841477137017023e+02
3.723670858157732368e+02
3.933930363527534837e+02
6.411167700172333639e+01
4.527557453072641920e+02
4.065187022043444358e+02
4.728455656056689804e+02
1.931176741713671845e+02
4.036029782233742367e+02
8.933190986410012613e+01
4.420986915844155192e+02
1.151023154173787191e+02
7.173830272269971431e+01
8.791983643280488536e+01
4.078339165831421838e+02
4.667335250190034799e+02
4.074374327024181071e+02
3.448581907051907081e+01
4.327019469101832101e+02
4.180174579286115204e+02
4.650660722486697409e+02
3.106484035169351614e+02
4.326749137193617116e+02
3.828955895250726371e+02
3.985867595366244132e+02
3.924418244345739595e+02
6.482541511669290912e+01
3.750771583257617863e+02
3.935411350857817752e+02
1.292447976497428783e+02
1.201432167173068137e+02
8.428532689044067183e+01
3.707184743624459315e+02
5.711218231424427358e+02
3.563558165366636672e+02
2.092209042611276573e+02
3.788088805969885016e+02
1.217891017419049859e+02
4.451169210417567115e+02
3.820312592019567433e+02
7.411191373634864021e+01
1.059339308230717194e+02
4.170618541607356065e+02
8.989876989926831641e+01
3.888303061407444829e+02
1.371332242710073501e+02
4.339665867719314178e+02
1.840216957992006428e+02
3.490352965031763119e+02
1.298927323299031968e+02
1.837765076717357715e+01
3.878100879724043466e+02
1.581202531370864506e+02
9.904441918412872781e+01
3.714190833241140695e+02
1.244730298195214004e+02
4.710860416759005034e+02
3.720439279017756462e+02
4.133075534050129818e+02
3.793032196125167275e+02
6.294470695317347975e+01
4.093421682718460488e+02
4.352139889749379904e+02
4.081814247089849346e+02
3.885159032233106586e+02
1.459770299142826957e+02
3.708597395849668601e+02
2.243198379287307489e+02
3.759189463706493370e+02
3.995189377704028857e+02
3.101817275768230431e+01
1.049668175909948786e+02
4.523736831482041794e+02
3.661293927061733484e+02
3.879757707339566082e+02
9.951010187795280615e+01
4.665824171338060182e+02
4.663267607671858741e+02
1.729766452982534588e+02
1.224875473429203510e+02
4.253199717667667983e+02
4.185229571002099078e+02
3.927659716366862881e+02
4.180760913175513451e+02
3.552521226093404039e+01
4.117392851530385087e+02
1.453421754738910749e+02
3.678220760639032960e+02
3.603698629754950389e+02
1.040095739207314693e+02
3.647147339549205185e+02
3.792628656197614418e+02
4.309927564681475474e+02
2.483371523094567408e+02
3.715978397273695464e+02
3.765086037758973134e+02
3.703312578252927665e+02
3.927460108553805185e+02
2.048319872346967543e+02
4.484174761366562052e+02
3.892989758042629660e+02
4.079354019217876726e+02
3.671309785262906189e+02
4.691495206571409682e+01
4.374307901927170974e+02
4.074023831521003558e+02
4.281740257748728027e+02
3.667128187489505535e+02
3.961690923438661684e+02
4.214152745830565436e+02
3.626337151530074721e+02
3.844050047660621203e+02
8.547624555829725068e+01
4.477302764123271572e+02
4.463310602393038948e+02
5.334031128987379589e+02
1.757428249469063815e+02
3.817969646073294712e+02
4.221005908310314112e+02
5.431617193724547406e+02
3.387565756102389969e+02
4.137171944039564551e+02
4.637683360938912074e+02
3.604479914736700152e+02
3.841657385922555363e+02
1.204110297697379082e+02
8.890766994895803066e+01
4.063501200514837706e+02
4.077041655730097887e+02
3.983570660006601543e+02
1.609874467396672344e+02
3.674085217394463712e+02
3.966562470235091951e+02
4.505492211472717372e+02
3.817359801054378750e+02
9.391026008608085363e+01
4.216516925406374412e+02
3.960797116618658151e+02
3.856278844744880985e+02
4.193890279886755366e+02
1.198386850774274990e+02
4.523339423001593218e+02
4.122746179771464199e+02
3.756934747891053235e+02
4.151754494640228472e+02
6.657801955615323664e+01
1.190519922587578350e+02
4.489086293324432404e+02
3.830724808081030233e+02
4.092769680657604567e+02
4.124402445659992509e+02
4.174673109508145785e+02
9.997584729179143892e+01
4.496768525307800246e+02
2.449728620905979071e+01
3.743097615966758553e+02
3.992289088040743650e+02
4.522840669548036772e+02
4.637370406078734391e+02
4.028841362943120998e+02
4.054190712801221252e+02
3.731968708473369247e+02
3.899403690433799170e+02
1.877573018131292031e+02
4.410046191644858595e+02
3.983724279992201787e+02
