1.236445881741553521e+01
1.252501116504204148e+01
1.253006420656560316e+01
1.243850505180008881e+01
1.239642826394952557e+01
1.232457806384475596e+01
1.230794076799965175e+01
1.237335030865215479e+01
1.250513630607368398e+01
3.239493867419530488e+02
3.246076650768212630e+02
3.312713547569755406e+02
3.421612661471320394e+02
4.483846092295989365e+02
3.477682501638502117e+02
1.731330708112231775e+02
4.000253905034846866e+02
5.376734088110687253e+02
2.215739114172289703e+02
1.054379965576212896e+02
3.263091623789338200e+02
3.851721278141673110e+02
4.106664519615555946e+02
3.024250823582142971e+02
1.507619361041413981e+02
2.157806239876687471e+02
4.114389404357991111e+02
2.635275244395215850e+02
2.339525740861765826e+02
4.247518892608456440e+02
4.073942225906769181e+02
3.695779429818982180e+02
3.058158753402645971e+02
3.461461829157960892e+02
3.822080316990874280e+02
3.753719456263956431e+02
2.462181096365533790e+02
4.099210747013922855e+02
4.267467502749185542e+02
4.208679038979911411e+02
4.664863660705383381e+02
4.116700320586282942e+02
3.652735144528302271e+02
3.010078923448169235e+02
4.054929042217493134e+02
4.003734500597510078e+02
4.135112957929699178e+02
4.305858737389066846e+02
4.322938610251347313e+02
3.902530125091994933e+02
2.535546730500635420e+02
4.140227935024664703e+02
4.168258644185815456e+02
2.158538783669532108e+02
3.430227606443934860e+02
4.018071025854518439e+02
4.128797296898325726e+02
3.840473584391355644e+02
3.188075015482716026e+02
3.997441382164184915e+02
4.037675922278154417e+02
3.810463993540034835e+02
4.081145752036674139e+02
3.831275237249177508e+02
3.627143142255806652e+02
3.949743623568900830e+02
3.954464376320318593e+02
3.594372275321462666e+02
3.897139922385734394e+02
3.921825770349176992e+02
3.504388085192505287e+02
3.931784978300544822e+02
4.091855932786701260e+02
3.385593285010699560e+02
3.917539105161190491e+02
3.893823372185935341e+02
