9.199999999999999289e+00
1.335000000000000000e+02
1.866999999999999886e+02
1.550000000000000000e+02
1.306999999999999886e+02
1.756999999999999886e+02
1.445000000000000000e+02
1.379000000000000057e+02
1.214000000000000057e+02
1.117000000000000028e+02
1.237000000000000028e+02
1.286999999999999886e+02
1.708000000000000114e+02
1.220000000000000000e+02
1.440999999999999943e+02
1.240999999999999943e+02
1.240999999999999943e+02
1.465999999999999943e+02
1.403000000000000114e+02
1.305999999999999943e+02
1.227999999999999972e+02
1.300000000000000000e+02
1.262999999999999972e+02
1.986999999999999886e+02
1.346999999999999886e+02
2.000000000000000000e+02
1.745000000000000000e+02
2.000000000000000000e+02
2.000000000000000000e+02
1.990000000000000000e+02
1.515000000000000000e+02
2.000000000000000000e+02
2.000000000000000000e+02
1.289000000000000057e+02
1.851999999999999886e+02
2.000000000000000000e+02
2.000000000000000000e+02
