-1.300877643701297529e+03
-1.468192448752900646e+03
-1.369250753331122269e+03
-1.555263147339933312e+03
-1.761750424814108101e+03
-1.555280247007990738e+03
-1.749998099996514156e+03
-1.800452702105895241e+03
-1.560056694884567605e+03
-1.440207324409401735e+03
-1.440376348126271751e+03
-1.762395330079758196e+03
-1.597335363324770242e+03
-1.559350032557811346e+03
-1.690823654978414652e+03
-1.681666559050910791e+03
-1.531634003569389961e+03
-1.606626776762494273e+03
-1.592484289436298695e+03
-1.180962510317438046e+03
-1.370563267241295307e+03
-1.514164021022172165e+03
-1.559320537328428145e+03
-1.326996138965369255e+03
-1.554415304188769596e+03
-1.492019959456753440e+03
-1.336084122178700682e+03
-8.889739121867359017e+02
-1.386306673276414358e+03
-1.513683276575394984e+03
-1.616566808516680339e+03
-6.394074250835604971e+02
-1.133707557126576603e+03
-1.380705535998180494e+03
-1.505442124110824579e+03
-1.435021709224965207e+03
-1.000253905575267709e+03
-1.618669311696859722e+03
-1.391612804039195908e+03
-6.788665090416869816e+02
-1.513968311364731107e+03
-1.411542647104780144e+03
-1.322221750902986059e+03
-1.385392141069979061e+03
-1.351902986723802542e+03
-1.421738908085925232e+03
-1.378404672260731104e+03
-7.452359339445411024e+02
-1.438312054838886525e+03
-1.604832084114025520e+03
-1.343119517642228629e+03
-1.389320341066862511e+03
-1.595888643889097011e+03
-1.049907245592040454e+03
-1.193583224422634885e+03
-1.279422753035617916e+03
-1.386859441761720291e+03
-1.363920507628340829e+03
-7.287158648954497266e+02
-1.395567688527618429e+03
-8.634544339375815980e+02
-1.535571807001383149e+03
-1.345221859195951538e+03
-1.240072667260794333e+03
-1.414285245989898840e+03
-1.348820292021204750e+03
-1.294357059486376102e+03
-1.403980707237944216e+03
-1.303212663381479160e+03
-1.384809896353455770e+03
-1.618839142360921187e+03
-1.151221369026597131e+03
-1.313942505253254694e+03
-8.031532939593479341e+02
-1.401276749135556429e+03
-1.183318884786041508e+03
-1.498867226718901293e+03
-1.369386641994573438e+03
-1.105021776602634873e+03
-1.240339956731943175e+03
-1.235430958887208362e+03
-1.538525409032617972e+03
-1.380506818180202345e+03
-8.835905550213284414e+02
-1.256577771237841716e+03
-1.321664540869981238e+03
-1.240304267500945571e+03
-1.579271057512242805e+03
-6.628384185813264367e+02
-1.310560422182992170e+03
-5.701819797768711169e+02
-1.609822871380411698e+03
-1.345834337692384224e+03
-1.134847089311791706e+03
-1.324031606172337206e+03
-1.219234916817962585e+03
-1.292114486608161087e+03
-1.581694282473572230e+03
-1.589871699967458198e+03
-1.404496863672113705e+03
-1.604960242189607698e+03
-8.959819883544487311e+02
-2.532840723370515548e+02
-1.446865333980319292e+03
-1.311545298956395072e+03
-1.409869795168897099e+03
-1.408577252919593548e+03
-1.511287541873893815e+03
-1.172884328881009878e+03
-1.233135922373050334e+03
-1.501347797998697388e+03
-4.016212447694292642e+00
-1.508534208333918286e+03
-1.221472840184648248e+03
-1.486498665298154265e+03
-1.548262692524959220e+03
-1.405867551135804661e+03
-1.463299995186482420e+03
-1.344136359432888412e+03
-1.521862088227187087e+03
-1.213864659233800921e+03
-1.466156355321242700e+03
-8.006218296475468605e+02
-1.138026934799106357e+03
-1.047793833105675958e+03
-1.052287352488158604e+03
-1.043013045901033138e+03
-6.906206822205090248e+02
-1.572948485214542188e+03
-1.180054311261690145e+03
-9.536738742198490399e+02
-1.382713044233763412e+03
-7.074803319684668850e+02
-1.139851655407298722e+03
-7.893232117897319995e+02
-1.428759194040931334e+03
-7.814998969472884482e+02
-7.899889598124252643e+02
-9.243290804708323094e+02
-9.044051070138793875e+02
-7.817379495123569768e+02
-1.580944129130846022e+03
-8.164540068671501558e+02
-9.536014136492709667e+02
-3.325469739022772320e+00
-1.086154142092950678e+03
-9.642126385754766034e+02
-1.265902661341542171e+03
-1.190361465938912716e+03
-3.936591128162643827e+02
-6.575537020293294290e+02
-1.190690577226638197e+03
-2.649334261260737549e+02
-1.598241253969135869e+03
-8.862639848312769573e+02
-6.588229129929729879e+02
-1.402041028958943116e+03
-6.611721813448255034e+02
-5.231282571677446640e+02
-1.338882452847970228e+02
-2.615654223725043721e+02
-1.104239508645433261e+03
-3.372508184571902934e+00
-1.344361748261263756e+02
-1.528188693968513007e+03
-1.064258657418401299e+03
-1.134024281480083346e+03
-9.412511004297271029e+02
-1.251763236083133279e+03
-1.010039918523743836e+03
-8.980960667588275328e+02
-6.563783554063277279e+02
-3.830579953811659166e+00
-3.879790500892423388e+00
-2.612557156840716175e+02
-9.578149172887972327e+02
-1.522680222156058027e+00
-1.093928801133074330e+03
-5.263244619894514926e+02
-5.242189817966816463e+02
-6.547569925484207261e+02
-3.968437374226836596e+02
-2.665164049875429875e+00
-9.433743045243004417e+02
-8.061654169378012966e+02
-5.616737947261653652e+00
-1.100009694349394977e+03
-5.192226857733745646e+02
-3.956434295867514273e+00
-2.612867131571385926e+02
-2.619898737566983868e+02
-4.395139516293219195e+00
-1.337569854221931678e+02
-1.343364805358748981e+02
-5.238863232384999264e+02
-1.919897120014611991e+00
-1.158834747575679330e+03
-5.255350247873710714e+02
-2.569961196605761984e+02
-9.983193481979365060e+02
-1.091105080656051996e+03
-1.080605637572636397e+03
-1.311239523762367014e+02
-5.390245167979234111e+02
-1.307266837278203298e+02
-6.992519344096741634e+02
-1.330298017600236449e+02
-1.927117530444670601e+00
-8.293321592771576434e+02
-2.556838250980316047e+02
-4.124473837021984082e+02
-5.915415362012575997e+02
-5.319547281167820074e+02
-1.578575463542369562e+03
-1.333980885360467710e+02
-1.023428987717607697e+03
-8.646361656353617491e+02
-5.317301281611323702e+02
-2.897717839013841967e+02
-5.238679017442490249e+02
-3.916617048685583313e+02
-1.324482882642496975e+02
-5.441582984573171871e+02
-6.700908106464173670e+02
-1.014760825426034330e+03
-1.346836725042169860e+02
-2.586927931590345793e+02
-1.308180964459663187e+02
-5.251381949241948632e+02
-1.202271240484994678e+03
-5.460237369463552568e+02
-1.319010016840773574e+02
-1.288082539255058236e+02
-1.322586475056822053e+02
-3.991242977968420291e+02
-4.000734203737097801e+02
-2.585506609982505211e+02
-2.627421405051820216e+02
-6.732002072210044616e+02
-1.272486650681446321e+02
-6.520487264752598549e+02
-3.947278949523162055e+02
-8.073538842317312856e+02
-5.303318449135282435e+02
-2.631608372389895862e+02
-2.646409553115562403e+02
-1.417491960197921799e+03
-2.596387131179394032e+02
-1.333387718352815341e+02
-1.595609199387906074e+03
-5.145118129640394500e+02
-2.624747836766266005e+02
-6.583114575085841125e+02
-1.310031008120151625e+02
-3.938268765406700140e+02
-3.926923015014522775e+02
-1.311267235226467278e+02
-6.703127648084985140e+02
-1.307748461773923339e+02
-4.433121023025730523e+00
-1.337187309646474205e+02
-7.000707189406291491e+02
-5.141965401093268611e+02
-4.150984095506649929e+00
-1.061894180609295290e+03
-3.077199126707890287e+02
-1.330557064861519905e+02
-2.708755908311728717e+02
-8.001493030090206275e+02
-2.627099737826481487e+02
-2.600778387706815238e+02
-2.227604550656138827e+00
-1.104309883949950777e+00
-1.288734696425813979e+02
-2.623577858879489781e+02
-1.307399292211267152e+02
-5.495701198109995858e+02
-5.264986902904803401e+02
-1.309769207301410461e+02
-3.497675541082238055e+02
-5.733281912810051608e+02
-1.335084296353426794e+02
-1.347620863104377236e+02
-1.781763909152710710e+02
-2.629912765005145161e+02
-1.299155886588023350e+02
-1.295132791378469790e+02
-2.662088576604278387e+02
-4.542104889707664483e+02
-9.429865895203812443e+02
-9.388739101360662289e+02
-1.272072821901221999e+02
-3.918930848986217939e+02
-5.272229398281115209e+02
-7.128047649276580842e+02
-1.308535657452192993e+02
-3.916390527478031345e+02
-1.316307713644446551e+02
-7.047685537309263282e+02
-1.460834007036244442e+00
-1.311352147952844973e+02
-7.808704144744804125e+02
-5.225954330653128181e+02
-5.619782230778383791e+02
-3.956016228438138000e+02
-1.350379234406264395e+00
-2.643212236836872648e+02
-3.904404448505498504e+00
-3.795110013741615376e+02
-1.388590892608670968e+00
-3.852065581469416315e+02
-3.888574670592431630e+02
-6.983542823851919366e+02
-1.300111965180864502e+02
-6.444310162354485101e+02
-3.985114729643470355e+02
-1.317082210689642068e+02
-2.601029354070042814e+02
-6.742505499227671635e+02
-3.898272519963895206e+02
-1.597571969072883569e+00
-1.300584732582983349e+02
-5.560716111366801897e+02
-5.255916286453438033e+02
-2.896075024547980714e+00
-2.683671777408318349e+02
-9.393891628731170158e+02
-4.012750531486572640e+02
-9.228768391145716805e+02
-2.615257818793326123e+02
-1.341376624684919534e+02
-2.589132987122912368e+02
-2.605280821803976892e+02
-1.543611797416253317e+00
-1.310139573681275920e+02
-6.104987737223061686e+02
-2.556026939846323387e+02
-1.296959634686299125e+02
-1.311918651207043354e+02
-4.040019539385561984e+02
-5.975388785924803869e+02
-1.323335684573798403e+02
-2.484084614309226993e+02
-2.557049485224236491e+02
-5.717674069070852738e+02
-2.603069788860427707e+02
-1.314123281464055992e+02
-2.547387093627204422e+02
-2.621151451373388568e+02
-2.629628581098341442e+02
-7.361730184812852258e+02
-6.556049956490404611e+02
-5.303872388621914524e+02
-9.787118709428410739e+02
-1.302816488217314657e+02
-1.308929721298930815e+02
-1.325926030754689293e+02
-1.301728517799771225e+02
-1.012716939221293133e+00
-2.626355763486527621e+02
-7.565274539138823684e+02
-3.901219401319922326e+02
-4.901120343080725092e+02
-2.723721611717207338e+02
-4.810546998113610471e+02
-4.040168819394714319e+02
-2.616635244365196513e+02
-3.847346098262198097e+02
-3.969103233597512030e+02
-1.356232639130464861e+02
-3.858929489545450338e+02
-2.610800518159341550e+02
-2.606955689252459365e+02
-2.598886066579221961e+02
-5.033052473403413387e+02
-1.338777885304721416e+00
-3.832065677118349640e+02
-1.035329574844137824e+03
-2.636944983183345812e+02
-3.857910671151209385e+02
-1.331403781844559830e+02
-1.305083775138893429e+02
-3.789253076267407891e+02
-1.087826355811136182e+03
-6.391687466916213225e+02
-1.355291402224393380e+02
-2.775329902771434263e+02
-2.645754738321617765e+02
-4.003232794958139493e+02
-1.349932166769820583e+02
-5.075002355088204240e+02
-2.777779569054147260e+02
-1.303510840380734805e+02
-4.052290046617821986e+02
-2.591179339343198649e+02
-5.229043810061795057e+02
-6.270272993258793122e+02
-2.595184826014909163e+02
-8.120455919653444266e-01
-2.683699167372026864e+02
-2.600344031399288269e+02
-2.569708131701723346e+02
-2.562288449909190717e+02
-5.342152578602911035e+02
-1.278596748273197790e+02
-5.024001588841015860e+02
-1.285471740906070579e+02
-4.119402604320267756e+02
-9.156041744171452592e+02
-6.809939258920526299e+02
-1.311114503056475371e+02
-4.321234119512672009e+02
-3.873139786974330718e+02
-3.792902005527564597e+02
-4.058947455878181358e+02
-1.290419353291987647e+02
-4.153493273881035179e+02
-1.291746791111922050e+02
-1.310492345549185984e+02
-1.298168855233167847e+02
-4.905900058017084575e+02
-1.343555354910835717e+02
-1.346922361342178931e+02
-2.646490628661803157e+02
-2.573598885303012480e+02
-5.956689731772148662e+02
-4.020341312108006377e+02
-1.302936351938881785e+02
-1.331403069440811180e+02
-1.318222467294291675e+02
-3.988798941494522978e+02
-1.317747801945338608e+02
-7.168892276369281262e+02
-2.608967913138684480e+02
-4.042667609648652842e+02
-2.556030875573513867e+02
-1.312936265242304046e+02
-3.900841572831559461e+02
-1.251391597200842796e+02
-2.670119842247759721e+02
-2.307481001899439388e+00
-2.588747348774079455e+02
-1.326130501400289461e+02
-6.557403100039695119e+02
-1.356759624027430959e+02
-2.665287103033653580e+02
-1.277253352577743186e+02
-1.263753877837077653e+02
-1.306143704993465064e+02
-3.892480844564720996e+02
-3.895781868932413659e+02
-2.567043721080931959e+02
-1.284653023881474496e+02
-3.981618179016684280e+02
-1.316564397288469479e+02
-5.984731855743650613e+02
-3.918151435595905241e+02
-2.459515114556487276e+02
-1.295657342850808220e+02
-1.355121304945324789e+00
-3.622761428479242909e+02
-1.315040644419729574e+02
-1.254598680530761925e+02
-1.395615354943531505e+00
-1.308146136045185699e+02
-1.504067867401764680e+00
-1.310261485788660707e+02
