-1.195389361764332762e+03
-1.071718902097757564e+03
-1.255487504260647256e+03
-1.675227633183785656e+03
-8.858670050119462758e+02
-1.165220002389885167e+03
-1.395785644649022515e+03
-1.760673102408581144e+03
-1.525071598271517360e+03
-1.496389529814435718e+03
-8.489246115180509378e+02
-9.856679943012194371e+02
-1.711024830193936168e+03
-8.218029431651830237e+02
-1.143979885701202193e+03
-1.221542315184554127e+03
-7.527719777923711035e+02
-8.607689877140886665e+02
-7.023362821438078072e+02
-7.683653186683241074e+02
-1.109120322826594020e+03
-8.207718708602537845e+02
-8.351356747917536723e+02
-4.228899483827023573e+02
-3.776179728337074835e+02
-4.824219000352173339e+02
-7.770930122305616123e+02
-7.354360411966243873e+02
-5.158155515709082692e+02
-2.536365341416650949e+02
-2.573853927963903221e+00
-2.497164666518631861e+02
-2.477885861752157268e+02
-1.229008548670198593e+02
-3.797864630850706931e+02
-2.500531187385742840e+02
-1.298936072467301415e+02
-2.499569932433950896e+02
-1.206083111697674610e+02
-2.577273552228427320e+02
-1.264662043523212134e+02
-1.268111499615929887e+02
-1.224300395718994423e+02
-1.239107443314698713e+02
-1.157605459405096582e+02
-2.385508611238546166e+02
-2.266633737726560298e+02
-1.287482516547279374e+02
-1.230947449371237070e+02
-1.217962226875884824e+02
-1.283251067715301019e+02
-3.683303854656105045e+02
-2.434076421121609428e+02
-1.244203391392138087e+02
-2.430629972867693027e+02
-1.191978458849936828e+02
-1.237724554636194796e+02
-2.415509277699183883e+02
-1.197035892349487796e+02
-2.415888741844306651e+02
-1.175341372144101513e+02
-1.202170338002850798e+02
-1.151751293379310823e+02
-1.174400866097714697e+02
-1.231409067014213150e+02
-1.224274537775323495e+02
-1.192647080979776177e+02
-2.371884310895351859e+02
-2.418133252365807948e+02
-3.492251872674721085e+02
-1.172783854262821706e+02
-1.240270887797710344e+02
-2.301292728361668765e+02
-1.216626364107083589e+02
-2.332521120603720419e+02
-2.908817881764235267e+02
-2.388637817314108531e+02
-1.135887170906333807e+02
-4.963257816816314394e-01
-1.229970834949702407e+02
-1.176112526046181443e+02
-1.139445000269546426e+02
-1.252497660835654756e+02
-4.095272567769370085e+02
-1.144560092023390325e+02
-5.315167851508254770e+00
