1.926999999999999886e+02
1.975999999999999943e+02
1.790999999999999943e+02
1.370000000000000000e+02
1.396999999999999886e+02
1.893000000000000114e+02
1.578000000000000114e+02
1.599000000000000057e+02
2.000000000000000000e+02
1.445999999999999943e+02
1.413000000000000114e+02
1.368000000000000114e+02
1.835000000000000000e+02
1.164000000000000057e+02
1.893000000000000114e+02
1.555999999999999943e+02
1.450999999999999943e+02
1.799000000000000057e+02
1.425000000000000000e+02
1.663000000000000114e+02
2.000000000000000000e+02
1.983000000000000114e+02
2.000000000000000000e+02
