-8.340217924579372948e+02
-1.308606253795408520e+03
-1.071550879931982536e+03
-9.737731203844965648e+02
-8.687308453521934553e+02
-8.648005353794196708e+02
-9.765050455743308930e+02
-1.433548566794380804e+03
-1.172676847252582775e+03
-9.059508996778151868e+02
-1.044655121193896321e+03
-1.070966773557744318e+03
-9.144306941749495081e+02
-1.223097028016139802e+03
-1.254016707920971385e+03
-7.185300053569561669e+02
-1.118839839540681396e+03
-6.374488256049195343e+02
-1.077157538052337486e+03
-6.213799720823118378e+02
-6.303507201497244523e+02
-2.520742034965645075e+02
-6.237558122114440948e+02
-2.643266059554039771e+02
-8.507363228453923512e+02
-2.566557721471363607e+02
-4.977990558618799355e+02
-3.531615620616144611e+02
-8.541850286627038713e+02
-2.326896137409017058e+02
-3.719782595130305936e+02
-3.880047198903237131e+02
-3.817109237445493477e+02
-4.883136083224924278e+02
-2.516215123026238984e+02
-4.088277711752672872e+02
-5.940806150025656507e+02
-1.235009753016368563e+02
-3.465726719535877010e+02
-2.446754226930978291e+02
-1.253539112498260550e+02
-2.309325262389363331e+02
-1.264695183809002259e+02
-1.241451039456513854e+02
-1.232080897875924137e+02
-2.462778106828301077e+02
-2.313379788557865027e+02
-1.163853775066624223e+02
-5.367753277855586980e+00
-3.454059582884011093e+02
-3.598102837862347769e+02
-3.614332593789793577e+02
-8.342315143528844956e+00
-1.294902045255415146e+02
-1.248600307955104540e+02
-2.338042803076916414e+02
-2.370989422879576125e+02
-7.583740718572679285e+00
-2.480803985082857253e+02
-2.358718439154864939e+02
-1.291432620577076307e+02
-1.213093637538927823e+02
-1.230165827783463470e+02
-1.197900450730806057e+02
-3.843912631187080251e+02
-1.214424057138407989e+02
-1.225693767413978037e+02
-1.232028857751188156e+02
-1.250598563939716001e+02
-3.452905553702504449e+02
-1.235942188184716741e+02
-2.941717782480341725e+02
-3.614378011050977193e+02
-1.165388523776420868e+02
-1.210932496037732733e+02
-2.313975637460864050e+02
-2.688341743192809190e+02
-1.167724831175057858e+02
-1.203938361458902477e+02
-1.166117957660238744e+02
-1.212473352447228621e+02
-1.189305715976832829e+02
-1.201356796836168286e+02
-1.184251691737752452e+02
-2.511849067869989653e+02
-1.207021651970887888e+02
-2.286085597948997190e+02
-1.233148108003826167e+02
-3.419837891701777721e+02
-2.353676734260088210e+02
-2.310381239024822548e+02
-1.264615210933000640e+02
-1.186104561321959636e+02
-2.889151858343434576e+00
-3.313394209482875681e+02
-1.206312765333940007e+02
-1.233287044343576753e+02
-1.194541269420265337e+02
-2.375764440289098616e+02
-1.223765197604572705e+02
-3.499792085566834885e+02
-2.315449528997500295e+02
-1.200126551834451618e+02
-1.180666885366432268e+02
-2.369213526751403265e+02
-1.210109176976149428e+02
-1.163132976399176641e+02
-3.278283767015913099e+02
-9.697991653046532656e-01
-2.440133254620783987e+02
-1.170363708694056157e+02
-3.093857799074599679e+00
-2.340132596998896020e+02
-2.394522245127790541e+02
-2.470670667217190157e+02
-1.182176332543543822e+02
-3.371126934193488296e+02
-1.183314395659218690e+02
-1.241153306663073721e+02
-2.061890127143040985e+00
-1.922078229406622984e+00
-1.241763828117702531e+02
-1.192826094431044055e+02
-2.424613400068957390e+02
-3.341560240191353728e+02
-2.849630622611298918e+02
-2.340315738973692987e+02
-1.197556618875070029e+02
-2.351102963930355827e+02
-1.260078541043416323e+02
-1.257827333075994574e+02
-2.465746847283541854e+02
-6.123099131066357614e+00
-6.552862887611476950e+00
-3.537941309763053255e+02
-3.313453249908166072e+02
-3.599484423325953344e+02
-4.436637203136978513e+00
-4.868087507700361805e+00
-3.594511478196384946e+00
-2.933458355856857906e+02
-1.258617468805887682e+02
-1.209909732865260850e+02
-1.193007757798577870e+02
-2.341006939857619500e+02
-1.284334945038273474e+02
