-3.948414072856990629e+02
-3.244422249525333655e+02
-4.183467685487065637e+02
-2.038985155257724102e+02
-2.545176817148219470e+02
-2.708721084119615625e+02
-4.660927968399249721e+02
-2.602999229592047072e+02
-2.452050549644969237e+02
-3.495136418138214367e+02
7.353109852682849805e+02
2.057975931472834418e+03
2.458735185163361621e+03
1.217097846672470951e+03
3.303154702530825034e+03
3.596827855729743078e+03
3.767719372827915777e+03
4.073437867651311080e+03
4.612596560909939399e+03
4.453377815204947183e+03
4.656116224750075162e+03
4.598672660821671343e+03
4.921070492499843567e+03
4.628823505118053617e+03
4.755658911027387148e+03
4.913864076291508354e+03
4.978112994493790211e+03
5.189821771780081690e+03
5.258548260077005580e+03
5.122767606267591873e+03
5.233233849879480658e+03
5.498596321371205704e+03
5.325586647490063115e+03
5.321975668549090187e+03
5.770599544601665002e+03
5.756553444716377271e+03
5.825251968403642422e+03
5.708187015830755627e+03
6.005277013310653274e+03
5.925894035213633288e+03
6.113606665642896587e+03
6.081359355093092745e+03
6.147036969839668018e+03
5.724388191807951443e+03
6.698443976124772234e+03
6.535137164021858553e+03
6.544203964078860736e+03
6.390791034868861971e+03
5.486444170007654066e+03
6.626747562985353397e+03
6.490280295696543362e+03
6.920822876288677435e+03
6.554348062926535931e+03
6.721022763712827327e+03
6.975297162610369014e+03
7.096836772133006889e+03
7.194739930349934184e+03
6.932884245309121070e+03
6.806172454037953685e+03
6.850568085145620898e+03
7.415227043832849631e+03
7.327968014428628521e+03
7.479384818724567594e+03
7.472664474306719057e+03
7.773534259390997249e+03
7.796328477541742359e+03
7.901643625105602950e+03
7.946444075949099897e+03
7.866188674083017759e+03
8.169995190416547302e+03
8.260009574450290529e+03
7.912308867832735814e+03
8.079353116618304739e+03
8.360106100735290966e+03
8.314658770840815123e+03
8.289181449152189089e+03
8.633298008437437602e+03
8.014438567306297955e+03
8.256250995251435597e+03
8.838048250040128551e+03
8.016152450463963760e+03
8.722750525719822690e+03
8.872267393486934452e+03
9.076110167674823970e+03
9.212283790406745538e+03
8.595061643291421206e+03
8.670041911696291209e+03
9.183269468555192361e+03
9.159327905522928631e+03
9.224961109878102434e+03
9.274967602896622338e+03
9.137494187858459554e+03
9.418255676382637830e+03
9.059557605253543443e+03
9.666302153331185764e+03
9.242303356164873549e+03
9.675564307761895179e+03
9.321595657676123665e+03
9.280238380394510386e+03
9.634852456955339221e+03

