-2.349732801780324678e+02
-2.746109060894049776e+02
-2.695456580134927549e+02
-2.444875006478162902e+02
-3.152752647124103191e+02
-2.999491159201616028e+02
-2.643250413987778416e+02
-2.855075375008859737e+02
-2.080915774208030200e+02
-3.803354478413494917e+02
1.741751499460529885e+03
1.502585826783723178e+03
2.509481485956617689e+03
2.853026219983188184e+03
3.276641015955759485e+03
3.598826241244863922e+03
4.050781177335618850e+03
3.905426308751447323e+03
4.224436160189961811e+03
4.552825969694243213e+03
4.504894447827887234e+03
4.592297021606887029e+03
4.423196389923806237e+03
4.690545118537143026e+03
4.525686231934433636e+03
4.798776765519890432e+03
4.895154158942928007e+03
5.142144440665053480e+03
5.219680198657370056e+03
5.286314222985124616e+03
5.418705797906651242e+03
5.489195079926921608e+03
5.382972208956644863e+03
5.402871901174852610e+03
5.680960661770173829e+03
5.721795521293037382e+03
5.746987340641864648e+03
5.890643338323564421e+03
5.966875261643846898e+03
6.094026935555330965e+03
5.891557254220089817e+03
5.809869417394033007e+03
5.897591254468467014e+03
6.179814192830229331e+03
6.326774629193430883e+03
6.476322863458484790e+03
6.515698917895189879e+03
6.360661851272926469e+03
6.509332820241045738e+03
6.680178625385779014e+03
6.839169151153128951e+03
6.895974440011338629e+03
7.027179307230119775e+03
7.075511610407229455e+03
6.921967516552273082e+03
7.292328314414793567e+03
7.416171078562647381e+03
7.266583120092720492e+03
7.551785144467927239e+03
7.412582388914177500e+03
7.337527848918805830e+03
7.538182868371402947e+03
7.856672692525587991e+03
7.509079512494981827e+03
7.846973169666572176e+03
7.949791701116975673e+03
7.925185762653568418e+03
8.178621611811679031e+03
7.734816420913608454e+03
8.271126751025867634e+03
7.832657162447510927e+03
8.415586444923519593e+03
8.050739726076821171e+03
8.407479060936730093e+03
8.256738622069800840e+03
8.036682219099449867e+03
8.560361251819802419e+03
8.417100041405941738e+03
8.676516823318208480e+03
8.292593640577248152e+03
8.812333365814341960e+03
8.854588540611519420e+03
8.591739233124191742e+03
8.343484251141318964e+03
8.677449468177555900e+03
9.088628141441860862e+03
9.013896582552006294e+03
9.347132357934273386e+03
9.110057124648299578e+03
9.256258343213772605e+03
9.195200650867289369e+03
7.766340109922952252e+03
9.285930388353912349e+03
9.421104708779486828e+03
8.194468852657988464e+03
8.965213519583505331e+03
9.579135579291356407e+03
9.506770028106375321e+03
9.678450624229164532e+03
9.453766883485255676e+03
