1.216776682400126397e+01
1.234754409458822089e+01
1.247292997241489942e+01
1.203975554356662414e+01
1.237349940803979642e+01
1.222895199105020403e+01
1.214701294899986017e+01
1.245756677781475119e+01
1.244652034524926698e+01
1.642926625906723714e+01
2.558456788290363875e+02
3.795915382481822462e+02
2.708476494925041607e+02
2.178759272702914132e+02
2.336048928698112377e+02
3.239998619453816673e+02
2.102006050105862869e+02
2.707674527685800854e+02
2.990793613552005468e+02
2.560116937245695112e+02
2.691392205118066840e+02
3.951685360921605934e+02
2.964775346634854714e+02
4.126443309546140199e+02
5.072173717674235149e+02
4.994402979475386815e+02
4.462135310181808450e+02
3.640602856437947139e+02
4.543083968871754337e+02
3.935857385027519513e+02
4.438385469204972651e+02
4.468859712072720640e+02
3.398920821834384469e+02
4.111491666087259773e+02
2.547311713400944768e+02
3.227669741019710727e+02
3.063775453448151893e+02
3.477369130020954913e+02
3.421748883426001839e+02
3.906988766440790641e+02
2.949766735409156126e+02
2.746439105865330248e+02
3.956875927772173327e+02
3.778451615383499416e+02
4.507962499948603181e+02
3.663445816034166000e+02
4.818262122167553798e+02
5.550416623651293548e+02
5.250838183269031560e+02
4.618635719720770112e+02
5.508110546445635691e+02
4.433535671705884056e+02
5.372014897682931860e+02
5.194127909469499400e+02
2.605678786445597552e+02
5.964926384691236763e+02
4.646598002520066188e+02
3.949152633938256827e+02
6.354678655545966421e+02
5.673206676587110451e+02
2.764203106363302140e+02
9.805594012678735680e+02
9.567720286819585453e+02
1.519696833954451449e+03
4.638049185334467666e+02
9.446121716197505975e+02
8.281330228818226260e+02
4.255135932658894262e+02
5.400549924032552553e+02
1.367918358102513139e+03
6.610310023900567558e+02
6.527369941532805342e+02
9.214988328140641443e+02
6.901816325004153896e+02
5.766621802549121867e+02
6.231179446735684451e+02
7.640781765921279884e+02
6.550194535516836822e+02
5.565733810435046962e+02
1.194468948156651322e+03
7.025478749907472320e+02
6.822160358322228149e+02
7.618765531136768914e+02
7.824864286682611692e+02
8.172713006357578251e+02
7.023332660310711617e+02
6.452179770250470483e+02
8.313370437331359426e+02
6.893056246519691967e+02
6.930651983915863639e+02
6.299415876956228431e+02
6.052892611327879422e+02
3.901725294219534135e+02
8.440666123440869342e+02
1.092013733682917518e+03
4.244874162260080084e+02
7.887565695565450596e+02
7.889115595093396678e+02
9.500256696489907426e+02
7.816049779385592728e+02
9.674650575914962474e+02
9.530223901126749979e+02
8.141630827540229802e+02
7.521554676864944895e+02
7.969380183969893778e+02
2.091905935811020299e+03
7.204433034831411078e+02
9.283771597476006718e+02
8.340827595791861313e+02
8.620833742733914278e+02
8.395255641553212627e+02
6.924965541622239016e+02
1.344851886435304323e+03
2.212437845793524048e+03
1.238976743276273737e+03
1.476985329393459779e+03
9.305898912007575063e+02
1.429468253206701320e+03
1.132490109157235565e+03
1.151523313895839237e+03
1.369282304032476532e+03
1.220558145763222910e+03
1.212123806615460126e+03
1.095929910829559731e+03
1.449836848145252816e+03
1.150734847582123621e+03
1.952128946939236585e+03
1.153959083583125448e+03
1.589917498941370013e+03
1.471001196557208686e+03
1.680752127721465968e+03
1.449574643977211053e+03
1.906835056624533536e+03
1.745592300163597656e+03
8.266066836243932130e+02
1.367307787748000464e+03
1.437050595842317762e+03
2.349559171538171995e+03
1.445827865051830941e+03
1.257454487009203831e+03
1.636717857507572035e+03
9.793005657298144797e+02
1.663860909111920137e+03
1.941989022554117128e+03
1.661240162586411316e+03
1.570971552922409501e+03
1.271887350765251085e+03
1.639402867965870200e+03
1.138149090950315895e+03
1.410832752727017123e+03
1.997516627839392413e+03
1.540104543063303254e+03
1.800899923081532052e+03
8.427658580826876005e+02
1.208504683723150720e+03
1.849035863105493263e+03
1.887844744722338191e+03
1.912755582161614711e+03
1.682083978264270172e+03
2.210103926808158576e+03
3.038215813779062046e+03
1.610378088911181067e+03
2.858690738962384785e+03
2.875347429193649987e+03
2.455533215621799172e+03
1.891115215167454608e+03
1.261773078493002004e+03
1.947196417045501903e+03
2.244997925206128002e+03
2.123469355772852396e+03
1.898996039761702150e+03
1.715207626415352252e+03
1.917458841217393683e+03
1.773744042429849969e+03
1.282333361843735702e+03
1.602841772728485694e+03
2.348186450444675302e+03
1.855193987115219443e+03
1.863111466707110594e+03
2.069670873051925355e+03
2.696331389900666636e+03
1.923448052086544976e+03
1.026335894689216957e+03
1.383422434424234098e+03
1.129325799408869443e+03
1.709104966214911428e+03
1.477103418713754081e+03
2.474697604577419042e+03
2.510601111561026300e+03
3.003777285071196275e+03
3.020974877017839844e+03
3.030884315648638676e+03
3.038757218472027034e+03
3.327975122194541655e+03
3.378640471574042749e+03
3.112355118335982297e+03
3.639850178239890283e+03
3.422881339957373712e+03
3.678005636956504986e+03
2.305679265921530714e+03
2.848230926757370071e+03
2.983952488192753208e+03
2.458555141567535429e+03
3.208618758671465912e+03
2.838309113388333571e+03
2.682336669162719772e+03
2.332473143120158966e+03
2.989688386099853233e+03
3.240006061871553356e+03
3.493893297663909379e+03
3.371614363551132556e+03
3.447579437147371209e+03
3.106811300606776058e+03
3.040862532304263823e+03
3.637902557283709939e+03
3.486559647464781392e+03
3.191358620128538860e+03
3.696757640188089226e+03
2.905151573892369015e+03
3.076951512892173014e+03
3.484513969515687677e+03
3.217241664462773315e+03
3.733077147362387677e+03
3.339439944572422064e+03
2.811640333815994836e+03
3.606740960690895918e+03
2.758808862647242677e+03
3.137979911981515215e+03
3.612673108413428963e+03
3.592210958045461211e+03
3.744182735589863114e+03
3.707368081712482763e+03
3.564367075180473876e+03
3.211908827835362899e+03
3.513274666969573445e+03
2.576359012667458046e+03
3.966385049052083787e+02
3.728247560739565870e+03
1.525941071144639409e+03
1.303124824228581247e+03
3.512670196117177056e+03
3.129241988368124112e+03
2.369719250792825278e+03
2.791077683065900601e+03
1.796467538257500564e+03
2.588522886629240929e+03
1.871463698860898603e+03
3.987307484838207984e+03
3.809036418746476556e+03
3.752452757725956417e+03
3.320543568357455115e+03
3.713503705427886416e+03
3.789656384742600494e+03
3.914326650258147765e+03
4.033230760634654871e+03
4.069586083100936776e+03
3.880820303777565186e+03
3.694414814817953356e+03
3.483868437177060514e+03
3.569318775106879002e+03
4.183831635435585667e+03
3.634959396760984419e+03
3.241877767338192825e+03
3.430107971137663299e+03
4.001251829198720770e+03
4.145127812320211888e+03
4.234686580313312334e+03
4.082917562217045088e+03
3.973619538129515604e+03
4.045629189996506284e+03
4.213395742076046190e+03
4.099234557309629963e+03
4.050457898479443884e+03
4.193687902955384743e+03
3.743104610073077311e+03
4.015330976679467767e+03
3.958691549899014262e+03
4.032684556414099461e+03
3.637601697676568619e+03
4.151034249945352713e+03
4.148663400699617341e+03
3.873290440455743465e+03
3.661931515843953093e+03
3.791059153970699299e+03
3.683753125554501366e+03
4.022084495622483701e+03
4.041851323525906082e+03
4.052899436568162400e+03
4.212510529216246141e+03
3.675169043066166978e+03
3.566424912171148662e+03
4.128414881246959339e+03
3.275249360440079727e+03
3.283473855951418955e+03
3.540425876279236491e+03
3.775762109421601963e+03
4.198920601043350871e+03
3.589435892027379396e+03
3.999285882331598259e+03
4.113200912433934718e+03
3.497382226507510495e+03
3.221227213904006021e+03
4.188840479695244539e+03
3.953455161981115907e+03
3.810028085970013308e+03
4.119299531890752405e+03
3.896794922767147909e+03
3.799948072236825283e+03
3.709846019513518513e+03
3.759372899851106013e+03
4.108866031951785772e+03
2.805831167408272449e+03
3.477830326900838372e+03
4.239321738976836969e+03
3.238226046190736270e+03
3.626559319231574591e+03
3.838665686093351724e+03
3.595339260744481180e+03
4.249375920651544220e+03
4.018701318933849052e+03
3.661261493593957312e+03
3.462728497678012445e+03
1.227924902177311196e+03
3.407690411140501965e+03
2.956067474513056823e+03
4.056535270308081635e+03
3.836655606979360982e+03
3.372511974372835539e+03
1.710781113750607346e+03
2.639651250880285261e+03
3.007566912227159264e+03
1.506022301763057385e+03
3.920067571742263681e+03
4.208120704894487972e+03
4.286000512728493959e+03
3.703888566519444339e+03
4.001802085226406234e+03
4.387701818308216389e+03
4.078796881117024896e+03
4.340639361232582814e+03
4.275243675896773311e+03
4.089495690848541017e+03
4.248174712253861799e+03
4.311675962289873496e+03
3.082403626793665353e+03
4.113291709961630659e+03
4.385328550638809247e+03
3.974603484845562434e+03
4.399611594922978838e+03
4.086466624395683993e+03
4.360716050313684718e+03
3.748215033669133845e+03
4.157279650010781552e+03
4.398806792779841999e+03
3.664011646543310690e+03
4.110552860468085782e+03
4.398508760095163780e+03
4.230043711612726838e+03
4.253370243027031393e+03
4.464967772643265562e+03
4.222242383131212591e+03
3.783685044886289688e+03
4.374799321314001645e+03
4.359352238471208693e+03
4.392946792062068198e+03
4.359292488789992603e+03
4.538497043559101257e+03
4.348913553947416403e+03
4.192233174716223402e+03
4.025574777552492833e+03
4.604656468974409108e+03
4.484193641498257421e+03
4.525973466233124782e+03
4.592117452135193162e+03
4.539671173819684554e+03
4.563227587204630254e+03
4.591831238337964351e+03
4.455200152100391279e+03
4.673615368575102366e+03
3.602956591743016816e+03
3.187182645087744277e+03
3.706211158111235818e+03
4.565099771705625244e+03
4.292810041163202186e+03
4.798014254562771384e+03
4.780375576678196012e+03
4.514937292483873534e+03
4.658640869066943196e+03
4.647785391692943449e+03
4.701966904818304101e+03
4.328045028330177956e+03
4.723134827729789322e+03
4.819366597474535411e+03
4.715325149338242227e+03
4.532640071262415404e+03
4.757252986516755300e+03
4.732005253981084024e+03
4.517719376814118732e+03
3.947320828565907959e+03
4.697609931335180590e+03
4.677978393372303799e+03
4.394650729200539899e+03
4.660257942800601086e+03
4.776193179806961780e+03
4.689449841484186436e+03
4.843837871639886544e+03
4.803678966143351317e+03
4.704154991536158377e+03
4.495418767303080131e+03
4.427306824104888619e+03
4.798554018552915295e+03
4.877842094401600662e+03
4.494016975201751848e+03
4.714332156915405903e+03
4.918357996735024244e+03
4.029194946215278378e+03
4.797531978970227101e+03
4.874725991693892865e+03
4.053673704923829973e+03
4.383222695012779695e+03
4.921293584513181486e+03
4.000542026924878883e+03
4.853037829656086615e+03
4.886719189383131379e+03
4.546554965918671769e+03
3.908565934380689669e+03
4.618478789157111351e+03
4.860729474365769420e+03
3.727687467531705806e+03
4.880013724267826547e+03
4.806063989906500865e+03
5.022239534670418834e+03
4.700137050444705892e+03
4.346629303188949962e+03
4.850114488848530527e+03
4.813410674672612004e+03
4.423165269521288792e+03
3.512834593708064403e+03
4.890533138608612717e+03
4.322532950854756564e+03
3.973806548250611286e+03
3.303571607611931540e+03
4.393164140395216236e+03
4.556503476338904875e+03
4.591704428189151258e+03
4.513438600282942389e+03
4.308844602314093208e+03
4.584694613449788449e+03
4.939812521443945116e+03
2.875849673508679189e+03
4.250751003077888527e+03
5.099145872504676845e+03
4.680771858031955162e+03
4.687641428705993349e+03
3.737786683755056401e+03
2.957515788255340112e+02
3.675159455109920145e+03
3.406520571855447542e+03
3.211015427068313329e+03
3.134021752268600721e+03
4.241537926441194941e+03
3.347484988801150848e+03
4.053197937858968999e+03
3.984997795384339952e+03
3.163824848619823570e+03
5.014588865047083345e+03
4.506944370039354908e+03
3.929258090256918422e+03
4.480299235834587307e+03
5.074855754555410385e+03
4.721412654474572264e+03
4.746955495297265770e+03
4.149689652662485969e+03
4.354038572236331675e+03
4.220649278706684527e+03
3.317188592047770271e+03
2.759403025837980749e+03
3.521909658384523027e+03
3.414179112968687605e+03
4.236685200993327271e+03
3.058562444232348298e+03
3.295862024081739037e+03
2.190784959312024057e+03
3.008781063552222349e+03
4.084099214845336974e+03
3.814250423823640631e+03
4.479554929624986471e+03
2.822884006875142404e+03
4.563696751387465156e+03
3.940604000555312268e+03
3.280125751170039621e+03
4.613703461465665896e+03
4.911842249193184216e+03
3.621157699794383461e+03
4.228975130285207342e+03
3.710949259030180201e+03
4.908327135830568295e+03
3.663906847568236117e+03
3.873200893875285146e+03
3.554231035117706142e+03
3.298684730262320045e+03
2.662880586658582160e+03
4.256286302788085777e+03
2.604404757739219804e+03
2.533166121218122044e+03
4.126357448630305953e+03
3.618713986169677810e+03
3.418943619501408193e+03
3.892825504649504182e+03
4.264594487443345315e+03
4.836677787300881391e+03
3.845866042409784882e+02
3.276759576939757153e+03
3.415664858668170837e+03
4.521128442202391852e+03
3.162154108238358276e+03
3.175809092171112752e+03
3.788571686627785766e+03
4.881803267817957931e+03
4.963413105279088995e+03
4.937280021133789887e+03
3.246256765977770101e+03
2.250509999806925407e+03
2.215370978535353061e+03
2.814895626145766983e+03
3.448008150982054758e+03
5.016914430520851056e+03
3.678861953050106422e+03
4.402913723526110516e+03
3.819341555275399969e+03
4.594079348874925017e+03
4.314123448698134780e+03
5.136165215099099441e+03
4.197153982010816435e+03
4.011613015365301635e+03
5.032350980975865241e+03
3.680318018419814507e+03
5.167188421679207750e+03
4.239618688435044533e+03
4.151241386442552539e+03
2.988490506043671303e+03
5.168758486508946589e+03
3.873182092278605523e+03
3.862143881987425175e+03
3.222129199583038371e+03
5.134877128755973899e+03
4.772728541826048058e+03
4.726880884324703402e+03
5.168953307824864169e+03
5.170343938195868759e+03
5.102454798415257756e+03
3.092425130722914673e+03
5.217570581016702818e+03
3.985493589939700996e+03
3.164864044273074342e+03
4.795867214420316486e+03
4.222878723315804564e+03
3.916584117606573272e+03
2.701337338516570526e+03
5.263093580825547178e+03
1.784904243877196222e+03
4.496785288105576001e+03
2.525503971322485540e+03
3.523059424646283787e+03
4.080106246702484441e+03
4.739135623402255078e+03
5.219228616903184957e+03
4.901441005493723424e+03
3.801435071183395394e+03
3.573342536904179724e+03
4.045742199895388239e+03
2.659815139203440594e+03
4.761701411251118770e+03
4.054193628147425443e+03
5.047648820071701266e+03
4.908920188413713731e+03
4.851959474566928293e+03
4.541908731823783455e+03
4.674816721960968607e+03
3.922770852863182427e+03
3.378520931788871621e+03
3.180752867764449093e+03
3.336508046070813634e+03
2.297420756113407151e+03
4.424149139371039382e+03
4.741852391584373436e+03
3.907402906887688914e+03
3.591413549456766305e+03
5.409760958119173665e+03
4.957434428997061332e+03
3.838508797741017588e+03
5.165493323234368290e+03
4.500359997870198640e+03
4.720467413011174358e+03
3.495634722508901177e+03
4.174286940400615094e+03
4.417435225301803257e+03
4.123010661541836271e+03
5.039468769989461180e+03
4.574249885490028646e+03
5.103797849607100943e+03
3.987027878760227850e+03
4.213480108195451976e+03
2.467590507320703637e+03
4.798806151343391321e+03
3.944121960977697199e+03
4.423071772142506234e+03
2.687547343779838229e+03
3.647014451187894338e+03
2.405596553081544698e+03
5.008208095714575393e+03
3.155918755835427419e+03
4.683811513889001617e+03
4.568999186466264291e+03
3.128328527250205298e+03
4.938493872882346295e+03
4.252983632312864756e+03
4.440537541232998592e+03
5.376547105504923820e+03
2.707796696451464868e+03
5.262797554378666064e+03
4.774592228152769167e+03
5.176531123227221542e+03
5.360089524776137296e+03
2.752993056382337272e+03
4.317041919698023776e+03
4.550862210716443769e+03
5.468194496269462434e+03
5.243439338919093643e+03
4.899663231753458604e+03
5.599700278951329892e+03
4.617386769300128435e+03
4.129756548386958457e+03
4.602863296597207409e+03
5.383003325942258925e+03
5.201952864436839263e+03
3.678064167083056418e+03
4.228695733390924033e+03
4.609283064537653445e+03
2.642058826316043451e+03
4.761844266966474606e+03
4.264346608551893951e+03
5.550734398366857931e+03
4.575488972328997988e+03
4.329493883113063021e+03
5.125091123460046219e+03
4.797933607178214515e+03
4.471610373409876047e+03
5.264988099682449501e+03
5.155123947028596376e+03
4.152981211399536733e+03
4.602167282692650588e+03
4.799690310044584294e+03
4.636513351567316931e+03
3.867461083267592130e+03
3.932714171658285977e+03
3.342026443510177160e+03
4.425798193998321040e+03
5.067447628271040230e+03
4.184865142427092906e+03
4.098981748686992432e+03
4.196255783369409983e+03
5.606169356486966535e+03
2.552944557468882067e+03
5.625724241889470250e+03
4.476219472007573131e+03
4.500647065160769671e+03
5.580496832831671782e+03
3.960243695459478658e+03
3.842685123562210265e+03
3.776524699827127279e+03
1.822092073123952559e+03
5.234396923060638983e+03
5.349001561342995956e+03
3.078595282689842861e+03
3.919198767865260834e+03
4.441754289484865694e+03
3.860166921502198420e+03
5.065094512991372540e+03
5.551576429193638432e+03
5.746535613781237771e+03
2.828484319274753489e+03
5.371709325004469974e+03
5.648676691183645744e+03
5.493751219927353304e+03
5.421269934360900152e+03
5.582302060101546886e+03
5.506688608563170419e+03
5.559501160264065220e+03
4.867265135314688450e+03
5.684869330731893569e+03
5.264241939663104858e+03
4.182320325441878595e+03
4.920116594019632430e+03
5.625695918094674198e+03
5.687059180679938436e+03
5.778581012730751354e+03
5.650606696974855367e+03
4.997055889347434459e+03
3.643788859197108195e+03
5.737653455940156164e+03
5.577969401825504974e+03
5.687649931417030530e+03
5.583596837769559897e+03
2.755932347499467596e+03
4.016743437759089829e+03
5.289653973895407034e+03
3.609412719418178312e+03
5.453381120500429461e+03
5.232222294690445779e+03
5.398493562413260406e+03
5.001319903343785882e+03
5.725052860872842757e+03
3.759312199458608120e+03
4.641365091105474676e+03
5.713103294123980959e+03
5.568012339362025159e+03
5.461275925270512744e+03
5.870298642734447640e+03
2.702525259102185828e+03
2.717015679200923842e+03
4.847610609409196513e+03
4.196636751873336834e+03
5.426735194180874714e+03
5.346030419799609263e+03
5.725485871726270489e+03
4.259751415396860466e+03
5.386142275955868172e+03
5.061130291549020512e+03
5.852307371362790946e+03
5.029336894756672336e+03
4.386686358534024293e+03
5.621014120234602160e+03
4.486424497349852572e+03
4.954304374790578549e+03
5.228636090692625658e+03
4.007233741150839251e+03
5.270552547191630765e+03
3.488491875442116907e+03
5.372650916120327565e+03
5.835010355375355175e+03
2.309786134489592769e+03
5.285266420014977484e+03
3.989111589090446159e+03
5.213594148462360863e+03
5.298721203628226249e+03
9.703613106383872946e+02
4.395034883131224888e+03
4.643535188022045986e+03
4.575893792262080751e+03
5.853987290347742601e+03
5.020901221142235954e+03
5.767689811385107532e+03
5.875533461117991465e+03
3.700286076531285744e+03
5.567702120429332354e+03
4.160166659958154924e+03
1.168141043004629410e+03
5.709255744807333940e+03
5.219733795249698233e+03
5.884986406063618233e+03
4.398727829865557396e+03
4.571217678024717316e+03
4.572654183310192820e+03
2.721378637382396846e+03
5.746088263123657271e+03
5.118823343351234143e+03
4.468692282376812727e+03
5.459159603036458975e+03
5.772602430380853548e+03
4.116623442502646867e+03
5.383546360025507965e+03
4.227959501022060067e+03
4.076247153868069290e+03
5.883285923376307437e+03
5.582489998188008030e+03
5.412232311635149017e+03
5.127892134053558038e+03
5.914535497859827046e+03
5.822540837720365744e+03
4.992812573496441473e+03
5.916439845638896259e+03
4.847645229235442457e+03
3.490026697452138706e+03
3.988835605977016712e+03
4.473791716145372447e+03
5.303887679294791269e+03
5.818686316862249441e+03
4.176569966354182725e+03
5.638616321942145078e+03
5.428393759030497677e+03
5.759339056625269222e+03
5.919680440335649109e+03
5.638920558168991192e+03
4.127144224396581194e+03
5.894667869738342233e+03
5.979481934376683967e+03
5.833655873422481818e+03
5.636666126986693598e+03
5.200641517844392183e+03
5.795617323400811074e+03
5.258095867564509717e+03
5.836779578213753666e+03
5.389796130177200212e+03
3.636019071504261319e+03
5.854206254243736112e+03
5.949297724939414366e+03
5.903827197352811709e+03
4.428088825066707614e+03
4.353365299399830292e+03
5.314632711425983871e+03
4.909044597074756894e+03
5.851080506296638305e+03
5.042443887343250026e+03
5.085859804461848398e+03
5.898868448810982954e+03
5.011758996233939797e+03
5.276566712716644361e+03
5.956870529388645082e+03
5.940646255533855765e+03
1.199386819407992107e+03
5.938902307650278090e+03
5.952925164983596915e+03
5.988673412072210340e+03
5.503499263804771545e+03
5.493402200495394027e+03
5.444652101721788313e+03
5.902612187373110828e+03
3.821227697602788794e+03
5.557877989746566527e+03
5.619129781401667969e+03
5.953900552313230946e+03
5.960069619039846657e+03
6.054897803633638432e+03
5.593461396275117295e+03
5.967018850756442589e+03
5.906105579901294732e+03
4.238976024821544343e+03
5.941089445375311698e+03
4.952545391613475658e+03
5.948148190461382910e+03
5.539767574001120011e+03
5.957446882149061821e+03
5.862646486086916411e+03
5.526390468594554477e+03
4.883683857356941189e+03
5.955896861302549951e+03
4.869335330137213532e+03
6.087796372557574614e+03
5.816244521017246370e+03
6.057919358936351273e+03
5.937073685976420165e+03
5.619390558832766146e+03
6.116839959633862236e+03
5.169521359411921367e+03
5.760878102899020632e+03
4.061850671329923443e+03
5.399034762072054036e+03
5.261596159879278275e+03
5.593455845150840105e+03
2.879724534156513073e+03
3.216641480580671669e+03
5.691345534806037904e+03
3.648827671727378856e+03
2.338597722608706135e+03
4.153441938376045982e+03
3.512652123912724164e+03
4.948400051602118765e+03
4.371975510375546037e+03
4.115655617729486039e+03
5.759381954225836125e+03
6.037516361794457225e+03
5.991528033045412485e+03
6.049283885106445268e+03
5.979591927581042000e+03
6.097288088720360975e+03
6.037546219465491049e+03
6.020438126635815024e+03
5.674051370066126765e+03
5.990730416534354845e+03
6.061789589894655364e+03
5.777827383027559335e+03
5.623253419716685130e+03
6.044976010398413564e+03
6.162057369789648874e+03
4.037884933103199728e+03
5.980268150674093704e+03
6.053952814687920181e+03
6.041079049600837607e+03
5.929288198771790121e+03
5.941456834119397172e+03
5.987178024856582851e+03
5.976370028108010956e+03
5.986279539901846874e+03
1.939885227888856662e+03
5.632874386848206996e+03
3.459632451682086867e+03
6.115493195304686196e+03
5.790858925766418906e+03
6.015382360304949543e+03
6.117336580544959361e+03
6.101081054068396952e+03
6.184020318946117186e+03
5.863820169093358345e+03
5.975709345083559128e+03
6.119331123809685778e+03
4.295477351657058534e+03
6.014484935437261811e+03
5.862109579837407182e+03
2.618918026308249864e+03
4.477797539321378281e+03
5.228893223077129733e+03
2.729390735123411105e+03
5.970627681444143491e+03
6.221150829496617007e+03
3.929158946751020267e+03
5.726704044487892133e+03
6.102167650938545194e+03
6.083573964897031146e+03
4.512290025556427281e+03
5.881533299182668088e+03
6.099501412670844729e+03
5.000292454249753973e+03
5.363089123772408129e+03
6.197170350049282206e+03
5.222460896700838930e+03
6.246798949978758174e+03
6.160479545999585753e+03
4.072108435513712266e+03
5.445338804954176339e+03
5.599138207030649937e+03
6.096575569522909063e+03
6.141928087921566657e+03
5.511131779357129744e+03
5.894252941891313640e+03
5.889568128496151985e+03
6.037488402480223158e+03
6.085567868799998905e+03
6.209393040654467768e+03
5.609827155145717370e+03
6.067577003198717648e+03
5.143470687500865097e+03
5.371712792036430983e+03
6.151587358908659553e+03
5.739041736959044101e+03
6.145428379127101834e+03
5.970627609101336930e+03
6.115573622311531835e+03
6.266441797880966078e+03
6.058096243693549695e+03
6.153466454630713997e+03
4.842362536381998325e+03
6.221134726212915666e+03
6.025562465328394865e+03
6.078737423246899198e+03
6.073674784908237598e+03
5.985122221206309405e+03
6.258206414019891781e+03
6.160015809931621334e+03
6.342593874642091578e+03
6.289595283456108518e+03
6.298325426804540257e+03
6.253145197332459247e+03
6.170674959493427195e+03
6.011098427218228608e+03
6.060453624417403262e+03
6.242180377385496286e+03
5.881534959312799401e+03
4.603728888562866814e+03
5.860689270631313775e+03
6.153517860503551674e+03
6.086091387115728139e+03
6.151812631969091854e+03
5.419448145841335645e+03
6.212610413948948917e+03
6.291333654208880034e+03
4.400387490547219386e+03
6.253033762695036785e+03
6.114314442183208484e+03
6.230795428180009367e+03
6.214102301191130209e+03
6.226790031098194959e+03
6.278404582642638161e+03
6.287470649460510685e+03
4.842593947986660169e+03
3.035610434002561760e+03
6.179947183743191090e+03
6.272140873445645411e+03
6.262927115144902928e+03
6.145220584165961554e+03
6.236484726063748894e+03
5.535239429243230916e+03
5.996225113046751176e+03
6.068664233675876858e+03
5.396800778363287463e+03
5.939289813255600166e+03
6.167945359870344873e+03
5.630701857142898007e+03
6.219232089992789042e+03
6.089629777817127433e+03
