-1.536441682469041552e+03
-1.335644474251164411e+03
-9.608467183572445265e+02
-7.353068328429134226e+02
-2.634549112302938738e+02
-1.665907730535720646e+02
-1.727110959450956784e+02
-1.439149322549758949e+02
-1.556402765987132568e+02
-1.422933306187479161e+02
-1.768742519395224804e+02
-2.198629262615441746e+02
-1.625044426915216036e+02
-1.512138951999106951e+02
-1.873877912557730667e+02
-1.349906578479430834e+02
-1.492042073183081641e+02
-1.148758315948283126e+02
-1.354864580143606076e+02
-1.496820687359006570e+02
-1.638308661047892940e+02
-1.803788286780591079e+02
-1.431647231988289661e+02
-1.682646870162584207e+02
