-3.121996964898675619e-01
1.307884844922095802e+01
7.338225096843267181e-01
5.144217275930393907e-01
-4.957341286364115973e+00
3.825671154596272050e+00
7.089563287468214625e+00
-2.008523242441639933e+00
-7.355518605197135518e-01
6.124970691066746298e+00
-7.983197421213847900e-01
1.564033458453171210e+00
9.889787262465192796e+00
2.155379125719110167e+00
2.366971433958803051e+00
-1.360865713825885281e+00
-5.210517086111990714e+00
2.930941015813695483e+00
1.666047220795603323e+01
-7.312067314057228984e+00
4.834175224829276196e+00
5.075792447020011089e+00
-3.722429676901599649e+00
8.634184711882685548e+00
3.149064038498571971e+00
1.642670693641419710e+00
5.397107556645458715e+00
-3.229060409502646500e+00
-3.239686002328876935e+00
-1.272858181068854400e+00
-3.475210619136538170e+00
-3.173995556652736028e+00
-6.399079531847603697e+00
-2.623523404455829766e-01
-1.990378955471250322e+00
-5.051596694726587344e+00
7.417627699006900777e+00
-5.025135055330631317e+00
-1.636831292260526149e+00
-2.635454329871682599e+00
2.203466836290541409e+00
-3.959603257511872698e+00
-1.464892208603851831e-01
-5.417893969805216869e+00
7.518556530049513853e+00
-7.658181168149366114e-01
6.258831437779592832e+00
3.649207588181477835e+00
3.795798955469626090e+00
-1.079281068662522047e-01
-1.129889306586040698e+00
-7.338339027856025099e-02
6.546210555895943806e-01
1.623543826101284004e+00
1.360173236325000801e+01
2.833889335422433486e+00
-4.042064581798379130e+00
2.552336916268965084e+00
2.065789604437476168e+00
5.429079141758397675e+00
-1.091370847246402542e+00
3.640643765348922312e+00
5.883416584761035573e+00
4.941337581871394491e+00
2.285421279990428545e+00
4.282614202198617548e+00
2.621258084620881057e+00
-7.415855129207078456e+00
-7.344690581105148830e-01
-7.082452441140207888e+00
-6.158131816316691598e+00
8.858184034558205244e-01
-3.023706093567767983e+00
-2.508094091488552113e+00
1.219372820595324214e+01
6.860253089728096665e-02
-4.028276836871164335e+00
-5.059691827560543587e+00
-1.139458723905138138e+00
-2.113461681508357337e+00
1.413947081708312759e+01
-6.955923926016325254e+00
-3.517149169999512104e+00
2.526590381685041464e+01
-1.076611991337957708e+00
4.739855956895986822e+00
-6.631605591510187914e+00
-5.155876855932490788e-01
-3.971778738859827129e+00
-3.689514981330552335e+00
-4.821441736924382937e+00
2.936794551763183936e+00
1.131564096450334667e+01
4.696186689974990003e+00
-1.815574386540319551e+00
9.490190058977752585e+00
-5.764059759811897443e+00
-1.482666493226740156e+00
2.609260103674075015e+00
-1.427094405087703244e-01
-4.612736775820684976e-01
-6.168388118263825604e+00
-8.681694917996569671e+00
-4.493658902812416756e+00
-1.296051009420517097e+00
2.485757739542306055e+00
-3.120658883563041996e+00
7.569251497805286277e+00
2.197084361770301753e-01
-4.228174834307406371e+00
1.787613860031778135e-01
-4.231588724005119317e+00
-3.371303568239970794e+00
2.265504368476968455e+00
4.668293412682348986e+00
-4.819570677717984530e+00
3.864301896853823859e+00
-4.155732619590936316e+00
3.856055173851862694e+00
-8.009018892460003869e+00
-7.799449006437219722e+00
-4.793037617492372782e-01
7.120123933855588838e-01
2.058844270084687622e+00
-7.808308124390235250e-01
4.357593269198805075e+00
2.726332212296066704e+00
2.647355256453357786e+00
-6.488002877005462077e-01
3.482342172091311916e+00
2.973029885221005197e-01
2.346711589686558685e+00
-1.431983749728629629e+00
-8.443852300536008215e+00
8.968154132826498426e+00
4.253322581466231433e+00
-3.144200098104298569e+00
5.726381975945559866e+00
6.510950075895051370e+00
-1.697816241937484927e+00
-1.156390091715737922e+00
2.594001297993274946e+00
-4.943961969202081974e+00
6.734838689453829907e+00
-5.950214362596650819e-01
7.533875538218899603e-02
1.409644501820866536e+00
3.199863489304924702e+00
2.224774672259145714e+00
8.026488516167573195e+00
-7.358028985563016988e+00
1.441026923882756527e+01
4.784956028592310062e+00
-3.845687869542510073e-01
-2.303477287648394434e+00
2.688433655056936100e+00
5.794670118470361952e-01
-2.670438723960922633e+00
3.227363392359409167e-01
1.252650179475884640e+00
4.639334062055695540e+00
7.820931720823000255e+00
1.476003834853810481e+00
2.222594981973600614e+00
-7.073588872038660824e-02
-1.189515157829553083e+00
8.633809488612444127e+00
1.980799699181083229e+00
8.088285928224341337e-01
3.842143528016565668e+00
4.628614658909847357e+00
-3.402650394532542588e+00
-5.685592398032696337e+00
5.380295130543490956e-01
-2.053970645235378534e+00
-8.118501633658695704e-01
1.589341621669758098e+01
3.106196074692949338e+00
-2.641225797290792876e+00
7.198588669932684425e+00
6.670689954990702830e-01
1.250815478598432673e-01
-1.824367270193410828e+00
1.432500816091403006e+00
-6.281592989686020090e-01
3.448946041783905514e+00
6.723135411286230045e+00
1.021150734706559149e+00
2.324004657631352444e+00
6.914589307290463616e+00
-4.591522223123762458e+00
3.094344657301883128e+00
-1.626064216336819968e-01
5.745660659067815423e+00
5.430476192861008577e+00
-2.400848875997658283e+00
-5.130528537096940234e+00
1.618588680842106164e+00
6.964776154401477015e+00
4.265503993332929511e+00
-4.291688789206325794e+00
-3.322235766586192796e+00
2.465630793212752359e+00
4.184519042203627137e+00
5.131028107973758523e+00
5.818544549648183128e+00
-2.324091403420279089e+00
2.119461725502719274e-01
7.416841633253435928e-01
1.270823869573829867e+01
-2.040330362753498328e+00
-5.466936528549573016e-01
1.407925666072045834e+00
-3.206943154998498802e+00
-6.613694566640859751e-01
-9.485702312569698202e-01
-2.152798849094610389e+00
-4.627198852602009138e-01
3.747343520938239525e+00
8.216433470187231025e-01
5.190976822856200101e+00
-3.315190347718361519e+00
5.568048401996337660e+00
1.016284064730042580e+01
-4.505025477509395082e-01
-1.941314240228913635e+00
-1.086481668866622785e+00
1.663426023257716579e+01
-4.254532345779801772e-02
4.809792257701484886e+00
1.887142455008208319e+00
7.453995399669823829e-01
-7.387798472350223911e+00
2.270408073274968075e+01
-3.816213074053422361e+00
-3.458418190018428096e+00
2.124359287915715377e+00
1.879290822206890610e+01
3.690069139854869729e+00
4.038767643264033147e+00
2.475124868588601590e+00
2.054914308596141659e+00
-2.793033925177494492e+00
3.028274731419099641e+00
-3.539043681610230863e+00
-3.058410363238480478e+00
2.126820973224428979e+00
1.773755734451753829e+00
2.214515949564122010e+01
6.596403946934901619e+00
-1.463781166087692487e+00
-1.527564047313355378e+00
-3.941268316825594642e+00
-2.157696030637329621e+00
-3.752842949729958910e+00
-1.708103464871799204e+00
-6.224838763129670660e+00
1.005175986883541039e+00
5.920030747431717977e+00
-9.364797418902613968e-01
-7.735032222968239779e+00
3.394500475164591968e+00
1.216807097557805362e+00
-9.048175709104887554e-01
-7.497238175662726434e+00
1.772655896113438878e+00
5.100763482165997509e+00
-2.790736396319398072e+00
-1.112614806352018171e+01
-4.069817876292695757e+00
8.654823909723422304e+00
1.410537762432162445e+01
1.320620796753216641e+00
5.447006041403390064e+00
8.515966296036594496e-01
-1.524545632876821211e+00
-3.214714999088735259e-01
-2.376801573801595957e+00
5.374963919819498059e+00
-8.320599789591953677e-01
7.208785858252730883e-02
-9.406875300602561829e-01
1.172649210850857493e+01
5.504909322646803993e+00
9.090574965001913199e+00
2.194839539903539194e+00
-4.191895377714996429e-01
6.137449454415096817e+00
-1.749090370969803798e+00
1.079753964848015890e+01
5.369477895525596178e-01
-4.780597020323503976e+00
-2.749977699353693961e+00
-3.964263486629777677e+00
2.882552795707383098e+00
-4.942108388743910119e+00
-1.002209056821732425e+01
-6.643976449936182860e+00
-4.529028479097268800e+00
3.493371885074110672e+00
6.842207733105889034e+00
-3.170445372879311385e+00
2.735484908700445139e+00
1.748162833139916383e+00
4.592241590437356469e-01
-3.438998041420556984e+00
2.194922828652778080e+01
-2.617446975729186831e-01
2.021985284606286903e-01
1.274073846805169108e+00
-8.439679181747679060e-01
-2.725942610710804459e+00
6.021901215840360422e+00
-4.388952792879154075e+00
2.343113874645025962e+00
-2.144150751962377921e+00
2.603623662451036047e+00
-1.302262502632638208e+00
3.207237197197813749e+00
-3.365607730083575611e+00
8.184469606708690392e+00
3.729130605062045856e+00
3.648202499059005177e+00
9.886852229064702513e+00
-1.958889067293521302e+00
1.145722865903053211e+01
2.218992940359849175e+00
4.568942730059124990e+00
8.619416126047198645e+00
1.180193110441899451e+00
-1.665749263141584224e+00
1.053879577238532317e+00
-5.884041018912469223e-01
7.587404977317654953e-02
-2.587322671735379664e+00
1.186927413289685429e+00
9.134739592969270960e-01
5.139185565441856340e+00
2.019649261948057273e+00
-2.529276695713220668e+00
2.998031398032771744e+00
1.466892544252443198e+00
3.433339857478929780e-01
-1.038879049140751132e+00
8.082367024010837397e+00
4.857001910494512131e+00
-1.269348753293427112e+00
4.674179775338001441e+00
8.730161022647898506e+00
5.278575962451607317e+00
3.322962646850866175e+00
-6.850329118058611222e+00
-2.094165341611557096e+00
-3.641464654286950875e+00
-3.822476903269999227e+00
2.406427988643164539e+00
-2.620942060612021507e+00
-2.261967916612939167e+00
6.036642730086820563e-02
-8.061832822560553780e+00
5.658488030129083413e+00
-8.507960280420569232e-02
2.431561383259650988e+00
-2.989434154910654229e+00
-4.780790526114502725e+00
8.772207262050424337e-01
-8.339574053189038327e-01
6.415147311151065068e+00
4.773598721422146474e-01
-1.254787286407571090e+00
5.073534310173567263e+00
4.529975382343748969e+00
2.325665157884626577e+00
-3.682154948768440406e+00
1.120083443375253340e+00
-1.699030997152639610e+00
-1.042668511701323020e+00
-1.057104631488961832e+00
-4.421913780678849548e+00
2.279201810272430684e-01
-1.107224834216171239e+00
3.015592956490109611e-01
1.602426884605032242e+00
4.419545790613597980e+00
-6.210732378259227193e-01
2.195584326073849901e+00
5.270434512094262836e+00
-2.388491305622508776e+00
1.008651975901092435e+01
-6.491309767848876255e-01
-2.601832111071598064e+00
-4.798957871517054663e+00
-2.416821669267755990e+00
-1.367497892816662119e+00
6.383366201243601878e+00
-2.243042467148540720e+00
3.146985618089861991e-01
4.426777560298247316e-01
1.603493313806717779e+00
7.800736667011435088e+00
-2.086187885793575614e+00
2.614921350691724555e+01
2.316802244773409569e+00
-4.895061347670329965e+00
1.812303036284252755e+01
-3.097283669867398004e+00
-6.071769524770139981e+00
-4.693798134104497422e+00
7.302312960140525888e+00
-3.010902931157629081e-01
5.317703862040248808e+00
1.558086653066267924e-03
-1.394258240347458155e+00
4.199537522896084063e+00
2.296463573346398945e+00
2.134794490161126657e+00
8.893981313215451934e+00
5.551640610725142366e+00
8.237819850028824220e+00
5.513658851535906180e+00
1.310490073254746513e+01
8.229969661216790522e-01
6.343488579924276394e+00
7.385302521228587214e-01
-4.660127882571843294e+00
1.327940986247850619e+00
2.093822009382899196e+01
2.266074024674267662e+00
5.491666599277566618e+00
-6.728358515008794338e-01
2.521483106413736408e+00
-1.310066146708835921e+00
4.237801726314263995e+00
3.053945568470336269e+00
2.911983578209215828e+00
3.820400706678120262e+00
-2.210132646706866488e+00
1.670846615099090604e+00
-2.473108248121816732e+00
9.954070640800334324e-01
-4.052523044225176285e+00
2.145140491050502862e-01
4.846443084589405537e+00
1.681656929108486853e+00
1.175833867844701341e+00
-8.383336731749524429e-02
1.177830815567659073e+01
9.141148423839677406e+00
1.216677146050434866e+00
4.227515427583545815e+00
-1.820076140000919551e+00
-2.064271248789691260e+00
7.345436516836842067e+00
9.738592260882250606e-03
-4.455798027190779109e+00
-2.498144711547885422e+00
3.190540433870725501e+00
1.772578989281138995e+00
1.553688104689693184e+01
3.103301566469723660e+00
-4.246010920339765349e+00
-2.727472817099315439e+00
-7.696599126622087894e+00
9.718092955397930055e+00
4.454780594262224724e+00
-5.420834191494687815e+00
-7.899181212232688765e+00
-2.981731299343017394e+00
-4.476654123172973954e+00
6.933421094464777390e+00
-1.546900415595917622e+00
3.020090400354104698e+00
-9.151932973347443045e-01
-1.141725188816105963e+00
4.110539943149745135e+00
1.543155581372879404e+01
-3.108734599636332252e+00
1.368876280081078711e+01
-2.170527154803388648e+00
-1.888466207331255919e+00
8.763220475985310287e+00
3.505997602322406426e+00
-4.034651120222775944e+00
-5.105935789777006129e+00
2.577674453962721213e+00
-1.118905770708403402e+01
-3.576631418726114120e+00
7.025655239429979826e-01
2.044850505771038218e+00
-2.992980508205978829e+00
2.653743047737172400e+00
-1.523697593051135613e+00
2.390251020730268738e+00
-7.550992558864334514e-01
-3.924224692796161040e+00
5.305013526542365021e+00
7.530169420864328167e+00
1.783964693606783225e+00
1.172699944972141139e+01
-1.866758292875559277e+00
-1.234883922281711177e+00
-2.218499277730527020e+00
2.405601789141454461e+01
3.000309349298281063e+02
2.690135150801257851e+02
6.071471435677096906e+02
1.008389904574585927e+02
1.047771888916149010e+03
1.326341478439613581e+02
2.472328157045245689e+02
2.748576152381340307e+02
3.502208837260413361e+02
2.259761245560012810e+02
1.889458304550683110e+01
2.714237486989074455e+02
2.739682995705683197e+02
6.403573428804550360e+01
1.915160067931250296e+02
2.880143560987605156e+02
7.270554865482043283e+01
2.729318625645165071e+02
2.354337328315220361e+02
1.862996099191853432e+02
2.865874411030991951e+02
3.808158007915544090e+02
1.716001408643325874e+02
4.289654275465399564e+02
2.670432396786728759e+02
1.606679863796356642e+02
2.628237580469655654e+02
3.258086834392569813e+02
3.010871388362074867e+02
5.348962015725363699e+02
2.558799665664949430e+02
3.495290011823274767e+02
2.128931253251855082e+02
2.365000643974023831e+01
3.764118527842250614e+02
5.211822575243599687e+01
2.636696352738680957e+02
3.384888743079568485e+02
1.625192227417895481e+02
5.842479779817465158e+01
1.414404581374950567e+02
1.887895080910703030e+02
7.896351065310570050e+01
3.485349962258366077e+02
1.410687720123868871e+02
3.307099980701692061e+02
3.228673742445615602e+01
2.800286085212007379e+02
3.139676907125751626e+01
1.882859258816167625e+01
2.841405052889793410e+02
1.667144113821842950e+02
3.318943122368693821e+02
1.694054165003422554e+02
3.620413886723879386e+02
6.229581888898217130e+02
2.992626252504697959e+02
2.013928184327945132e+02
2.427305703046940266e+02
6.809286972601795469e+02
2.287613639520390052e+02
3.648695288376629264e+02
2.788965084570442059e+02
6.172323420527659437e+02
3.866378821293521355e+02
1.316229692510366363e+02
1.603145087338087365e+02
3.515000737728739466e+01
1.152975558423993760e+02
1.397862221174263766e+02
1.940255898668675911e+02
4.962230350256245259e+01
5.237192927728950735e+02
1.232358233755352295e+01
2.254580293912904310e+01
5.777729653324416148e+01
-1.764266468136049815e+00
-1.517198628021342444e+01
3.218113194167550546e+02
4.625150701560109212e+01
1.566121254343123042e+02
3.105694779516879862e+02
9.251728024849090559e+01
3.354312570969443072e+02
3.251282952008961757e+01
1.831234854316638234e+02
3.005786232893757983e+02
3.458412096522723687e+02
2.508378461325633566e+02
4.115246666479901592e+02
3.220090673105151495e+02
3.451602569737547128e+02
3.572294017801403925e+02
3.778519934098476369e+02
3.312766007885804243e+02
1.801131471241680160e+01
2.055723031892371182e+02
3.398410679402059600e+02
4.898087953544265361e+02
2.413156894592744095e+02
2.128618257054528158e+02
7.288511489107970931e+01
3.270150246374850553e+02
2.110916792353185372e+02
3.715406081656498145e+02
3.318750273054295121e+02
2.104671369880068994e+02
1.560289146145343580e+02
1.921818858386760382e+02
1.796136474315279941e+02
2.166699982756406371e+02
-5.703692539135523276e+01
3.170622417327120957e+02
2.903188034293026476e+02
2.250691265475952108e+00
2.693621721834305163e+02
2.099943323277270792e+02
1.469390927579235324e+02
7.826621157252691319e+01
2.645352185245201326e+02
2.539698117863391076e+02
2.391283206626967797e+02
2.972977118169715709e+02
3.015924031445384230e+02
8.946849591436483706e+01
2.183476593906807040e+01
2.808530834418294120e+01
7.952578102538525684e+01
2.652887139421985694e+02
2.147168147180693509e+01
3.743832910761616972e+02
1.971991933649592568e+02
2.932852561251005454e+02
3.268360843872931127e+02
2.892321487352053850e+02
2.011459792047223516e+02
1.839549325999273890e+02
1.993930577546362315e+02
2.590387744802882821e+02
2.120902440476347408e+02
5.564201985440556655e+02
2.400340094867985385e+02
3.743762139862376159e+01
2.392105989140549127e+02
2.542080284362786529e+02
3.615486943599564142e+02
1.926406992579279915e+02
2.732490055145729357e+01
2.329041578189866470e+02
3.576156684602107134e+02
1.842057284221998827e+02
2.418102915533510497e+02
6.596202432709175412e+01
1.097167300936515630e+02
6.650826578768149488e+01
3.295737102463256747e+02
2.861495247679005729e+02
2.696122695132289664e+02
5.968658995011742263e+01
2.612530694477596285e+02
-5.546359412316832938e+00
3.097258663738141422e+02
2.157912337984597286e+02
2.967281265679446278e+02
2.453715549384916415e+02
3.480621309324601675e+00
2.482587432840118140e+02
1.843513960762981299e+02
2.610960956864039986e+02
4.358344357150560313e+02
3.515358497958562225e+02
9.165264042843925552e+01
4.021340655368298940e+02
2.715782919698963269e+02
2.050507166395700267e+02
3.508592624497614452e+02
3.269870324319732617e+02
1.318140259306407245e+02
2.297680250878062509e+02
3.186170121365890964e+02
3.496381537864962752e+02
4.244333430480521656e+02
2.514290154676290854e+02
6.975697415346422758e+01
3.142905623356656974e+02
7.627266919157251834e+01
6.919999383779692153e+02
2.219020289084994602e+02
2.820685497411775486e+02
5.417713836756184946e+02
3.532750751633117261e+02
1.731960298576635182e+02
2.168251542398308231e+02
1.026010841882728286e+01
4.809004826989415733e+02
2.654529348785092679e+02
2.131423984341714686e+02
1.701130994161389367e+02
2.335207119248265997e+02
5.724511535877127244e+02
4.458224179639010032e+01
2.351460537607453318e+02
3.098376816182697553e+02
3.915449276633840441e+02
2.982251864260286993e+02
3.990187295346520955e+02
1.515977711646985995e+02
1.718781878179205478e+02
8.348026185184644419e+02
3.273716247007234870e+02
3.798491863350114386e+02
4.881394909078486535e+02
4.018514355247747858e+02
3.904583398912859025e+02
3.121023156293687748e+02
5.905621482069379908e+02
1.258839512640851837e+02
2.801570375188703110e+02
2.229850844826366369e+02
5.593670108496989997e+02
4.246103451477069370e+02
2.915684648816600770e+02
1.942613654476632590e+01
3.660553406845392033e+02
1.736130633534652929e+02
2.825791183153713746e+02
8.188917053345846853e+02
2.382310174656788604e+02
2.110184930063947490e+02
6.310711279986313684e+02
4.157915946953355046e+02
3.263971048992661963e+02
3.836632332502313147e+02
4.844753048724989526e+02
4.135851235184105121e+02
5.251000496383659311e+02
5.072774802182689200e+02
1.302458307970650537e+02
4.854553997168863475e+02
4.054100563604449121e+02
1.862776095885647294e+02
5.097918168936323013e+01
3.242836193929287560e+02
3.787350240943505923e+02
3.815510523152577207e+02
3.852890111139716396e+02
4.031632886262282796e+02
1.104149328889384094e+02
3.811226148411446957e+02
2.404793274199095094e+02
8.983612219018690439e+02
3.034529961710295538e+02
4.039923839406832258e+02
7.273150545061007506e+02
5.402521952408405923e+02
2.638117674625644895e+02
5.194738269820117011e+02
3.289424436635233064e+02
3.481871278607667364e+02
3.651057614199101522e+02
3.260998002465983632e+02
3.812180014299880213e+02
8.574233263401698935e+01
5.092067421274356320e+02
6.062425211619296306e+01
5.643547878470681667e+01
4.090314494651080395e+02
8.850918837616710277e+00
-2.692533246581046313e+00
2.456741571111177791e+02
2.687936795487296422e+02
5.536263804479324335e+01
-5.589624734196358702e+01
6.012292063259196517e+00
4.470180042529096909e+01
6.512386756955734768e+01
7.586299908120271596e+01
5.216145113977551517e+01
2.759214032628712516e+02
6.011844552739034953e+01
2.549129249116132883e+02
5.859373024109289219e+01
6.196013103065927652e+01
5.718527467701373723e+01
6.555509321757310204e+01
4.473750763712823755e+02
-5.538490056322702060e+01
7.621874645284982819e+01
-6.118454039242891440e+00
2.676885711776483276e+02
3.166008007399922803e+02
4.234110050314350815e+01
4.569687324712693908e+02
3.761101895326022060e+01
5.128577125677201032e+00
2.626161758318434636e+02
8.603011071806547250e+01
1.450813939710573663e+01
6.700470700478226149e+01
2.860858503354341451e+02
2.695378866531182638e+01
1.240453987351466836e+00
3.088957633108689720e+02
1.121099152549626979e+03
3.215783749100136220e+02
2.275363444136062014e+02
6.132750709742882691e+02
3.889660197923183205e+02
2.322718722782579732e+02
1.462932271190051949e+02
5.637988986015656110e+02
8.998998307508963990e+01
8.332460157736133510e+01
2.773968480622537527e+02
3.584470404759188114e+02
1.885156419089027509e+02
7.657255918974823317e+01
5.630827734514524536e+02
2.174807159576148763e+02
4.796197818149566388e+02
9.339035209380050162e+01
2.941540174162564085e+02
5.699719547518944864e+02
3.606287908448603048e+02
5.006033313469083623e+02
7.359347464638435099e+01
3.960730313132975766e+01
7.756124997410604465e+02
2.494466244869726097e+02
6.190353277856505656e+02
1.684434909718185338e+02
2.607658399282606183e+02
4.148412500276019728e+02
5.392583379104278265e+02
2.775944071827572657e+02
9.629464035350720508e+01
5.178500467780394274e+02
7.821687828017473976e+02
4.269743251611267851e+02
5.075358287492401246e+02
3.643910877393616943e+02
3.348100266252602069e+02
1.197583316509488043e+02
1.526079967446608805e+02
3.982926408288739708e+02
2.854264986163396429e+02
5.649883255751655042e+02
1.476289767048123451e+02
1.593064817763391829e+02
4.170260133264843034e+02
2.539703735423584305e+02
2.760374364609286317e+02
3.902361234167394173e+02
4.372831788470618335e+02
1.578322765955063005e+02
3.856827947298366439e+02
6.134991408159514492e+00
2.011701084483595992e+02
3.319660887498245074e+02
1.275303797397884296e+02
1.639947076710410272e+02
8.944606664037589780e+02
2.796747330279233665e+02
3.161773321342330405e+02
1.491327034100327467e+02
1.614739715171942009e+02
2.889088398895493128e+02
1.262893058037286949e+02
1.085163235668859727e+02
2.347050888318505315e+02
1.439677533486258767e+02
3.988903796199527392e+02
5.576192248588532721e+02
4.132182661456500341e+02
5.803426769585460079e+02
3.975401043898039006e+02
1.006237398803693850e+02
1.953660749537860681e+02
1.614602433817650819e+02
1.330604474038781575e+02
1.207496050451095897e+02
4.741590283486098656e+02
6.612420029762847662e+02
2.039996026773559379e+02
1.111056872013303689e+02
4.164399254940831270e+02
5.485999042830965209e+02
3.409329816201828862e+02
3.357242935589672470e+02
5.989607846598961487e+02
6.034617044341770224e+02
3.649590680025921188e+02
4.148801318424168016e+02
6.419371623464124923e+02
3.926393460569997274e+02
3.631455230156025777e+02
2.063702610039759122e+02
4.121879341968211747e+02
6.760037412386434426e+02
4.957946222110862209e+02
2.210979888083780338e+02
1.956410562452946067e+02
4.670166627262896100e+02
3.410849051471295752e+02
1.639468035514478572e+02
3.358551903540223407e+02
3.662399281777207989e+02
3.910276887173144473e+02
3.299063791854641181e+02
3.305808637357171165e+02
2.864009148380328043e+02
2.535550170393973985e+02
4.218692718864596714e+02
1.087295378635255361e+02
2.787027236352628279e+02
1.142852631558305205e+02
3.641952559346655676e+02
3.683143506462045593e+02
1.408068798788328877e+02
5.157989685108362892e+02
4.011442254949639619e+02
5.223263430321721899e+02
1.490626617468379607e+02
3.161638747016656339e+02
5.575682397154676551e+01
1.642272796025220316e+02
2.356471938185396198e+02
3.958562150669931157e+02
1.668915033212448122e+02
3.237713103096870668e+02
1.394151243914714655e+01
2.517597583770751157e+02
2.316918599394659850e+02
1.165611589789014886e+02
2.535521698333334939e+02
5.630805975231473894e+02
4.021357356810681694e+01
3.158505344739417069e+02
5.785858990820718084e+00
1.210262610939094117e+02
6.639364042711230240e+02
2.062832590031710254e+02
6.357702602158391159e+01
6.866746468220295583e+02
2.674631254485115619e+02
2.533139383324769085e+02
3.244385630280929149e+02
1.127446105952243300e+02
2.302807798424868224e+01
5.423425103141016734e+01
3.488322233036581679e+02
1.748058532016127913e+02
-5.644454135293476504e+00
1.938733372073942007e+02
4.237332085631481959e+02
1.461879330482825594e+02
2.323240768734888562e+01
3.918473932322843893e+02
3.042583314701628865e+02
3.906650081480461836e+02
1.025413587076197501e+02
5.142241162767634250e+02
5.236780979224982957e+02
7.695646486917109996e+02
6.074114776953572346e+02
7.395848086454460599e+02
1.517093631414436743e+02
3.405430536361910185e+02
2.806449471497561632e+01
5.074325075598349599e+02
4.761596839927901215e+02
2.219810820632037860e+02
6.801349676257153476e+01
1.182537801402747277e+02
5.235156521487385106e+01
1.438100213354343566e+02
5.380029912668320549e+02
4.712927072789188969e+02
1.679972126854771091e+02
1.612647489555226912e+02
3.668586629265643637e+02
3.425836119033063198e+01
1.629829076571124631e+02
9.628428180853524054e+01
7.850573637770710320e+02
3.945078121364298340e+02
8.004403627277821442e+02
1.816233353046744128e+02
2.831819043885229235e+02
3.315990016224859005e+02
9.012288892682482810e+02
1.234644465941785256e+02
3.879854324382577602e+02
1.946306715004758416e+02
3.111367270590648673e+02
3.874351338007139702e+02
2.894267023160205454e+01
5.632223596877017826e+02
4.507769525752705135e+02
2.510589846624272354e+02
2.758281074437565508e+02
4.885079234704190299e+02
5.681460273941647756e+02
5.370559382890911593e+02
2.777021182803589454e+02
4.928709318307639364e+02
1.377217831937617518e+02
1.255167085858632703e+01
3.399324770694614699e+02
5.647651084247671633e+02
7.873956352847662288e+01
6.985323196520888587e+02
3.810582114073181401e+02
3.298229081211976563e+02
3.098739060402952816e+01
1.687048482750126510e+01
1.778236352866503722e+00
4.329584182133410195e+02
1.730879623318019256e+01
3.999221979620184584e+02
2.827752446650355367e+01
4.481051508381133317e+02
7.357475497553416517e+02
3.967602516299588444e+01
2.258631063135995873e+02
2.536889343020491694e+01
2.571482481014316477e+02
2.753336329903147544e+02
4.689715729820333650e+02
2.465138659276052024e+01
3.025179947143046775e+02
3.125903717312370986e+02
2.627422605646368083e+02
3.042200019083203415e+02
1.016105884153928969e+03
3.329552112278565801e+02
3.531899623092914453e+02
3.929241881659013416e+02
9.203695213658576790e+01
2.193370212720017491e+02
1.695191067947926740e+03
1.750902255984535145e+02
2.224965838941646012e+01
2.109202860275780154e+02
4.546263451070774977e+02
5.600467828959705230e+02
8.092755262366829356e+02
1.024141759677739429e+02
8.136184565425862729e+02
2.796618220141178313e+02
6.346234568807664118e+02
6.666420810336375098e+02
7.797012646750694103e+02
1.174489146617379220e+03
5.595558930857321229e+02
2.163411558894915174e+02
3.438424714529273274e+02
3.213173089928042145e+02
1.505554446928215100e+02
4.762337933860649173e+02
1.529688206419575067e+02
4.005641866248567453e+02
1.649427021254560657e+02
4.484136059471516944e+00
2.621092622809026693e+02
1.420827335600654067e+02
1.932605616196826190e+02
1.644490776152366607e+02
7.220538839686009851e+02
8.160213011829898733e+02
1.397857015828285512e+02
1.712232547504791853e+02
1.656016903315552042e+02
6.567745197215231201e+01
4.379112760277757275e+02
-1.536361261257693567e+00
5.887893071158826075e+01
6.625450139344711431e+01
4.706607233291197190e+02
6.575504555907700706e+02
4.276969939861597254e+02
3.481928551788948880e+02
6.447329931304903994e+01
4.808778785428949618e+02
3.109859798654706537e+02
1.852249513465161215e+02
3.542872986418035453e+02
7.299130320570966433e+02
1.046087934779216937e+02
4.154435776605092769e+02
1.728892792757313828e+02
1.532397127045848947e+03
5.537819544044321418e+01
9.896291783786492147e+01
6.006314187791260792e+02
4.996773616244614118e+02
1.880222081689269373e+02
7.555455758034237306e+02
1.861668466934774244e+02
3.648075215358556420e+02
2.961386447069158976e+02
6.633617314508916252e+02
4.252226094748025389e+02
9.092250419512818098e+02
6.710842120847361514e+01
2.233747152603990571e+02
1.430910752796449970e+02
7.408566428618808004e+02
1.375355957967279039e+02
1.243544826775482079e+03
1.656484308356555744e+02
1.202372500722178330e+02
5.236434981161984297e+02
6.675215480923078530e+02
2.959122708825022983e+02
2.998453588765294739e+02
2.545270437228696494e+02
1.194962512763457880e+02
6.477652759222980450e+00
1.281974455010276301e+02
1.388567677250309202e+02
4.354826152131769277e+02
6.264060173646289513e+02
9.355087214179187640e+02
1.845110575343767607e+02
2.905094499491356714e+02
5.188873517862067501e+02
3.264086128926392121e+02
6.186589341360023582e+02
5.314128061933364506e+02
1.718151981591876165e+02
8.103556460887692765e+02
6.370100493553023853e+02
7.788434884000622560e+02
3.352520353763938488e+02
1.063549764597162550e+02
3.815931377626807830e+02
4.642344865475586744e+02
3.531876684697447786e+02
3.187000685940321318e+02
3.913648553672714456e+02
6.104736259712580022e+02
7.750797089629964276e+00
7.077528335436165889e+02
3.408556964468074284e+02
5.268647335259994406e+02
3.279799800407316752e+02
8.109616519845824314e+02
3.101823491075047912e+01
4.004011518008871917e+02
4.645477170532726632e+02
4.084513355223276676e+02
3.257367345026976295e+02
8.301444680304575741e+02
1.372612456950081423e+02
5.484995307839166117e+02
3.407428380721875669e+02
4.926175571123636132e+02
4.655675062244670244e+02
4.595385624965892362e+02
2.684977119375112125e+02
5.243551991044025726e+02
3.267063155262170540e+02
1.046288852552813978e+03
4.086151622028612564e+02
2.524822764907277985e+02
5.019159139767667170e+02
5.414090570740531803e+02
4.547294110153585507e+02
4.103761965476963951e+02
3.501130848500640695e+02
3.996520795371343979e+02
7.966438856625505878e+02
7.110172696389372504e+02
4.890543344537788926e+02
6.241262980945090248e+02
6.085276009770677064e+01
1.000944150084078998e+01
3.122832201985002598e+02
5.612698435461848021e+02
4.152485747652422106e+02
4.867139468699903091e+02
4.115277916400106051e+02
5.506109252924071598e+02
8.449362791887509161e+00
5.499118886681534377e+02
5.082183287181214837e+02
5.605349882139814781e+02
4.064731111963457124e+02
4.421236738961147807e+02
2.664245209783895234e+02
4.568886547422723083e+02
4.223592966832317188e+02
3.930369157597203866e+02
4.438709866831842987e+02
3.859012291061490600e+02
5.563808746118273802e+02
2.223239879963531607e+01
4.256926297631031844e+02
4.235876077741593804e+02
3.858340590128290160e+02
3.906093589969714230e+02
3.940097568930483476e+02
5.478207622025158798e+02
5.020375511523580059e+01
4.275253627347912584e+02
7.190419244050845009e+02
3.894169521763057560e+02
4.016946506491925106e+02
4.109589199400784310e+02
5.454694744283614227e+01
2.727843404679620676e+02
4.732200912541865705e+02
4.777135183969500787e+01
4.780259751339746117e+02
4.397152650065088437e+02
8.078254368769179337e+02
5.304257464141824130e+02
6.675621213599544745e+00
9.008662622433082561e+02
1.299400459456549697e+03
6.494748630198183719e+02
8.677268568634126211e+00
1.030891105296685055e+03
7.382724827790609652e+02
4.393396642683486562e+02
5.835259734210829947e+02
5.938570272903274372e+01
7.083774914050021607e+02
1.050959609795330607e+03
4.188327267582810123e+02
7.550463309863013137e+02
7.338221500404255266e+02
8.050228002123020588e+02
1.459846592689491217e+03
3.738886848161862275e+01
7.290846100910484893e+02
1.102875621925477617e+03
7.963261407927363962e+02
1.410261164020843694e+02
8.541943025527442614e+02
8.256464969232553130e+02
1.049623346981683426e+03
1.524729377996680114e+03
6.984206548325955737e+02
5.493603577264863134e+02
8.260074255851504859e+02
2.059358531497372496e+03
8.523030434521089092e+02
7.154264291579140718e+02
1.194228210158549246e+03
8.531451882025098712e+02
1.731146381631201166e+03
1.862200173763264502e+03
9.470365700822593453e+02
3.084356055970110901e+03
1.061029967407112196e+02
1.636356550846389609e+03
1.361712876803137760e+03
3.059273311807279697e+03
1.785281917672471081e+03
1.369637983621337526e+03
3.231553905904579551e+03
9.308523549266898272e+02
2.407248871410283098e+00
2.561188478021965238e+03
2.277979728129506384e+03
1.188595096038748835e+02
5.993867287192273352e+02
1.279052315356122591e+02
1.560795179421618855e+02
1.828238516864160772e+02
1.289293728271825614e+02
1.170910428113499648e+02
1.216916967257830038e+02
1.319019496385761272e+02
1.249823094190894750e+02
7.241384280201185675e+02
1.227360529076467515e+02
1.235404544543106908e+02
1.465543930476222840e+02
4.996982481569437482e+02
3.486403742745704903e+01
1.557829610929173668e+03
1.987070330288884534e+01
2.185664544365188888e+01
2.872876797934925008e+01
2.384423155605684030e+01
4.566724073510908255e+01
3.014850776656211906e+01
1.463213333853551831e+03
2.500152599464590963e+01
7.278162573830579731e+02
2.214137924055503603e+01
1.866418943032084243e+01
3.015571531917847096e+03
2.376178686577907939e+01
3.301001957218573807e+03
9.403906803557262037e+02
1.821292167580576233e+03
3.168866568754874606e+03
1.770391359195916039e+03
1.451182694355865351e+03
1.429335295229419899e+03
1.650428605845050015e+03
1.229069096972261377e+03
1.014663321473542169e+03
1.020322066069490120e+03
3.458980022487338374e+03
1.800972405198101569e+03
1.530279878670972039e+03
1.616480683790960938e+03
1.683981363690875924e+03
3.590986541912006942e+03
1.084222679540486070e+03
2.389855321342850402e+03
3.675743531818603060e+03
3.650883409924309035e+03
3.763039370292267449e+03
9.112146441328751507e+02
2.465049695730162966e+03
1.891174030731296796e+01
2.404608402937695701e+03
1.221139232754354452e+03
1.994011264297701018e+03
1.457767233054213420e+03
3.640031279197900403e+03
3.784594699573793150e+03
5.558895139461302506e+02
9.482141649607801810e+02
1.608405938284919785e+03
2.050675833296627388e+02
-4.662449111525297063e+00
3.691679301266821767e+03
2.727974118989868202e+03
1.622937573942023448e+02
5.397222069122138919e+02
3.602886289267573829e+03
3.792495565437435289e+03
1.968670644318079439e+03
1.375113713544633356e+03
2.641277508444111845e+03
8.132105792960921917e+02
9.642582501292824873e+02
3.257859375676474656e+02
2.200300775227329268e+03
4.359010753770197084e+02
5.840075709324080435e+02
2.221936796501445315e+02
2.137732960541866760e+03
3.058636427192147039e+03
4.965331342234190402e+02
8.610864673295562852e+02
3.378321225416004268e+02
2.393483933768627139e+03
1.645030370765898851e+03
1.339617596629859463e+03
5.467071221547522555e+02
3.938983760852584965e+03
3.876677820903820702e+03
4.074341227234965118e+03
4.120205187255990495e+03
3.474226867573894197e+03
2.941624372400008269e+02
3.020686445652043403e+03
1.339708263463945457e+02
3.830413479637620640e+02
1.293365660357035019e+01
4.404543042289963068e+02
1.473757912460516309e+03
7.953543477784124889e+02
1.358285043216493477e+03
3.168287657596642362e+02
1.516383908204880072e+03
1.047554378904759005e+03
1.969357366029705361e+02
3.458706070218310288e+03
2.052239254510279352e+03
1.789838491316473892e+03
3.948792781064767041e+03
1.650251348941703782e+03
2.216749740882790320e+03
4.101308756708904184e+03
7.504549392169487021e+01
3.820830381362808112e+03
3.872385830638730653e+00
2.569560206028869743e+03
1.559834058328922746e+00
2.491285044241077458e+02
6.288360790946245515e+02
1.453895576031638711e+03
2.167305779398458071e+03
3.394455206642855956e+03
5.010704626093820480e+02
1.135161931916904450e+03
2.444562783513442355e+03
4.670188969035267945e+01
3.402864869761958744e+03
2.921962564676183405e+01
3.141259624987570760e+02
2.020925107600960700e+03
1.650133354273123587e+03
4.175570501469857845e+03
1.494900486898081908e+03
1.371848251406860527e+03
2.009753825573633037e+02
3.112637714126746573e+02
7.615081441523564365e+01
4.227794849371834971e+03
4.057592169320448647e+02
2.935588115416966048e+03
4.209257080095220772e+03
7.278620964429016738e+01
2.128157749172325111e+03
1.248540959744711472e+03
2.521535716788568138e+00
2.264845258887391424e+02
1.061832661644617914e+01
6.455581346742566673e+00
2.057849245971711838e+01
1.380543365687135974e+03
1.767636347658506111e+03
7.320502064242424467e+01
1.091237066135730856e+03
2.159138181273733153e+03
3.983290202275809861e+03
1.930990577824368017e+02
7.019880402249433473e+02
2.375119125150956023e+01
2.967045925774740681e+03
5.213933331173293340e+01
3.309942752195412595e+03
6.726169488483052419e+02
8.035474175022098962e+02
1.729288312317111377e+03
2.835534534389099122e+02
8.559762960477240767e+02
3.633442731976700912e+01
2.744327880339196327e+03
9.784060184587276581e+02
2.002697382437650475e+01
1.858443757696472787e+01
2.461281719303038699e+03
1.379083740420282538e+03
4.392888682415197081e+02
2.248860949825369815e+01
3.579501538151578188e+03
4.297277582759359575e+03
1.781422378968164139e+03
1.711644260167414814e+03
4.352757651953155005e+02
1.956232558014479537e+02
2.151810425083739574e+03
1.403635309835382031e+03
8.234158947355194158e+00
8.767894816710764871e+02
5.029009279967794100e+03
2.262791937070416679e+03
2.221820210700931142e+01
1.435982325201258902e+01
2.084415766786739823e+03
2.586843417276297785e+01
9.898902812531182462e+02
6.137177743704213526e+02
8.516708797319724908e+02
2.071328360665159835e+03
4.627659226991871947e+03
7.873324164038283470e+02
2.288665714459958508e+03
1.106778290777030406e+03
4.523430319007836147e+02
2.428540035322032509e+01
4.406430081989915379e+03
2.687685278713815023e+03
1.276736657853936094e+03
1.495764651008783801e+02
3.287976211048948244e+03
9.347005141167337570e+02
5.536184472091434117e+01
2.572979326425838281e+03
1.488667248015586893e+03
6.172243516201839384e+02
1.685967936145696058e+03
1.624569664013489728e+03
4.370383210405446448e+02
1.732072059010954035e+03
4.622945684565559077e+01
1.704837657405257687e+03
3.447894307991716232e+03
2.014131295942930322e+01
2.935841305917244313e+02
2.692980865197246203e+02
3.841284780435616142e+01
5.189299558447089566e+00
1.909355739941010143e+03
2.380306577341915727e+03
6.713497378678709993e+01
2.243369120990311671e+02
1.150072050403489499e+01
2.528017816960117727e+02
1.030223989366012205e+01
3.598320926710342519e+03
1.053098458562155884e+03
4.882894657170365349e+02
2.117968384961771335e+03
3.276915908181510417e+02
3.016818534658788167e+02
3.487273873313094441e+01
3.000738342425994531e+01
2.799826035614630655e+02
1.612854843574621327e+03
1.602850259305715781e+03
3.311414081863977572e+03
9.132435012714314553e+02
2.791768142183564692e+02
3.295019308117863602e+03
5.401113627125538414e+02
2.373143353531167122e+03
1.782041682215757419e+03
4.905405086620949362e+01
1.329743852333462655e+03
4.266558112596427463e+02
1.899583733770774074e+01
3.321062398263158570e+02
1.285699319592646006e+01
1.596246740479966547e+03
2.270326336291542191e+01
1.273301538925037235e+01
4.938919407516056026e+02
1.697227611534549396e+01
3.280885645654902305e+01
4.017936886813417097e+00
1.704811412868986054e+01
2.420436844496722983e+01
2.231319303920021468e+01
2.913933122832178015e+03
4.725334386626203013e+03
1.395946484326439759e+03
2.369920714111380221e+03
2.532878404801042507e+02
3.191365645166880540e+02
3.618496131301858441e+03
2.982827299944276547e+02
7.809403942068968263e+00
-2.650793645352893080e+00
2.286067370504787505e+03
1.857816699150245768e+03
8.705407413691826832e+02
-4.117233177606006045e+00
3.279850469356781105e+03
1.688621436670123785e+03
1.186722587800453539e+03
1.148446172099756041e+03
7.731887605605642193e+02
3.490515264561814092e+03
2.323537699942030940e+03
9.648334144372256560e+01
1.848751782795415465e+03
9.524280490479536638e+02
3.170352992496981415e+02
8.505830896102092709e+01
9.415142812858785248e+01
2.523792695790843027e+03
4.633377299147562553e+03
1.722838428411170526e+03
4.071059188608899717e+02
2.121108282754887568e+03
4.255451477777948639e+03
8.147476203144279339e+01
1.673179921265764563e+02
8.685690554489652015e+01
4.424643051973725051e+03
7.926398679042618767e+01
6.621444656020919695e+01
1.162754389840205818e+02
1.032617638231447330e+02
3.547830576828130802e+02
7.825979950055331358e+01
7.930927969959596169e+01
8.281684028038006318e+01
7.991625295943052265e+01
7.372514392426856489e+01
2.018713799095497279e+03
6.873579812426687852e+01
3.852140235821476836e+03
3.658146465283737712e+02
3.757036969359966406e+03
8.075956640496614227e+02
1.447961589556410047e+02
9.872855056546873129e+02
9.114192348780876785e+01
2.938983159468821668e+03
4.675259850783739239e+03
1.801502205263336407e+02
4.361908918517481652e+03
1.509619875093994210e+02
3.004777996312331538e+02
1.662777777971012938e+02
3.122732493365116170e+03
2.926842291839651011e+02
1.801686719808865064e+03
2.130204072771184656e+03
1.225011623174262013e+03
2.179085849696620699e+03
1.504888927613982787e+03
4.131754243834157023e+03
3.534473129761506129e+02
3.945377955698157848e+02
3.594462052149943247e+03
4.767014582991134375e+03
4.481991559495330876e+03
1.020805850995565862e+02
4.783174075289301072e+03
2.531914410848939497e+03
1.892232435989966916e+03
3.024984654068527234e+00
7.706755147215059196e+02
3.056175805074980417e+03
4.247512406019914124e+02
4.045400620388624247e+03
4.421164223921576877e+02
3.403687302213605790e+02
4.235833486519759390e+03
1.312024180688889601e+03
9.929997374078689063e+02
8.386423496296614530e+02
6.179703521355469320e+02
8.827617863527810869e+02
3.600787237209541217e+03
2.864182361755422789e+03
1.568365513442032579e+03
3.111031390952226047e+03
1.283210446094152303e+03
4.491791450291297224e+03
1.316968265679073511e+02
