1.216269865197662980e+01
1.238418262200755926e+01
1.253904776600299087e+01
1.246271025375454045e+01
1.236932325799377352e+01
1.206022974833741657e+01
1.227637249949682285e+01
1.262453266467683122e+01
1.243750249195811719e+01
2.542318139420461591e+02
6.589038200181449838e+02
8.114776917507604139e+02
4.791805024372788466e+02
3.737598984300101961e+02
3.746472579157395444e+02
4.173633063324283512e+02
2.828553739349653142e+02
2.573129639204541945e+02
2.813793821660573826e+02
2.527497788025803516e+02
3.103471681430935973e+02
4.459554898091898281e+02
2.157232194374210792e+02
2.436106268395470522e+02
3.380465359705495985e+02
3.647713407649795840e+02
2.763691029317062089e+02
3.522008055506004780e+02
4.190407975705478520e+02
2.745521619923619028e+02
1.393114216704132673e+02
9.781509924213482066e+01
1.580517829374453243e+02
2.858539417605264248e+02
2.707271877731412815e+02
1.554297054723629969e+02
2.017730911665957194e+02
1.631720664128228293e+02
2.460668858121174196e+02
2.665403181595516457e+02
2.164924728255042226e+02
3.283366716279500679e+02
3.267153520705791152e+02
2.723068914904405347e+02
2.490776138037125236e+02
2.968734257927948192e+02
3.290835295226634685e+02
3.215993883185970503e+02
3.236405436647895613e+02
4.574755893483803675e+02
4.764170713946226101e+02
5.988245404676615635e+02
4.611671563390013944e+02
3.751686069247546129e+02
3.594878800825814551e+02
4.403272036614049512e+02
5.039708874657093247e+02
2.637966241342965077e+02
3.338094981447963505e+02
5.136265621600269071e+01
3.014412920489270959e+02
4.939931287005039735e+02
1.072356731799975478e+02
3.813299884703550902e+02
3.665983292276773113e+02
3.742559911824772030e+02
2.780521626056678883e+02
4.253114563632519776e+02
1.728839411471987546e+02
3.658338728995975657e+02
5.376235087274740181e+02
3.787063330954798630e+02
2.584732895806396300e+02
3.224256002146175888e+02
3.612709606945595624e+02
3.520396590875092784e+02
4.595872482622557982e+02
2.877646417498095843e+02
4.773948277281994024e+02
5.647223199401443026e+02
6.221274005785710415e+02
2.399824127745735609e+02
5.795613893024485606e+02
2.501562669542877870e+02
2.475312825279746960e+02
3.587056604049884641e+02
3.210921620904780980e+02
1.852685097764616557e+02
5.164281429243824277e+02
5.026997148201411392e+02
4.918672302780329346e+02
4.481454236246448772e+02
1.975519274520267459e+02
5.177669126863909241e+02
6.026724519259244062e+02
6.057521332879807687e+02
4.358011150157750535e+02
3.855608849280079653e+02
4.094081550283228239e+02
1.696387738460263392e+02
5.378669252799656988e+02
4.202361328558984610e+02
5.382486928097047212e+02
5.089907049442956009e+02
6.514707204051451299e+02
1.319946138392331534e+02
1.393290868894672201e+02
3.901399332775507105e+02
5.444439530405869618e+02
2.831319447070191018e+02
4.825476723452222245e+02
3.046787440237234819e+02
6.086347581220103393e+02
6.381288593901568902e+02
5.222251694352925142e+02
7.069285835773926010e+02
8.053906903397073620e+02
2.471530956394711325e+02
5.620333413397950153e+02
5.107149710544998698e+02
5.128965072900267614e+02
5.607341064645476081e+02
5.739407251824223977e+02
6.489406585498766162e+02
2.288995854148238323e+02
6.049821330074778416e+02
5.686931914933709322e+02
6.054071695745310535e+02
1.975064099844463783e+02
7.198445981859616722e+02
1.058915603961985198e+03
6.663617480025314990e+02
1.492346722447259140e+02
1.180830146419134053e+03
7.674491939291310700e+02
4.278359802263159395e+02
2.205790350783541726e+03
1.367762998468353999e+03
1.791237229070943158e+03
1.858859081475219455e+03
2.262329899372768978e+03
2.334854081307919841e+03
2.529721311700858678e+03
2.174957318707192826e+03
2.765952323412192982e+03
1.297884966725890763e+03
2.310550533694891783e+03
6.070510303201258617e-01
1.207348407013773794e+02
1.200116069878682339e+02
1.761634358363662756e+01
2.340749256442865800e+01
1.284339343467565868e+03
1.605093227515701756e+03
2.395910428243457318e+03
1.939550500872169550e+03
2.141154473261058229e+03
1.713424568090142202e+03
1.638030583123625547e+03
3.562486028224921029e+03
2.915597967969119054e+03
3.272163371956668016e+03
2.904193347383416040e+03
2.612227185097872734e+03
2.755022421921252317e+03
3.204967318484003954e+03
1.526960057806667237e+03
2.707576461387624477e+03
3.840462572847871343e+03
2.389710465126570853e+03
1.055547006695517211e+03
9.317280480985879194e+02
1.212779577577858390e+03
1.482208008752835894e+03
2.239147496767714529e+03
1.904547709376368857e+03
2.867911371584189055e+03
1.903700923780021867e+03
1.307010945022907890e+03
3.087315378456664348e+03
3.053740055930802555e+03
7.352473313611642425e+02
3.208815311485064285e+03
2.065405959590048042e+03
6.217212724824764791e+02
3.494517019661152972e+03
1.760113609609322793e+03
3.160445704931819819e+03
2.135047491602163063e+03
5.345469198649757558e+00
2.414338222011688231e+03
3.588748593145249288e+03
2.185661932700924808e+03
2.028903403886807382e+03
2.993004795861895218e+03
1.613093723418622858e+03
5.636227833761045076e+02
1.046546924358517217e+01
2.473444570337516780e+03
6.501773972341842409e+02
2.395138402011387825e+03
3.234523386356821447e+03
1.212779343529835842e+03
2.625736807559108001e+03
3.962560082773584327e+03
1.367278749720624319e+03
1.216726919603722308e+03
2.279511615394013461e+03
3.934269723868231267e+03
7.447038385112849213e+00
3.230104505399901427e+03
6.126729067177672050e+02
8.315658020934318984e+02
1.112714114586370442e+03
4.481294728219092462e+02
4.329383862770771998e+02
1.532392246597792791e+03
8.625247337264470389e+02
3.015535418296249190e+02
1.685969308237870791e+03
1.824096207382206558e+03
1.255042764686082364e+03
3.514107094911573313e+03
2.977033918021695172e+03
4.837866758014877746e+02
8.352187449550789324e+02
4.495484213792306946e+03
9.175178379199902565e+02
2.201382175963559803e+03
3.284332304556971849e+03
2.380348992355569862e+03
3.700146761337259704e+03
8.304437217151438517e+02
4.694063344506480462e+03
2.066448455137184283e+03
2.075666375864767360e+03
1.747588805451907319e+03
5.601082463285985114e+02
2.332172869109403109e+03
6.806835102648603879e+02
1.561935863312578249e+03
8.786042714779289327e+02
1.871503001774005270e+03
5.119124682192127693e+02
3.517767681156395838e+02
3.704985365679750430e+03
4.301444252308899195e+03
1.687347650054075757e+03
2.467414567702929162e+03
4.312461996454176187e+03
1.988769330179497047e+03
3.934389600778171825e+03
4.099377955751349873e+03
2.847399530959759886e+03
1.983559937846331422e+03
8.675978670121402558e+01
9.810627507377787424e+02
9.132607717371475076e+01
8.227144644341769890e+02
4.307191457332891332e+03
4.602039572059745296e+03
2.779712703971742940e+03
8.278060848193679249e+02
4.515209926162020565e+03
4.591543618570156468e+03
4.153957426834038415e+03
4.099840089775936576e+03
9.066962467124184855e+01
3.192683618717160243e+03
3.735824212357095348e+03
4.804528837580248364e+03
1.933559911582348377e+03
3.682666102367546500e+03
1.031196448613505225e+02
1.515661208365646871e+03
4.908538700395582055e+03
2.227367090668676155e+03
2.596441547624112445e+03
2.358554922570729104e+03
4.769458148755635193e+03
