9.504873911332308012e+01
1.013127790415975085e+02
9.503048839112649659e+01
1.440316466403884306e+02
1.598918920974420814e+02
1.781084811873945455e+02
1.109744075850708498e+02
1.109095796957247728e+02
1.186910111456939774e+02
1.109349863603931823e+02
1.464716266367677804e+02
9.450687905352889118e+01
8.893137453353007515e+01
1.239326239086592381e+02
1.055863994562530195e+02
8.337896569090037246e+01
1.306209689086706192e+02
1.650966971600408897e+02
8.869989114656824825e+01
9.595165292976022897e+01
1.255255984406247762e+02
2.163454346587909356e+02
1.189374537523537185e+02
1.879874586423383676e+02
1.379790521460748494e+02
8.406155854525488280e+01
1.447060214288825080e+02
1.391487806520982531e+02
8.319536995757448494e+01
1.432567297910759123e+02
8.862296712622847394e+01
8.968704272938023792e+01
8.925153323423499785e+01
1.509473143097618220e+02
1.133467823641813368e+02
8.384819665051325899e+01
1.552523082858108978e+02
8.903502624882855798e+01
1.013549096868279378e+02
1.592233206528461835e+02
1.074076435309202822e+02
1.417228514918717508e+02
1.189981011869012093e+02
1.174614604270421125e+02
1.049608150552390526e+02
9.490511011438084665e+01
9.530208285117639377e+01
1.335170397566082841e+02
1.395698520765245974e+02
1.411059531001507423e+02
8.837729381529341310e+01
1.181967750552973939e+02
1.582760828581958776e+02
1.069530825571332144e+02
8.333279427325774691e+01
9.938621904446227973e+01
1.707894975579520462e+02
1.376494981893577858e+02
1.388734325068366502e+02
1.670841599605979582e+02
1.686695921062613763e+02
1.170354683672983214e+02
9.618031079117687909e+01
1.320008179140235995e+02
1.062453277567554437e+02
9.444425191953742171e+01
8.825744764615038207e+01
1.082878108766128094e+02
1.471077784869883374e+02
1.100676168591983810e+02
8.905804085311589802e+01
1.770673519256643829e+02
1.078164218874581479e+02
1.208653812224443698e+02
8.917722175545169705e+01
1.100318040960432739e+02
1.836700886188732227e+02
1.236131941592017398e+02
1.839522401275187917e+02
8.830139880234800387e+01
1.771015292831584134e+02
1.545000819598330963e+02
1.851398900553537317e+02
9.647594256130334145e+01
9.561481689604769940e+01
8.996061811312242185e+01
8.340236978998075301e+01
9.461644295803770888e+01
9.438373177116339718e+01
8.372827723952855195e+01
1.094318542905159006e+02
8.343179595844277685e+01
8.345431917820438628e+01
1.807648730530182206e+02
1.323411652398226863e+02
8.857603381902113426e+01
1.307791068078167882e+02
8.871563275903936585e+01
1.235310654945817106e+02
1.044404701648764586e+02
9.990640989890680146e+01
1.705978972906668787e+02
9.575953254313714069e+01
8.297182658360260632e+01
1.048864282037551021e+02
8.911624600292009291e+01
9.992113066667118915e+01
8.823416526601559440e+01
1.630261840409849583e+02
8.895734358827996857e+01
1.072202945441406428e+02
1.730163427056939156e+02
8.858673251273343396e+01
1.125416831584517467e+02
9.502155066371393843e+01
1.210063969592689830e+02
8.969136674157267919e+01
1.577027419196716380e+02
1.095364926394579612e+02
1.724485554361079380e+02
8.976754051729923845e+01
1.443480494932173883e+02
1.273803120690789115e+02
1.448156860184128618e+02
9.501502195447120869e+01
8.336158101089773709e+01
1.528841689593838566e+02
1.391811011608258468e+02
1.477831333361543784e+02
2.317673884352029177e+02
1.379215486392103287e+02
1.154052263903734712e+02
1.279848050862195947e+02
1.408522665266860940e+02
1.324909221732410458e+02
8.354164094015847297e+01
1.158249772765165773e+02
1.305221942193845734e+02
1.351826049806894616e+02
1.682165838158377085e+02
8.879647522920957670e+01
8.968231888593794565e+01
1.699214520382745661e+02
2.025807783608252350e+02
1.525693659193420046e+02
8.860936761107251414e+01
9.574465652985169584e+01
1.600294290905294474e+02
1.288520290152319490e+02
1.053313635146867000e+02
1.330530894866722917e+02
1.074206770433369513e+02
1.170950305259608655e+02
1.222894357794752409e+02
8.904949799093797935e+01
8.864433207990570907e+01
1.294192327365763902e+02
1.106193857232740498e+02
8.358311826049421711e+01
8.342169809196487051e+01
1.563525709399198718e+02
9.521240650279806061e+01
1.012217073292834328e+02
8.321472723980629382e+01
1.801732497068656471e+02
9.511324677320601495e+01
1.229933922558907256e+02
9.605447692196001697e+01
1.729119987378752796e+02
1.125973988494439340e+02
1.346578973422940635e+02
1.478509913363239434e+02
1.592964295149436964e+02
8.847674610540013873e+01
8.938766406062114811e+01
1.643117368838675532e+02
8.854763911858103143e+01
1.726758418657083780e+02
1.135507738933312680e+02
8.343170769804645204e+01
1.023505377873460844e+02
1.080130177222659995e+02
9.012612002213685969e+01
1.636717790158820094e+02
2.211993752133571149e+02
8.841362072927591953e+01
9.461750197512490956e+01
8.971446015343505564e+01
8.828568429118929828e+01
1.018873764143210536e+02
1.139871920013621889e+02
8.320295249212830413e+01
1.933453493738419695e+02
1.412224640200340673e+02
8.351702991188381020e+01
1.221219564442513814e+02
1.104494134627550181e+02
1.217532990632984564e+02
1.004909125656867133e+02
1.378702930305254313e+02
2.245480113082253695e+02
9.548452003070883620e+01
8.845886023261068942e+01
1.133281263748251178e+02
1.040608227903114766e+02
9.463448032413339206e+01
8.886328085091903972e+01
1.054321654227519218e+02
1.391008191437670405e+02
1.145914666092511283e+02
1.420817355443859071e+02
2.048485263668593177e+02
8.339404279414853249e+01
1.053901488254798124e+02
8.360341594653723973e+01
1.409683507811292600e+02
9.492135063726657052e+01
2.072583221220197629e+02
1.242515146675770410e+02
2.007436185913347231e+02
8.360839502127963385e+01
1.000341091479862143e+02
9.463330745219779772e+01
9.513548650378010052e+01
2.121239962527588432e+02
1.177993241725035602e+02
1.093285608428176090e+02
1.272718125905449966e+02
2.167786555078707522e+02
8.893545234154542811e+01
1.312846519674563410e+02
1.103457435755693012e+02
1.374399891746397202e+02
1.498426831828909087e+02
8.968479630761412125e+01
7.851516963037046537e+01
8.337711555089161664e+01
8.970890244045736495e+01
8.317106416268850921e+01
1.725090546702416532e+02
1.080236792008375772e+02
1.458060393100094814e+02
1.306081982291381678e+02
1.116967360173811414e+02
1.003025441182134898e+02
1.505102502547564427e+02
1.881558481818243820e+02
1.704645967506784530e+02
1.055806961903201255e+02
8.964355779149190084e+01
9.601019209198675242e+01
1.399894974598129522e+02
7.858408838510857208e+01
1.834692882736695481e+02
8.367072601489886097e+01
1.323786682877777423e+02
1.187293338803533089e+02
1.563555446565172815e+02
1.661885028114018894e+02
1.769095736936480421e+02
8.901752231945212657e+01
9.500099798776398075e+01
8.404442459420737066e+01
9.598583250334598915e+01
8.340608120758398059e+01
1.658982344735731260e+02
8.334194436903804615e+01
1.686398802974128159e+02
8.826322300781616548e+01
8.953701940065887754e+01
1.287282339050266842e+02
1.532917612657642223e+02
1.601135344136736478e+02
1.391706820731874643e+02
1.005821526809248780e+02
1.535834085971149818e+02
9.574201321540176934e+01
1.317676949467263228e+02
9.437470921324356254e+01
9.029028143492453751e+01
8.330873412781001264e+01
1.555515576582528183e+02
1.065323486029291331e+02
1.576419976551184448e+02
9.482470285794079246e+01
8.933364968348453772e+01
2.093627520479067243e+02
9.095617547865336405e+01
8.340602152716709838e+01
1.931557295293259813e+02
1.404526790651496526e+02
1.911937049331425840e+02
1.772984169918872226e+02
1.063162250114700100e+02
2.602034902267753296e+02
1.530115627491387613e+02
1.012812759992172857e+02
1.226790764433125389e+02
1.926429450821674152e+02
8.344514623197912329e+01
9.474130962834800584e+01
9.584714651868880253e+01
1.196828645082221954e+02
1.116545027019794958e+02
9.981334932386262437e+01
1.205923212815639403e+02
1.224122862307076502e+02
8.870541493150723511e+01
9.367467992252257147e+01
1.178925412581052541e+02
1.264268534476532295e+02
1.349717492214881815e+02
1.044007566120299515e+02
9.442885842387224216e+01
1.008082465208090781e+02
1.301252647186784372e+02
8.311784914277363612e+01
9.462136289704412206e+01
8.957551322279570627e+01
9.587742873528564758e+01
8.941134536466546479e+01
1.186183647549802203e+02
1.211714443452257797e+02
9.608915542037627233e+01
1.553089521882776580e+02
1.185558813963383074e+02
8.959333972062989915e+01
1.459999299516192650e+02
8.355658962681928870e+01
1.568325765527809210e+02
1.116570040548969871e+02
2.738316073168527964e+02
1.939918429582529882e+02
9.239418104873325888e+01
1.237326978678108134e+02
1.167610496203565731e+02
9.491819535283279663e+01
1.392074423397962448e+02
8.840049451166439098e+01
1.660892591514225103e+02
8.344706092064005531e+01
2.310295356710272472e+02
1.768389636582328421e+02
1.746298181530875695e+02
1.757121384003540356e+02
1.325574677730341477e+02
1.398204233212667873e+02
1.038649356236511210e+02
1.549453427483922781e+02
1.641597192236279739e+02
8.957385623338888081e+01
8.341511632038032076e+01
8.841873279884498515e+01
1.008699855074134035e+02
1.471572366125921292e+02
1.468577331422818588e+02
7.860476390554666182e+01
1.147089149511702573e+02
8.882853016984481087e+01
9.467164526301452554e+01
8.909838775236293884e+01
1.227291080227593909e+02
8.359638135308875917e+01
8.346570034270563099e+01
8.345021259889134058e+01
1.743571141897083976e+02
1.271686276905891333e+02
8.843590916531753976e+01
1.080607305413709724e+02
8.898533486186855157e+01
1.070574192010392665e+02
1.397823515520029218e+02
9.444092211636498746e+01
1.609198481661547930e+02
8.366890974513724188e+01
1.343997860143657022e+02
1.048705432949678880e+02
9.122392183172919999e+01
1.370117745660521678e+02
8.999916317208243299e+01
8.942469332060503007e+01
8.419502524790053144e+01
1.171189108275686834e+02
1.521407633505115200e+02
1.253432625294139342e+02
1.236469675862796862e+02
8.803127226150147067e+01
8.355567787455765938e+01
1.406182709918346916e+02
1.162972950415388453e+02
1.153881514468148453e+02
1.048200666388890596e+02
7.839849484446712324e+01
1.193017738473837142e+02
8.929493988740345856e+01
9.508734487581999417e+01
1.801742675066557808e+02
9.654602436955346434e+01
1.025640547671120117e+02
1.752246937231857089e+02
1.541449862255093421e+02
1.239973726306759829e+02
1.179575245933220344e+02
1.914782111619464615e+02
1.359541806772154757e+02
1.366801794065293052e+02
1.003449119958809774e+02
8.349929455773282427e+01
2.053353496752166336e+02
1.122736057350171706e+02
9.998839965909601801e+01
9.922692595763142265e+01
1.009291610853828303e+02
1.669308244734249627e+02
7.813739905471264535e+01
3.866862241630695962e+02
2.258906627149720805e+02
2.316758503042181587e+02
2.391260611670431899e+02
1.110363206330211625e+02
1.092485508721063070e+02
8.539109005801314822e+01
1.879108963913262187e+02
2.854177655707640042e+02
2.675977929723524085e+02
2.665754632785727267e+02
2.731189508407283029e+02
2.319502521689404944e+02
2.873055507324887117e+02
3.749069414848767678e+02
2.918626029210952311e+02
3.279597343265357381e+02
4.200346810337269972e+02
3.396103541362828651e+02
2.243836193616090497e+02
2.665991709517287518e+02
3.221880139851551803e+02
2.850941086294325260e+02
4.947866152600873306e+02
3.025958408561241413e+02
2.881827520445290816e+02
2.300430712978235590e+02
2.398171593310400453e+02
2.147731675932427038e+02
2.331120597975730959e+02
2.297592032474446739e+02
2.608993106104678077e+02
2.859614820079193578e+02
2.660594259203033971e+02
1.940623816143792908e+02
2.305465821123009107e+02
2.048748442390325977e+02
2.058694066924931008e+02
2.091468786474391663e+02
1.732686199439700090e+02
1.760394368759490362e+02
1.862041206028996498e+02
2.243882276556728641e+02
1.699981961747019170e+02
1.965595941188338713e+02
1.752954272014980290e+02
1.733794184372633254e+02
1.729541782761805564e+02
2.264565551103054020e+02
1.617674051520222633e+02
1.555732279799433968e+02
1.868053749525595038e+02
1.593824814983113072e+02
1.703529280840458853e+02
2.300470531877817848e+02
1.777316233242584644e+02
2.601313287434214203e+02
2.149368148941227048e+02
2.217261331060349221e+02
2.095565202763040418e+02
2.226687745724343586e+02
2.319519273141645215e+02
2.540291041205695421e+02
2.481325977003915284e+02
2.347062292195217310e+02
2.636356029212818157e+02
2.824415668255491596e+02
2.571946272751903848e+02
2.519883829536907456e+02
2.841296556202354395e+02
2.791672059220964002e+02
2.576018413821706758e+02
2.344886286770545496e+02
2.854695850034578370e+02
1.609815341465495067e+02
1.097401901213013673e+02
1.672923590532237199e+02
2.147579152267337577e+02
3.457257087912245765e+02
4.923501230517617842e+02
3.188540594963087074e+02
3.444872171967390386e+02
2.908117313063472125e+02
4.149211323057381264e+02
3.358937250335546878e+02
2.594662017713755517e+02
3.446608035646460735e+02
2.862177396556727444e+02
3.238584974622650066e+02
1.908586379406873164e+02
2.536858731267343217e+02
3.093187242046727192e+02
3.190127712561044291e+02
2.889274585638819985e+02
3.447064640222244520e+02
3.009332469110652255e+02
3.178498916142835924e+02
3.691199657727341332e+02
3.595279859185577607e+02
3.349213792534500840e+02
2.783609381830614780e+02
3.913459901777902132e+02
4.346178161534407991e+02
3.089022510548712148e+02
4.467138631603729664e+02
4.112898807087364048e+02
3.149964293489089755e+02
3.861225579239419972e+02
3.839269601485153203e+02
3.145324921287470374e+02
3.775680450351494528e+02
2.610060628256472341e+02
4.083937402827680785e+02
4.052013613144954434e+02
2.629227825222035904e+02
3.513225390744202059e+02
2.795420293969256136e+02
2.347575332727066950e+02
2.501877776921000702e+02
1.976221662130672030e+02
1.811198414918958122e+02
2.818597399459884514e+02
3.016891910571671360e+02
2.071521940141812195e+02
3.262303853766756561e+02
2.198368912513360840e+02
3.115388745372933386e+02
3.160525908919986477e+02
2.740288422825190651e+02
2.494689751184677107e+02
3.349568213265799272e+02
1.412522683401796257e+02
2.876465542033097336e+02
1.736234997211016378e+02
1.769031686772434000e+02
3.486798425953051037e+02
1.711752674627472004e+02
2.410358628954428752e+02
2.628255121923591560e+02
3.499284889704788952e+02
2.935721869419430163e+02
3.820429367835675407e+02
4.165595768381942321e+02
3.255861009764517462e+02
3.913120130361495512e+02
4.274981608723394402e+02
3.681478861474505493e+02
3.854123265785511308e+02
3.569851954634675621e+02
2.241873725954962424e+02
3.050099142717015184e+02
2.702900840938211218e+02
2.546086962832837344e+02
3.038385422252909507e+02
5.236097244401594253e+02
3.384621330039387317e+02
2.603621287870435594e+02
3.270438466030835798e+02
3.272818458127815688e+02
3.562770291533098543e+02
2.889323744437101027e+02
3.435153192218920708e+02
2.891932005805549011e+02
2.626773573922471883e+02
3.691927946654487869e+02
3.337271330855256224e+02
4.622221451418309357e+02
3.640819751286471728e+02
5.106045144548714347e+02
3.082362558594958273e+02
4.690953282294906330e+02
4.168266970148889641e+02
3.245105674288489581e+02
3.678449228324546425e+02
3.646144686151869223e+02
2.854089593424422446e+02
2.792907687304574438e+02
1.939758379429455886e+02
3.068557242908104854e+02
3.074041992697236196e+02
2.399219636371696538e+02
2.348566012436207870e+02
2.109720650332599519e+02
2.666773817063519800e+02
4.211231680732800555e+02
3.435635985611487513e+02
2.757535950291323843e+02
3.067086966996967590e+02
2.732810166804010237e+02
3.842279107347844729e+02
3.167533854202811199e+02
6.223854064381743001e+02
3.338084321082935730e+02
3.160153450555841346e+02
3.218709178896559706e+02
3.119077176307773698e+02
4.796395199325314707e+02
3.222547861347977687e+02
2.881103491601417090e+02
2.306050720591152583e+02
2.686472789975080673e+02
2.629243864230613212e+02
2.909898020783031711e+02
2.762611207213163311e+02
2.139113420414387292e+02
3.243473109302469197e+02
2.979110093133282930e+02
4.276089521797853195e+02
3.988839682487919163e+02
3.490733997846946863e+02
3.650159741779200431e+02
4.504140685747790940e+02
3.646266249284369678e+02
3.343327715020917594e+02
4.387752574043943810e+02
3.470030461329706100e+02
3.071571445071763833e+02
3.342497752972972194e+02
3.365510262669856161e+02
4.209643819323316620e+02
3.036651295959577510e+02
3.068253398078386454e+02
4.216051565219866006e+02
3.583255630546868815e+02
4.354787189439903159e+02
3.912607688771914241e+02
4.643465116773092518e+02
5.076109632380160974e+02
2.683613767756303901e+02
2.972782532271867240e+02
2.894372305869266597e+02
3.877899788107181394e+02
3.352555847031646863e+02
3.149253120791826177e+02
4.698605295830221280e+02
4.942667827073477724e+02
3.968852029668391310e+02
5.426833316447442712e+02
3.490820019482530938e+02
4.211477944295897942e+02
3.423577690389904546e+02
4.214340197292033281e+02
4.158632549304934969e+02
3.781038224011874718e+02
3.867689060677190014e+02
3.800754420655386525e+02
6.480448006727966686e+02
4.418860611425353113e+02
4.368273208178512732e+02
6.232746075773891334e+02
3.476467195855816499e+02
5.261484277559285374e+02
6.405911906722184312e+02
4.706675321401652923e+02
3.711106967072053635e+02
3.315158862338515746e+02
4.787288904076336848e+02
4.199028508281454037e+02
5.493345271487819446e+02
3.381707919436599923e+02
4.849338940727720342e+02
4.076559030551366050e+02
4.191599847945125248e+02
3.660351722984268577e+02
2.617731138729633926e+02
3.310623847771587407e+02
2.593614975399054856e+02
4.538359601525883136e+02
3.539904999101807448e+02
3.147950518355266922e+02
3.182361619706812235e+02
2.750827307277172054e+02
2.745964992621255192e+02
3.751707892683295427e+02
3.534531462761171952e+02
3.479960719854344120e+02
2.779363843147899615e+02
3.030143487697785076e+02
2.944431459803944904e+02
5.283967425932376045e+02
3.535269349966335426e+02
3.062988128905744247e+02
3.022427449096599048e+02
4.977909968962019889e+02
3.254129259404226673e+02
4.240019952232476612e+02
2.672200380132008490e+02
3.553583522895863211e+02
3.236778597102167510e+02
2.850099626676442313e+02
2.859239360736010553e+02
3.439895050028867445e+02
4.253800526364814800e+02
3.635677828834496950e+02
4.608657073304501637e+02
4.695280603338650849e+02
4.981253862160730819e+02
5.469430720521298781e+02
4.499332770885827699e+02
5.853872760396330932e+02
2.352676808602211338e+02
2.750183815711787361e+02
6.157461167213233466e+02
3.412217639730198471e+02
6.558899496748563251e+02
4.337501325893896933e+02
3.651713542631192126e+02
2.990328319062109017e+02
4.188762928805067531e+02
3.113510998658742892e+02
3.089258847159251786e+02
4.435860678327847495e+02
3.319175689434263745e+02
2.984641155756536932e+02
3.625465218769393232e+02
3.106333590417053188e+02
3.940700880491001499e+02
4.032988451941650396e+02
4.872914265317525064e+02
3.075914120828240925e+02
3.370468621560802944e+02
2.659980607658471854e+02
3.082687642542208550e+02
4.113369176907312408e+02
6.250793542884250655e+02
2.797349879718751708e+02
2.739379095327474829e+02
2.957604004546766987e+02
3.534655188182912298e+02
3.263679324263220565e+02
3.543458017999226968e+02
3.000423112551462737e+02
4.161528104839772482e+02
4.172283673929070460e+02
2.691702499231587353e+02
5.337407909269908259e+02
7.208340770413205973e+02
3.998132676442226625e+02
6.120601438458338635e+02
3.386499599854567464e+02
3.550707653260516850e+02
3.704773896842643808e+02
5.857571977995360157e+02
4.371981245263679625e+02
4.257174261227561942e+02
7.914157524854400663e+02
4.006032820246732626e+02
7.435036603712308079e+02
3.600656627820334279e+02
3.835770773772929374e+02
4.881287684443742023e+02
5.234501287907139613e+02
4.484809487154666385e+02
4.357523829050038557e+02
5.242496130567933506e+02
3.622832841098273775e+02
4.169800712886056999e+02
3.786092589532293005e+02
4.406639806852031143e+02
4.127451883899806262e+02
4.425731370463643657e+02
7.432740103479404752e+02
4.124589403031001211e+02
6.584882815451869646e+02
3.771458524656388249e+02
4.038806047358297064e+02
4.594503890988533499e+02
4.472666103740850190e+02
3.761340656265438724e+02
5.066572537841606731e+02
5.993438073878494379e+02
3.783712339912944458e+02
5.471856323805905049e+02
5.611070723288827367e+02
5.357785690581621338e+02
3.391640979882993179e+02
5.982142870559553103e+02
5.670665557869580198e+02
3.821034070614560960e+02
5.683658670564486783e+02
5.364334659467314168e+02
5.036404809572600811e+02
3.900265693712365191e+02
4.645708936086534209e+02
4.020736588429757035e+02
7.249130636609952489e+02
8.500866604243816482e+02
3.753062772549098440e+02
3.666293906966824920e+02
4.117696634030460814e+02
5.572192762148972633e+02
4.349958705473314353e+02
4.084174138139574097e+02
3.739642314398948884e+02
4.047701547438562102e+02
4.691334078544484782e+02
4.903732203608083751e+02
6.253907233234530167e+02
4.734613134342193916e+02
4.725235781730125950e+02
4.154257725489021595e+02
3.108185412917983399e+02
5.109080802322565091e+02
3.716399345039255877e+02
4.293246151366114987e+02
6.079970531048074918e+02
5.101462014551947846e+02
6.420392681667055967e+02
4.607090287417655645e+02
4.515592350988283101e+02
3.231805011853622318e+02
6.075606630533378620e+02
4.679993476196825100e+02
5.099832667479794850e+02
3.610851914881575340e+02
4.031336817033417788e+02
4.242190452159383653e+02
5.061975480597521369e+02
3.769787419205320020e+02
4.463585432916456170e+02
3.742158432801535923e+02
5.119297990283451441e+02
7.032767122601594565e+02
4.502206894472743670e+02
3.915832338182513013e+02
6.024346501461371872e+02
5.176840897668231491e+02
4.463150367844995117e+02
4.317998632445867315e+02
5.744502650120348335e+02
3.874828229961896113e+02
3.707960379860238618e+02
4.980029210720136348e+02
3.753229598566268805e+02
3.353761018557741522e+02
5.247187876562632027e+02
3.287808609519703396e+02
3.562780114947677248e+02
5.439477249355701360e+02
3.422569336326134817e+02
4.104007477701534867e+02
7.027586334718786247e+02
5.728946350234698457e+02
4.213963813159116967e+02
4.798622918631979815e+02
5.078837559432002990e+02
5.237902361587302948e+02
3.852284052735029718e+02
4.078071519108477787e+02
6.036308246792442560e+02
5.732260666901152035e+02
3.158897917644782183e+02
5.723570430299286045e+02
3.999647206775829886e+02
4.270877517358522368e+02
6.491777294397104470e+02
3.767409328014860534e+02
3.581524097085062408e+02
5.275438993399041010e+02
4.340100880473495977e+02
4.355721201052187439e+02
4.042366922205539481e+02
4.198926099610478104e+02
5.750557801336237844e+02
2.338041226653905653e+02
4.043369052939678454e+02
4.379644091442677336e+02
3.988915254691546579e+02
5.373785715159961001e+02
4.828814831553015097e+02
4.582257689494592796e+02
4.975290468230468832e+02
3.689725347753836786e+02
3.501164150693969077e+02
3.906947561052422770e+02
4.867842716859046277e+02
5.972036986397594092e+02
3.745357024672255193e+02
3.300017498389807997e+02
6.893214884004488567e+02
5.679587969815557926e+02
5.446768497525496286e+02
4.566934296245641463e+02
6.066933065737865718e+02
6.775830263754306770e+02
7.660779346375987870e+02
3.720130965593357359e+02
6.634306582684013165e+02
5.560660758074120622e+02
4.793331406520049427e+02
4.485173820676959053e+02
4.677781665614019744e+02
3.432959593852293665e+02
3.435887528743684811e+02
4.553474676612962071e+02
2.861368071668058519e+02
4.746471910917067589e+02
4.978315627343096708e+02
7.317771518025356272e+02
7.669243891237456410e+02
5.209104805363604100e+02
4.926215175677224352e+02
7.526839236155127537e+02
7.510306799937543474e+02
5.280718253425303601e+02
4.170814101584534797e+02
5.228396289398360750e+02
3.159288436722449092e+02
5.925490838951637897e+02
3.965867808121387839e+02
4.860569353199547322e+02
2.691627763885975924e+02
4.839087645582542336e+02
5.442966994901878479e+02
5.053310818460004725e+02
5.576148603386860714e+02
4.234633810366964326e+02
5.056197186635392313e+02
4.150819654626798183e+02
4.232885707788666423e+02
4.274812920554687139e+02
5.879253268266048735e+02
4.981698523537950791e+02
4.722093405704365523e+02
5.333788066530058813e+02
4.982755801447153772e+02
6.287862386772841319e+02
7.534397717433058688e+02
5.502492202277441038e+02
7.184921610988857310e+02
5.534080205786282249e+02
4.476051628400180675e+02
4.390153999466376149e+02
4.480527897400673396e+02
2.888783228195624702e+02
4.171604398473586457e+02
3.916279888178277133e+02
8.192121891918408210e+02
5.350164624033931204e+02
3.329548174633147255e+02
3.113752719468142232e+02
4.611622086109222778e+02
3.994690085783510085e+02
4.392803935448881703e+02
5.598260007302191070e+02
4.333199738966015957e+02
4.538091406712883895e+02
3.671467911424362569e+02
3.185744263069847761e+02
3.095888772071072026e+02
6.584952982955411471e+02
3.464912565965412909e+02
4.921293064606265943e+02
4.785401182407092051e+02
5.470875238472602859e+02
8.521895067264099453e+02
7.379628888771090942e+02
3.798449218500985012e+02
5.458227950212568658e+02
5.925179567235952618e+02
6.580958298332960794e+02
5.840349076218293476e+02
6.658264376435323584e+02
5.278199831613995912e+02
6.613299577014905708e+02
6.105310185246189576e+02
4.917122902049420645e+02
5.376156291383621237e+02
3.833099280376865181e+02
3.870384835193986532e+02
5.353053164451472412e+02
4.716252463609416168e+02
8.329481760734475984e+02
3.670863403179727698e+02
4.946250623267449100e+02
5.357888028611378104e+02
4.628228683295265569e+02
4.785552474682903039e+02
3.371734113057262334e+02
5.600613856395457333e+02
4.623659784644481192e+02
4.583564560957737513e+02
3.302782167878526138e+02
3.130330096998137606e+02
5.470699817126567268e+02
3.295744341693428510e+02
2.665095189935940425e+02
4.938912853974180166e+02
5.082515543078283713e+02
5.045977907900236232e+02
3.761360402042070632e+02
5.350331234194702574e+02
4.249171297441956199e+02
4.402807822398360145e+02
6.435887737014459162e+02
4.866796257726562658e+02
4.918337193301770753e+02
3.531433533343737849e+02
4.004964067795239657e+02
5.795565897651746354e+02
6.248338437135495269e+02
6.231898186737105334e+02
5.920958636475614867e+02
5.410763666335457174e+02
5.321187751608254075e+02
3.054073899037259707e+02
8.366762616949258700e+02
7.001808673540946302e+02
8.758134508697476122e+02
4.995904295966925019e+02
4.507029388906456688e+02
4.223201751421594281e+02
5.234545350539938227e+02
5.580701488669167247e+02
6.925152794021280442e+02
5.927269299962158584e+02
7.022860317731582427e+02
5.302980877280020877e+02
7.111778738830669226e+02
4.908655906910524322e+02
6.053682287404924409e+02
5.651355243004223894e+02
8.807750340042376820e+02
5.657943019810264786e+02
5.770957043857284816e+02
5.628788754403949497e+02
4.145991586655744641e+02
7.179687787593076109e+02
4.259488543896320039e+02
4.529173983928043299e+02
5.202409221550414031e+02
6.131565918217377202e+02
5.213828469300875668e+02
3.708666274187163481e+02
4.414342568954289732e+02
8.454254267874013067e+02
3.712899188138908926e+02
5.848641753242261530e+02
3.490793255005633000e+02
4.431404258165444503e+02
6.761406498788958288e+02
5.520806488823353675e+02
4.910907634395741184e+02
4.719416120236947449e+02
4.246345567598856405e+02
9.174685847008207702e+02
4.090345654471117882e+02
5.371150063697119776e+02
7.290856418743115910e+02
3.177144911799973670e+02
7.435196756833923928e+02
4.657843369207715796e+02
5.322773260864597660e+02
6.387924915852713639e+02
7.497419461936498237e+02
3.178494297288316943e+02
4.521267110144671051e+02
6.862879376373557534e+02
7.449639259158975619e+02
4.304199249775085150e+02
7.830987474637796595e+02
4.692933775686599347e+02
7.191476198885028452e+02
4.061404216677356658e+02
4.701983942843968407e+02
6.256558559349434745e+02
4.662534504008361296e+02
5.988990067842099734e+02
6.081646213672078147e+02
6.740382087488857223e+02
6.247903046575582948e+02
8.734377256780479684e+02
7.228459806457051400e+02
4.298398485450632052e+02
2.639159054400889772e+02
3.176544460447342431e+02
4.614376559496994901e+02
3.969602521960784998e+02
4.229892060276191046e+02
3.887617223076558162e+02
3.807391278840586324e+02
5.125812367490935912e+02
5.920590374235433728e+02
6.156013223562097210e+02
7.831700889739323657e+02
5.424667783270086829e+02
4.314528546899445587e+02
3.743495545054154832e+02
6.913961995572700516e+02
4.369392425047706752e+02
4.904321268299015060e+02
5.431388248088578621e+02
1.006044489143549299e+03
7.285344375151292979e+02
4.882755503188994908e+02
2.988746600400360194e+02
4.594842240069176569e+02
2.919769278671545294e+02
3.992201010505813770e+02
6.232320155695841777e+02
6.147361795886755544e+02
4.835155987117665290e+02
4.354125199556387997e+02
4.943182596976163268e+02
3.988309524858452164e+02
4.016927479489750681e+02
4.714836330903616499e+02
4.204584042175496847e+02
8.568932925089836772e+02
6.146841600111705475e+02
6.027288428227049053e+02
5.942111671253135228e+02
4.197410095663540801e+02
5.676482707262750864e+02
4.998969768359007162e+02
4.414224855129573371e+02
5.901184762526847862e+02
4.579640017187113017e+02
6.766586425126719178e+02
5.521513680141804343e+02
6.893399604723316543e+02
6.025539157645443993e+02
8.085610243410936846e+02
5.463595656836992021e+02
6.514451491512102166e+02
6.413640152608635390e+02
4.728258500955910222e+02
4.440763729983730741e+02
5.982736833400410887e+02
4.383060136824707911e+02
4.428781308173001321e+02
6.194949444550362614e+02
6.757849062975111565e+02
5.265994677671945965e+02
5.331445263867937001e+02
4.628241525368811153e+02
6.721745339491806135e+02
4.492200459196182578e+02
5.961802495965155231e+02
7.840912222991535145e+02
4.264050009769475196e+02
5.227736668000501368e+02
3.940843243891853831e+02
4.757610998318275506e+02
3.207898927015598929e+02
7.552432193989959615e+02
8.472147260006780698e+02
7.813225311779806361e+02
7.397525647477496022e+02
3.970049925158803035e+02
4.106587675286073136e+02
4.157565503976645687e+02
7.200252002702685559e+02
5.050960050323357677e+02
6.180403287568129826e+02
6.335976630661025411e+02
6.090842794801100126e+02
4.132640636405255918e+02
4.786001888973523819e+02
4.710303552674938032e+02
4.467458285582846997e+02
6.048810721125050804e+02
6.933552582596248612e+02
7.006022613827936993e+02
4.101926821215625978e+02
5.931634083164631193e+02
5.479555253970271451e+02
4.078285897586026749e+02
8.316860388609754864e+02
4.715839684465229311e+02
4.953056056988853015e+02
5.809609274506734664e+02
6.393916552578482424e+02
3.585801205534065161e+02
5.659597167135017344e+02
6.724410084572765527e+02
4.479543099279735543e+02
4.904175602350046006e+02
8.634816415731436337e+02
7.220160319599337981e+02
4.872921157982625004e+02
1.301050070480779141e+03
1.051742196735438711e+03
3.954196418648685949e+02
3.348482068070204605e+02
6.281623410239819805e+02
8.297500275805971341e+02
5.807974250061776047e+02
4.035235739230362810e+02
6.568199110541505661e+02
5.255821108219626012e+02
4.076253181038075581e+02
4.523158641256243300e+02
4.353785667748830974e+02
5.183637127501542636e+02
5.917354562814406336e+02
3.378851904609871326e+02
5.201043405984266883e+02
7.165039131695540391e+02
5.798357553757196001e+02
9.207273718744620510e+02
3.950094797823569479e+02
5.482068397639982322e+02
4.619530252784708182e+02
7.349173051515219868e+02
3.492809113301498769e+02
3.964534862398253381e+02
7.466816395595434415e+02
4.570062214413241577e+02
6.505381152907932574e+02
6.825747831075580052e+02
4.076775027734123569e+02
8.423407116243751034e+02
5.409281604344216703e+02
5.830690322683989280e+02
4.163737718810650676e+02
6.501747906772978922e+02
5.567800749924340380e+02
6.615859649081343150e+02
6.811560567253560521e+02
6.817187390595821626e+02
5.516254920212028310e+02
4.548931174425790118e+02
5.719908454404861686e+02
5.177561525930176458e+02
6.792958928186108096e+02
5.283912682914285597e+02
5.115831166675504846e+02
6.504388240722436194e+02
4.988712525118912708e+02
9.457889079146555105e+02
4.204459315776302901e+02
5.056790392466332378e+02
3.009717743640651406e+02
4.993998430316535178e+02
6.585728768265369126e+02
1.208601027566073299e+03
5.429772148271949845e+02
5.717573449614317269e+02
6.356857648634493216e+02
5.706769688698947220e+02
5.620389851782410915e+02
5.168226646787618392e+02
8.756705436857162113e+02
5.845752275722830973e+02
5.314283053414640108e+02
4.463281236780831023e+02
3.317971464632934158e+02
4.339847779812308204e+02
6.377003906378523652e+02
6.022477133920068582e+02
6.359089954889432192e+02
3.426093890011380267e+02
5.894944542519267543e+02
5.079139253922037369e+02
4.094750912258161293e+02
5.925774396049431516e+02
3.570894366110569536e+02
6.002388852932052714e+02
7.102951451264132174e+02
4.775331896741270157e+02
6.445630983514962509e+02
7.015128789028182155e+02
6.858052397583097672e+02
8.147410081263965367e+02
4.937988469431480780e+02
4.728132443037536632e+02
5.701470786609938841e+02
4.729829636947147833e+02
7.202496964691199537e+02
4.550045310844441246e+02
5.238975703993686466e+02
6.860679530311549570e+02
4.677622245971444954e+02
5.465163767359553049e+02
5.973253003794583265e+02
4.964860443978012654e+02
4.778490353647945881e+02
7.239162251673908486e+02
4.443093125191076069e+02
6.642424108492544974e+02
4.230055977357300208e+02
5.714445576663580368e+02
4.475302296649977052e+02
4.796680477044089344e+02
4.947521869845151059e+02
6.721534456846065950e+02
8.616969963117119278e+02
5.269277608265666686e+02
8.022672352857730402e+02
7.737209498038164384e+02
7.405313316649181843e+02
6.524956856269017180e+02
5.453498396010639908e+02
7.914598600788955309e+02
5.642780723884696954e+02
5.111861669696718877e+02
6.832649702758777721e+02
5.830421128556261010e+02
4.175834826719284933e+02
4.854430900390786974e+02
8.825907901191108067e+02
4.293620732515180407e+02
5.721044407323546466e+02
4.981531348040857665e+02
8.838821563618223536e+02
5.892149442355129167e+02
4.959226117088968522e+02
6.322466473786264487e+02
6.532702519297117760e+02
6.445215395324195242e+02
5.227231620387373141e+02
5.819872051449045784e+02
4.452005498496809537e+02
4.669138131487728174e+02
6.710354754563737743e+02
6.586761429892852675e+02
6.249245718848195565e+02
4.123048234461007269e+02
8.806224550243344993e+02
5.114178892384368282e+02
7.986055932373782298e+02
5.633964126929729446e+02
6.092403775660252450e+02
9.447271020374877253e+02
4.959674063442589045e+02
5.136115824921727153e+02
7.856318167441070273e+02
6.658277021017396464e+02
5.390957026106336798e+02
5.111380133005837365e+02
1.159445437694862903e+03
5.940866644687356484e+02
7.122567008330875069e+02
6.561544479059487003e+02
5.255573702458965499e+02
6.353178443871206582e+02
3.992813760095427256e+02
1.017761275803168814e+03
4.275444030631420560e+02
5.415011499801437367e+02
4.812554162354152822e+02
8.582424770742919691e+02
5.778871838940856378e+02
5.459056605764252481e+02
5.932778731453239516e+02
7.462827204171634321e+02
5.419932561422555182e+02
4.648938513854026269e+02
8.269338980445538709e+02
6.498366249025777961e+02
5.645960626900645138e+02
8.599053281713964907e+02
7.344183085339660693e+02
5.683762256509336339e+02
5.869949254684111111e+02
5.335748450313607236e+02
4.365353520353343129e+02
5.512320708226037596e+02
5.781103854170901286e+02
8.089943659370777596e+02
6.498257780224644193e+02
6.291156912827342467e+02
4.463676224204654090e+02
4.151860806323799125e+02
9.601892999241835014e+02
6.845733891367049182e+02
5.097790421095876354e+02
5.796709655593206207e+02
4.181792206418648448e+02
6.106336026107894668e+02
4.290957342956950811e+02
4.671218083424341785e+02
3.995772663421341804e+02
5.903924272178693400e+02
6.194567307703945289e+02
5.618445677577269635e+02
5.026823874819299363e+02
6.219260201956510627e+02
9.034686555089432431e+02
8.338185203308726159e+02
5.808959232850994567e+02
8.576469399620229979e+02
4.925302517554345627e+02
4.207712461403911561e+02
3.664651110742457263e+02
6.278871776706207584e+02
6.330916002081909255e+02
7.621012605331716259e+02
4.576737276278444710e+02
1.332606230201666449e+03
5.445753151752683152e+02
8.776970842820669532e+02
6.772516425238109150e+02
5.266375210937632119e+02
5.654248869850237043e+02
4.586665771068185791e+02
5.193702651858424133e+02
1.156056984030892181e+03
8.202460888205627043e+02
4.265386085615694469e+02
5.577192795114111732e+02
6.510078834939607759e+02
6.421186239785813541e+02
6.009617405566195885e+02
8.577940292299874727e+02
7.097424015286237591e+02
5.737060850294835745e+02
5.203223855502450306e+02
4.291860425423376455e+02
7.048759388574738978e+02
5.057580983767775820e+02
8.718161266282678525e+02
7.563215865884178584e+02
6.375508490801513517e+02
7.128051147282689044e+02
6.784181099695443891e+02
6.974995487117488437e+02
5.562279737947693548e+02
4.444689538185390916e+02
8.224086105395522281e+02
1.020036089798231387e+03
5.741759406647245214e+02
5.904596503445660574e+02
4.645261264826889942e+02
5.607939981989702574e+02
4.577659999192632085e+02
7.372548471762299869e+02
7.864341823754534744e+02
6.557202442142029213e+02
5.240334931795903231e+02
1.138542238689775104e+03
5.826071945435783164e+02
3.919745210791180625e+02
6.589774010459470901e+02
5.617797678168578841e+02
6.708012170683016393e+02
8.516654601543222043e+02
4.607294266959624451e+02
5.634162734232036200e+02
3.846193334408140458e+02
4.326857746785557879e+02
7.449766208849283657e+02
6.213526055484268227e+02
7.350883306824238161e+02
5.380543739352550574e+02
6.812347543561946850e+02
5.728180927336223931e+02
4.837362417014394964e+02
4.376658394775814145e+02
7.094073606463240367e+02
7.545939949628699424e+02
1.187549202283091745e+03
4.529833324338613352e+02
6.754901551782097613e+02
5.838360009264615655e+02
8.881887188992930078e+02
5.815463166395497865e+02
8.603058311741124271e+02
6.038282733210037350e+02
4.761339043185975015e+02
4.600258340789324052e+02
8.842555346810635228e+02
7.526415069266339515e+02
8.833891051986921639e+02
8.168084123394316975e+02
7.522431692531026783e+02
4.889077362299192941e+02
6.164255126317932536e+02
5.876929044946631393e+02
8.124514588640894317e+02
7.683566095789562951e+02
9.252114681319162628e+02
8.142327621433004197e+02
5.078419249303333913e+02
5.190358873057131177e+02
7.454792428329106997e+02
5.343340921149278984e+02
8.056470785417443494e+02
4.745328338692521015e+02
6.244641106069919942e+02
7.622253422833221066e+02
4.969495485733973510e+02
5.635324773735799226e+02
5.462716425835554901e+02
7.798206905234900432e+02
8.433869322496213954e+02
1.143826989864530105e+03
1.064405256715495852e+03
6.234912125867430177e+02
7.937395012478586978e+02
4.704534306496332192e+02
9.230226567629953252e+02
8.647216706636191930e+02
7.569173578446766442e+02
5.969676812012081655e+02
4.194804250315156082e+02
1.115812054438974201e+03
5.056779918272193299e+02
6.124196095589376228e+02
9.445333409836813416e+02
5.069025360267257270e+02
9.534620207727042498e+02
1.270940695979259317e+03
5.573763320169292683e+02
7.189105513995694992e+02
1.108690505050841693e+03
9.374245681746463106e+02
5.873670429903349941e+02
7.252779979626900513e+02
4.744622420649762375e+02
5.362780089583726522e+02
4.956570131388784830e+02
7.964844721365276428e+02
5.984607629353893117e+02
3.410221155781546258e+02
6.494170342042152697e+02
4.972687618517519468e+02
4.173525392987462510e+02
5.333538305447378889e+02
7.657728319013259579e+02
5.726755809150131427e+02
8.400586868506516112e+02
6.237923559958295527e+02
9.074899330896029142e+02
6.705085240391176740e+02
6.076826756997201073e+02
5.025226958358803131e+02
1.253142882019766375e+03
7.730268003959681664e+02
8.020866915673617541e+02
3.808699868595474527e+02
8.754618496759321715e+02
6.551213388593963600e+02
5.322842175234802653e+02
1.081284303073581896e+03
5.233923780688160150e+02
6.951346714105299043e+02
1.161205821127038917e+03
9.589805087624895350e+02
5.974486555374996897e+02
1.152900750198710512e+03
7.148100396653298958e+02
8.377365622469222899e+02
8.573553836915052671e+02
1.291910154621202082e+03
5.463369328096068784e+02
5.387760537719733520e+02
6.061375808607840554e+02
5.060527447906306406e+02
9.118600586429016630e+02
5.033063601030618202e+02
1.074472249741618270e+03
1.354987950887680881e+03
1.013478153227840494e+03
4.432524913858197237e+02
7.376171931507011550e+02
9.994684241162107128e+02
8.731982774057643155e+02
6.573613745103986048e+02
6.468225458314508387e+02
8.121691023055187770e+02
7.937940035283850193e+02
5.360462028564439834e+02
6.420229535611317715e+02
8.881523235257719762e+02
6.348199047050163699e+02
1.061731184747266298e+03
7.580138330228627410e+02
6.003489704799310402e+02
5.721516165486922318e+02
4.344959443576889271e+02
5.566173908328847801e+02
9.082203111387788113e+02
5.672197985018956388e+02
4.855305024297499017e+02
1.023164192513304215e+03
5.664685684119297093e+02
5.419320807560563935e+02
8.301337351841708596e+02
5.511935695453380504e+02
6.074136442367369000e+02
1.042522045698404781e+03
5.618384024837835113e+02
5.072068966817994919e+02
1.026730766890523228e+03
4.954305591428490061e+02
6.028598520987821985e+02
7.086402630912218683e+02
6.843320810285598554e+02
5.871630706541455993e+02
5.566311087435090030e+02
5.773033438225372720e+02
8.420785051880217225e+02
9.435025223876971268e+02
8.403237786417121242e+02
5.007964316633998010e+02
7.734931301189138821e+02
3.883223209524414301e+02
6.166545661882214517e+02
1.065180123611570025e+03
4.316723802139600821e+02
1.025417888266978935e+03
7.275694724082371749e+02
5.290717483883094019e+02
1.005756846702635585e+03
8.755469380050225254e+02
6.015820911074235937e+02
9.910825756980178767e+02
7.958965674549340292e+02
4.872771272628525026e+02
1.117895868100815505e+03
1.139259424175626918e+03
7.016940116635073537e+02
8.293709481724387160e+02
1.598163632337766785e+03
1.061773618404002036e+03
4.714273702561750383e+02
1.188291993862653726e+03
6.302276269907156347e+02
8.665503948261948608e+02
6.323085329410486111e+02
1.044536335005142973e+03
9.376472739140567683e+02
4.715760096635467562e+02
5.622718380595628105e+02
1.157739157546121078e+03
9.867436529864157819e+02
8.920984238836588247e+02
5.892287571511335500e+02
1.022191969350832892e+03
5.850579538357523006e+02
6.293408535989995016e+02
5.713852824186493535e+02
1.035850448796054707e+03
6.182476623893023771e+02
6.217918875040736566e+02
6.295703689821152693e+02
1.157925794003667534e+03
9.584048142554627248e+02
8.065793186182495447e+02
1.302992255713651502e+03
1.031050911019128989e+03
5.930148896200722675e+02
4.842003530394312634e+02
6.897872604153936891e+02
6.206017032630765016e+02
6.776804976782851782e+02
1.475561822553221873e+03
4.025753447572350296e+02
6.599764660214282230e+02
5.296571908537966920e+02
1.117128029754577710e+03
4.581156789625424608e+02
7.829365934521665622e+02
7.181929439327319642e+02
5.370855565624827932e+02
6.051716363777611605e+02
5.157832569528467275e+02
6.372438811837424737e+02
1.000715879671902030e+03
1.393184386296331013e+03
1.340052768813402281e+03
8.593059206578162730e+02
8.616121004900149956e+02
6.474265248464214437e+02
8.976012100552114816e+02
1.275673024650905973e+03
1.233254399128702516e+03
4.396037487064381821e+02
9.238180497530565844e+02
8.061570166205787018e+02
6.050275195013459779e+02
7.262912064361490820e+02
6.330153844894516624e+02
9.158305488087684125e+02
7.315259079140751055e+02
1.025315668638570514e+03
1.293943200166796714e+03
6.922334777666844730e+02
6.303252998394449378e+02
8.972154054684569928e+02
6.433428995416096541e+02
1.190821294923188134e+03
1.254714286604534209e+03
5.010654519950161898e+02
7.771653839571494018e+02
6.015199910364941616e+02
1.086857353605553271e+03
5.895912801947598609e+02
8.270037865113132511e+02
9.264289280245639020e+02
7.748266497321226325e+02
1.147024700317817178e+03
3.989566798343061009e+02
1.077948103438461430e+03
9.049213860477977960e+02
7.599080258866925988e+02
1.006250079856201751e+03
1.193416884863696851e+03
8.922097615588565986e+02
7.579255561576345599e+02
9.840270599343904223e+02
1.232799798889877593e+03
6.975651553716612625e+02
5.585103943899872547e+02
6.417913893531593885e+02
6.007643535887044663e+02
9.132215765069965983e+02
5.917999186313627433e+02
7.581472377969929539e+02
4.581017776318948904e+02
5.694929617548508531e+02
8.836665398379095677e+02
6.173303814266520249e+02
5.549081118050943360e+02
9.103068166923110311e+02
8.146951816616306132e+02
5.375255303524836563e+02
6.894118581285740675e+02
1.308712524818802649e+03
1.054741361390051907e+03
1.173391796853374217e+03
7.798102711341799704e+02
1.199882305246110036e+03
8.343613376335256362e+02
8.650274472846823528e+02
5.888557334468559930e+02
4.844041242401883665e+02
7.501671428333065705e+02
8.469389250195504246e+02
7.701924561764047894e+02
7.656780846488928773e+02
4.191120437081155501e+02
1.154626097144058122e+03
1.947025950547775210e+03
7.944532643366809452e+02
6.649066745613708918e+02
6.282996973204404867e+02
6.444018219570792780e+02
5.552769011151718814e+02
4.382746954896781517e+02
1.305346697740317495e+03
7.602805118784480101e+02
1.044580389420905249e+03
5.265971644391214568e+02
1.108380295595885400e+03
7.098267215194189248e+02
4.392499277732123915e+02
4.122503060447718326e+02
5.465320235567430700e+02
9.849563594591406854e+02
8.244410837995520751e+02
1.426518294357629429e+03
4.796777931598876989e+02
5.160646667031926427e+02
5.408331572204685926e+02
9.419635135335230416e+02
5.255891075263804169e+02
6.477822359566295063e+02
8.166683826775308717e+02
7.878091241109028715e+02
1.056090181125966865e+03
8.976013159601047846e+02
8.117500272832207884e+02
1.073274458601349124e+03
7.356796212626018132e+02
1.375200215353338081e+03
5.629462948971512333e+02
1.329421500361320341e+03
1.436884647833073359e+03
4.516597519343882254e+02
6.758374874182388794e+02
1.169642444120506752e+03
7.413430389823918176e+02
1.773215350837604547e+03
5.672674019840773099e+02
9.559541097774582568e+02
5.974616142254907345e+02
4.544565982242264113e+02
9.375276737543447325e+02
7.339631423270565165e+02
1.836250060754946617e+03
8.610564331553105148e+02
2.141247474925853112e+03
6.494766209977542530e+02
5.209103125920685216e+02
1.842468504799539005e+03
6.423700550161596539e+02
7.703445805157325594e+02
8.182788516014472862e+02
4.488627978931579605e+02
1.273942230635939723e+03
5.969422786184730967e+02
6.831007958679660987e+02
6.868550152489377751e+02
1.545469538439811913e+03
7.663428051232419875e+02
9.936058326316373268e+02
6.198497462023688058e+02
7.510438910477412264e+02
4.956468840412738359e+02
1.297655478147417625e+03
9.767223882513468425e+02
1.057664434950556824e+03
5.678286124609186345e+02
6.831610267562525678e+02
7.314265262367263176e+02
8.198947811203127003e+02
1.130160285188134367e+03
7.681924302975689898e+02
7.875836062820711732e+02
1.700673314940431510e+03
1.063159920437214623e+03
6.766781243266837009e+02
4.709800890285477522e+02
6.992574032802581314e+02
1.073350490651492692e+03
9.608173399684849301e+02
9.454704079679057713e+02
5.850373868714129912e+02
9.596060508578817689e+02
1.162522219324686148e+03
1.075177507122608858e+03
5.422274727955082199e+02
7.222187694906541537e+02
1.139117702417264354e+03
1.164896470811226436e+03
8.343041490657335544e+02
1.446409376386427766e+03
7.409623324242497802e+02
6.654670750472695318e+02
4.571438225183046598e+02
1.247527000471484598e+03
1.053314914833519424e+03
7.677849645376846865e+02
4.626512939240957962e+02
1.032814242794875554e+03
8.376424263157990708e+02
4.897754027720808949e+02
9.718288911626948448e+02
1.039645396290590952e+03
1.531199172877912815e+03
1.029921967277859721e+03
9.042928804105351901e+02
1.198805846766513923e+03
8.669169971074703653e+02
1.296251766666171989e+03
5.876456745001920581e+02
1.065324588690682958e+03
8.914039911810504009e+02
1.024224734552390601e+03
9.375972334321395465e+02
8.288869932349551846e+02
4.569289908388429353e+02
1.002688695076747422e+03
8.423828616502052000e+02
9.655240716024163703e+02
6.179883443226093505e+02
9.296360159615009024e+02
6.377408141382317126e+02
6.636788619994867986e+02
6.775349770287898536e+02
6.954777198601334476e+02
6.484711006098823418e+02
8.012807361357837408e+02
5.212712255732117228e+02
1.017117479410222927e+03
7.750980287776313844e+02
1.604833263094558561e+03
6.002561252497949909e+02
1.316029210151912366e+03
1.380066120790949526e+03
8.554876105706257476e+02
1.037830130470406175e+03
8.479606757085721256e+02
1.224322449561820804e+03
1.387396683649515353e+03
9.615144239960690129e+02
7.057419640343397305e+02
1.361932423522246836e+03
1.009083246328228597e+03
9.587027571162619779e+02
5.151235742726922808e+02
6.827131453974091073e+02
3.099059874829064483e+03
7.063536868965958320e+02
5.740039735193579418e+02
1.088481497819755305e+03
1.958157222904610080e+03
6.578102770009614915e+02
7.862122723637787658e+02
1.004296571252005378e+03
1.167257779481301213e+03
6.439412351431334400e+02
2.016556689047826694e+03
9.970815763519163966e+02
7.602714690885475193e+02
1.425048603537730060e+03
8.202342990819076931e+02
1.384722376970299820e+03
5.490781931308691810e+02
9.485664165366126781e+02
7.365382790557177941e+02
1.077515446932255372e+03
1.326366981974324062e+03
1.146373143084236972e+03
6.463722145696981443e+02
9.538171851281980480e+02
6.785772993825077037e+02
8.083339424166330218e+02
7.888814569964824841e+02
1.197541286393473001e+03
9.068491325850768590e+02
1.379585532254479858e+03
9.834311595430258421e+02
9.964959212954512395e+02
9.500919309955188510e+02
6.968213742907577171e+02
1.044487679813119257e+03
1.037443150218146002e+03
1.009362317213504184e+03
1.547114716010658412e+03
1.397783320005217092e+03
1.052824378300455237e+03
8.356785173903748500e+02
1.137995796410330513e+03
1.188943346079071034e+03
6.936075531580187317e+02
8.039115566394784764e+02
1.099891575713656493e+03
8.200072507801517077e+02
8.704881109284855256e+02
8.051949648811968245e+02
1.250179153084950713e+03
1.039267655761717833e+03
1.079910288645071660e+03
7.778413526428649902e+02
2.643517838339225818e+03
6.259834169250943887e+02
2.320599553325859233e+03
5.825851104235962339e+02
1.038943284327610854e+03
9.072868899684463031e+02
2.500380104548537474e+03
8.880490351648434171e+02
1.119209426501289272e+03
1.240419001275544133e+03
1.070319361487291872e+03
5.199619150128241927e+02
1.271550872044764901e+03
1.639121760995342811e+03
1.821502577280154583e+03
1.474855216998319520e+03
2.103406407551127813e+03
2.445083986683373041e+03
1.167685069642602912e+03
1.847515644805317834e+03
9.714816039308392419e+02
9.752093077224477611e+02
1.901362574569688832e+03
6.657632609299623709e+02
1.525039781716606285e+03
9.001024124229070367e+02
1.137018001072953211e+03
1.061736656042087134e+03
1.164644245371855504e+03
5.811529547940398288e+02
1.142153111105872540e+03
9.478172548269765230e+02
2.895716785766447629e+03
1.081164179652228540e+03
9.241822976080989065e+02
7.910810554897922202e+02
9.822412464517077524e+02
1.549489253389893747e+03
1.045089080271683542e+03
7.310713409206775850e+02
1.011899852455952441e+03
1.595460297701142963e+03
8.038615919472447331e+02
1.249368347234411658e+03
8.848240028398304275e+02
1.102381334422021837e+03
8.781107560213952183e+02
1.029926202100197997e+03
1.497639858048811220e+03
8.476967365950486055e+02
1.006848660929125572e+03
7.384582902044775210e+02
1.796760231313853865e+03
9.537869494891315298e+02
8.328809316892870811e+02
4.457082037889253456e+02
4.244319635036320619e+02
5.509199799613542154e+02
1.659858690390900620e+03
8.557085208068958764e+02
3.237572222962252795e+02
7.909243054802543611e+02
6.060547394450461525e+02
1.245629939534795312e+03
1.029791652779638525e+03
9.607667463290107435e+02
1.008160029495059121e+03
1.492717686945539526e+03
6.932971069004254332e+02
1.157728850496773703e+03
7.050956520468438384e+02
1.104368106289840853e+03
8.312488764098675347e+02
1.393921202273550989e+03
4.822387234093814072e+02
9.450974332672017226e+02
7.799537501633552665e+02
8.282963599033882929e+02
1.070226577657281268e+03
1.234253373885932888e+03
1.954439929241651726e+03
1.837908646289829449e+03
2.198128054840825371e+03
1.624514215473030390e+03
6.612338940292556799e+02
1.110544539626485630e+03
1.325114117731053057e+03
1.055050016072451854e+03
3.834414612449042124e+03
1.802074052498210676e+03
6.428166842656482913e+02
1.516746869365815428e+03
1.857348646045262967e+03
1.093149368553558361e+03
2.161622065895970081e+03
6.747096785425699181e+02
1.268810673045093154e+03
1.183175724352412544e+03
1.013904085838358924e+03
3.182527370348424938e+03
1.424594220516303039e+03
1.745765047061386440e+03
1.042072282536680859e+03
7.930917505441818776e+02
1.204226558950157596e+03
1.392655202213408529e+03
1.976082668152278984e+03
1.418758723073997999e+03
1.451569166938057833e+03
8.045699112239449278e+02
1.556395659285524744e+03
9.838154989223617122e+02
2.812108425612608698e+03
2.026886994504098766e+03
5.627039704241572053e+02
1.492022585432635196e+03
1.221665592849963559e+03
1.743366598000764725e+03
1.746158009639172633e+03
2.050294064599615922e+03
1.952026185070234988e+03
9.950240408652989572e+02
1.092479778966816866e+03
2.762859685771758905e+03
1.928042991276332032e+03
1.236987817523986223e+03
1.141027960739172613e+03
8.688158859977894508e+02
3.740852024125491425e+03
8.870418423937272792e+02
1.268387189528346880e+03
2.035372589592654094e+03
1.602984715205063594e+03
9.371929843570080720e+02
1.729683121916255459e+03
2.733297686927488030e+03
1.481395633000704720e+03
2.980245308489654121e+02
3.188129877526808286e+03
2.014787624800428375e+03
1.823130707824939009e+03
9.173458762417515118e+02
7.702380189730616848e+02
2.436949916258015946e+03
9.135061580002491155e+02
7.569635786299693336e+02
2.270220465521454116e+03
5.053917230603228745e+03
2.225063520199135837e+03
2.683460241079831576e+03
1.527664971330125582e+03
8.392470859537216938e+02
1.107653405332360080e+03
1.162731109571882826e+03
2.254046104494912015e+03
1.115810762322294067e+03
1.735566773520615925e+03
1.335312040657598118e+03
1.063709156737043941e+03
4.979992408540328142e+03
4.351075599447192872e+03
1.088834138510603907e+03
8.581228256767901712e+02
1.708888871036957198e+03
3.476732209170203078e+03
1.077521212044636741e+03
9.152071656462831015e+02
2.198118727922687867e+03
1.017965318464437814e+03
9.172478079708428140e+02
7.940809548875272412e+02
2.614294631630618824e+03
1.121851408197532237e+03
2.718039954394380402e+03
1.263423347566737220e+03
8.271952687428452009e+02
8.123655542471664148e+02
1.863669517731326096e+03
6.463125547942171352e+02
1.039910237667478214e+03
2.122150766449272851e+03
2.151182511094319125e+03
1.329641613552652416e+03
6.794575122037789470e+02
2.703867824375049622e+03
2.941323958216698884e+03
1.547589991846290104e+03
3.031590568029695078e+03
1.474105689412584752e+03
1.791011695373792463e+03
2.042064899759017635e+03
1.311048040098140518e+03
4.998814256675110300e+03
8.908290126613478606e+02
1.169439170737819722e+03
1.859756507003262868e+03
1.570314178293858731e+03
6.106159122647115964e+02
1.062882704356446766e+03
1.690442487846208223e+03
1.125440557488699142e+03
1.187693764566751952e+03
7.074364489703640402e+02
2.886698483700461566e+03
1.662677593250069549e+03
1.631346303234846573e+03
9.453775010167224764e+02
2.162221881776048122e+03
8.648984219174277541e+02
1.829602478913345294e+03
2.299430612834607018e+03
4.625140887639087850e+03
1.003096648797760395e+03
1.390546622836656979e+03
7.841546106256129178e+02
1.093766818212568751e+03
8.234970642809822721e+02
2.382355337981622142e+03
8.105588100480425737e+02
1.744429545897365415e+03
1.044230023156588913e+03
2.393199366699835537e+03
3.271577130940117513e+03
4.324270400216342409e+02
1.640008635193226837e+03
1.471357695943976751e+03
2.693443756763950660e+03
1.711862603542317402e+03
2.624283430899608902e+03
2.318403621034131447e+03
6.015317932901608629e+02
1.682778231247314352e+03
1.086601016118973121e+03
1.667487385411153355e+03
2.929212333980939093e+03
1.140193781838547920e+03
1.685045143274994416e+03
9.250712254769382525e+02
3.251565814658623822e+03
3.007787385047690805e+03
4.603256799164544645e+03
1.963400248316210764e+03
4.991692573728241200e+02
8.692394393321288817e+02
1.855464782846186154e+03
1.021110487286190050e+03
5.306354356406193347e+02
1.386512880788180610e+03
3.434132145244077037e+03
6.828538700667759258e+02
5.064222113996038388e+03
1.758797990585711432e+03
2.559463732035121211e+03
2.038841564800978404e+03
9.287393091698689886e+02
5.090669384024878127e+03
2.992257000426461673e+03
1.928785066815887831e+03
1.623700883652174753e+03
1.269539146524032731e+03
1.194882946060899712e+03
3.405289254103238818e+03
1.058890164656182378e+03
1.817110794575139835e+03
1.599411885793883812e+03
1.424094137384852047e+03
7.995397268778855278e+02
2.149279155177162465e+03
2.033265880242713592e+03
1.018096725902415074e+03
1.323495274573951292e+03
1.179380303207846737e+03
1.133815485965075595e+03
1.244750334198914061e+03
1.510309451760825368e+03
9.359882998019205615e+02
1.113113896036252299e+03
1.343353071297479573e+03
7.809714893307988177e+02
2.107413317540635944e+03
2.326184094257027027e+03
1.000416520359730384e+03
1.501392604704558380e+03
1.413713970764139503e+03
9.944439348722637533e+02
1.892162880525045239e+03
9.384728706965148604e+02
3.987481041963400003e+03
9.992734042184534928e+02
2.049477571515129966e+03
1.468818112834640942e+03
7.352314027539500785e+02
1.052302102868005022e+03
4.975249910324674602e+03
3.076577324365120148e+03
2.245497684208515693e+03
3.631241645805692315e+03
2.886408337721963107e+03
1.281387146602143503e+03
6.957629154728331287e+02
1.000206515630559352e+03
4.759190914540358222e+02
3.036913509512035489e+03
1.093559791934468194e+03
7.586340482949136685e+02
4.069600937098922259e+03
5.931199244976447744e+02
2.071689989052107649e+03
1.191831223447259163e+03
3.210831913655712015e+03
3.064614944070053298e+03
1.419032264085155930e+03
3.422483372683298967e+03
1.012009996522685924e+03
9.908303560230826861e+02
9.831089981807519962e+02
1.656218817379203301e+03
1.918234784928977206e+03
1.977072789067569602e+03
9.766435988317174406e+02
6.077870734743029288e+02
8.122274951820851356e+02
3.123236176487388548e+03
2.732598511733786381e+03
1.170888134054555621e+03
2.066270589815157564e+03
5.132299175836089489e+03
2.539521949609091735e+03
1.344619654306869961e+03
1.356308125746261339e+03
8.141811335978979969e+02
5.129972583982307697e+03
2.540034534813385562e+03
4.259891777864079813e+03
2.928127218933625045e+03
1.770930725209363573e+03
1.438635565857564643e+03
1.529279335978723111e+03
2.410855051366138014e+03
3.486705284622374165e+03
8.985329702067475637e+02
1.488216488590791187e+03
4.138081399981146205e+03
1.150559603311438195e+03
1.131105442010537672e+03
1.646233839664176685e+03
3.722314673789517656e+03
1.418401912461142501e+03
2.686366306129612894e+03
1.864627269322653319e+03
1.169785996954495431e+03
5.944619152119964838e+02
2.665191026972098371e+03
1.523131338751453086e+03
1.604862285217819590e+03
9.278673821769831420e+02
4.027695690326828299e+03
2.003771252355687466e+03
2.164628813289493792e+03
4.967200682289111683e+03
2.830765029386154765e+03
7.453604291235042183e+02
2.446097700976165925e+03
1.385617371043010962e+03
4.905357602133216460e+03
5.065230901806562542e+03
2.835312007910095872e+03
1.574010141639773110e+03
1.127868190948658821e+03
3.401345812402247248e+03
9.676369146690479965e+02
1.023290935838681094e+03
7.949925207878312676e+02
3.768303865759040491e+03
5.221103073066768729e+02
2.856620280455319516e+03
7.312491017659806403e+02
2.286553807253113519e+03
1.318951105519875910e+03
1.558605385479805364e+03
1.139351026057737954e+03
1.827476099378648769e+03
2.646491719631333126e+03
1.042883934611548511e+03
2.496137871240758159e+03
1.912911653857806868e+03
2.128296857449724939e+03
1.163020321060301967e+03
4.003588200960366521e+02
1.653105610093686664e+03
3.625490096775697566e+03
4.964322904249815110e+03
1.125837040630461615e+03
1.563001432907605476e+03
3.867715892939170317e+03
9.877198225150775670e+02
2.254859318257874747e+03
1.216424889302361862e+03
1.110312020013721394e+03
1.016853846485604777e+03
1.098992806658153313e+03
1.643058717126465353e+03
8.854259497326253268e+02
2.089080569328892125e+03
1.041300387857514352e+03
8.638074104399831867e+02
9.966510747158469030e+02
4.933980634974461282e+03
3.353178575998108499e+03
1.071604929609418832e+03
2.110809639606865858e+03
1.139593462317563308e+03
2.046679918915109511e+03
1.888008579731486634e+03
2.903682139532795190e+03
2.593956241408266123e+03
5.006094787278532749e+03
1.619281168657771104e+03
4.877218669972707175e+03
3.316023161249995155e+03
1.632233204127141107e+03
2.570449041564279469e+03
5.073956404367668256e+03
3.524965776502045173e+03
4.159728303031596624e+03
5.026082382410149876e+03
2.918723889414128735e+03
7.230287315552807286e+02
5.028717115534888762e+03
2.220070423956223749e+03
9.010333654323386554e+02
4.946726200577427335e+03
5.045756602492113416e+03
5.042658078338109590e+03
2.129116612635267302e+03
1.290504088134333188e+03
2.069843447117457345e+03
8.413993201248160858e+02
1.704675212682380561e+03
1.387081122718617735e+03
1.405564198467830238e+03
6.731574063920745630e+02
4.109655655686267892e+03
1.761415565054634044e+03
1.189969931971432061e+03
4.963331192485590691e+03
1.554445613265703969e+03
9.213608285317500304e+02
1.872875236015750488e+03
3.135694357125414172e+03
1.871863969343060035e+03
4.970787789108286233e+03
4.669341110561419555e+03
6.354249190853417986e+02
9.652198942247221112e+02
2.244034030042571430e+03
8.165104831483763519e+02
2.383838444521929887e+03
1.264088878536283119e+03
2.941494256939568004e+03
5.155755097218955598e+03
3.767314785562152338e+03
8.673294332539809375e+02
4.377043413252775281e+03
1.314040567868416019e+03
1.012021454574193513e+03
7.601810063043543551e+02
1.366154691265148358e+03
1.634108254550211996e+03
2.452872175768895431e+03
2.140828647434972936e+03
2.785711050175595119e+03
5.143770561091980198e+03
1.096598457145704742e+03
9.061946461214101873e+02
4.667770767221634742e+03
5.024195933511762632e+03
6.670175315594366339e+02
5.196015123638854675e+03
5.897714655699917330e+02
5.077982965593590052e+03
4.372227562042492082e+02
5.065263929839932644e+03
5.086260236841417282e+03
2.616824876391804992e+03
2.580941539544983243e+03
5.591026486846941452e+02
7.227674196205259705e+02
2.428294406099239495e+03
9.429616438896752015e+02
5.153184282268872266e+03
4.494882769071412440e+03
3.886723235097454108e+02
7.620067617885379150e+02
2.055839933518913767e+03
3.775290177996200327e+03
5.031450055439112475e+03
5.636235152749130748e+02
2.946012930430142660e+03
2.795109129573367227e+03
1.122081556892486788e+03
3.395404262866028603e+03
1.459246374738194618e+03
2.529490911552567923e+03
2.381033838150715837e+03
4.552175261678314655e+02
1.453052415376172121e+03
5.106275964037172344e+03
4.932692216744483630e+03
3.671534902705221157e+03
5.077381269561789850e+03
5.109407018728868934e+03
5.012651896237635810e+03
3.076512578257186760e+03
4.884372903266710637e+03
3.625680190617713379e+03
5.093672354401054690e+03
1.256048430514675147e+03
3.378160841041365984e+03
2.037851836104599442e+03
4.200682959254744674e+03
5.076773431194542354e+03
5.124874821671543941e+03
2.258173500777417303e+03
1.038217706806204887e+03
5.140234764932556573e+03
5.178481961488073466e+03
2.557244818353875417e+03
1.280941439711991052e+03
5.046117851637009153e+03
3.003721821275747971e+03
2.192369119822080847e+03
1.683824580260029279e+03
5.034536075586336665e+03
1.000181263266192673e+03
2.226318808490153970e+03
6.236374935381661544e+02
1.322710166914203910e+03
1.861605698458266943e+03
2.020206499219761326e+03
2.963891624874080662e+03
5.256828476142051841e+03
2.597522928462680738e+03
5.101611759967375292e+03
1.617869704835018865e+03
1.200905678820311550e+03
2.564066334727365302e+03
1.054388831292590339e+03
2.360791006838716839e+03
1.001171062717164546e+03
1.319306083388685465e+03
2.119438433915919177e+03
2.866581098306252443e+03
2.133876125084356772e+03
2.683497623975039460e+03
1.215912841213296815e+03
1.919390761708664286e+03
6.921232309649606123e+02
1.320239962622133135e+03
1.568369765775395990e+03
1.515747830754911092e+03
3.748724981248387849e+03
5.201997007055190807e+03
1.477123745469873711e+03
3.161851129792935808e+03
6.617015574600891341e+02
2.419222828498483068e+03
1.005426258505276792e+03
9.201572994754792489e+02
3.834129240568535806e+03
1.609918561767128040e+03
1.187048225766236101e+03
5.171929238703962255e+03
2.128487564729067344e+03
5.001188032210372512e+03
9.693791246181358474e+02
2.611201370351031983e+03
4.780507765253399270e+02
1.668857556707450158e+03
3.077828895495521920e+03
4.295673361721766014e+03
5.049126093045915695e+03
5.214144960170765444e+03
2.635086803257870997e+03
6.408761390880340514e+02
4.881350307383979271e+03
5.195184781922433103e+03
1.658879092459281992e+03
1.986440385795455768e+03
7.576194537068688533e+02
4.017939601009618400e+03
1.190942045917634914e+03
5.181506439783217502e+03
2.963641376949221012e+03
9.507719091340901514e+02
3.711676275352726861e+03
1.099659273672695008e+03
2.504607195668645090e+03
1.600610587890299485e+03
3.965770661901756739e+03
5.217509306951515100e+03
5.086732055473751643e+03
5.247153202389878061e+03
3.010148473570668557e+03
2.932901363288703124e+03
1.218191139447660817e+03
5.098985243768041983e+03
1.752239768526695570e+03
1.638838399169673266e+03
3.000992168609902819e+03
6.148147248643435887e+02
7.862581351100321854e+02
3.577812892894738980e+03
5.227263122403556736e+03
3.779934290613863595e+03
3.856293045029695804e+03
1.414682011916831243e+03
5.252942745741664112e+03
2.843147718341419022e+03
5.202887789148756383e+03
2.956125262313806616e+03
1.225857417560964450e+03
2.911815187148026325e+03
5.230996380026354018e+03
4.682174344204834597e+03
1.691322353449402499e+03
2.291661946511277165e+03
2.417264739592345450e+03
7.806606225975133384e+02
2.800609651089872841e+03
1.683539396813667963e+03
1.119017411373344885e+03
2.578636059378472964e+03
2.023008956153487134e+03
3.082860974729364443e+03
1.169673578951184027e+03
5.152103695607933332e+03
3.976488105481691491e+03
3.034330585552493176e+03
7.162846477349996803e+02
5.592470500566180363e+02
1.937646734989655215e+03
1.590006038767803147e+03
4.347472556203357271e+03
5.318337938673428653e+03
1.706067678766692779e+03
5.254486709360888199e+03
2.897477217062928958e+03
8.099281622327519017e+02
2.148868156003348759e+03
1.349727487430217252e+03
5.265756261015227210e+03
2.851238965044675751e+03
4.141231857982652400e+03
4.968449014407121467e+03
5.280764424160131966e+03
2.906796434921104719e+03
5.308666150101512358e+03
5.364066669515923422e+03
2.628848076733585458e+03
6.044055951795361352e+02
9.421849063667415294e+02
2.164670888264502537e+03
1.958140863078111806e+03
2.397600455290114951e+03
5.196173456180176800e+03
3.421000416668749494e+03
5.177487563572072759e+03
1.355786063148714220e+03
1.432856238240212178e+03
4.781246067313009917e+03
2.144747702649096027e+03
5.136980805705258717e+03
5.331520892516822641e+03
9.820898669508746934e+02
5.147132945512189508e+03
2.764624481630037280e+03
4.924799033236176001e+03
5.083131497961283458e+03
6.101208430244034844e+02
4.634980240070855871e+03
5.225903321110597062e+03
2.250528832440999395e+03
1.057156127435101325e+03
5.198990742878239871e+03
5.057968697908733702e+03
1.001847638363999522e+03
7.648496919911196983e+02
4.569888205046782787e+03
3.493086059257838770e+03
5.165668328907782779e+03
5.076315992043205370e+03
2.135545220276396776e+03
1.913361158257159786e+03
2.461157162669748232e+03
3.014855733579869593e+03
1.979974511843677419e+03
4.442411411217903492e+02
1.675219087263743631e+03
5.178750386639477256e+03
4.858923016244497376e+03
5.115396975666987601e+03
3.707684021576255418e+03
5.118800865674529632e+03
5.254957160126623421e+03
8.790088258696995354e+02
1.505882237019513468e+03
2.534528846247803813e+03
5.195330820688905987e+03
2.602392224103517492e+03
5.178155011402212040e+03
5.043233366274625041e+03
5.087455265845409485e+03
3.928152076127707915e+03
1.498291755563604738e+03
2.479103115969407554e+03
1.512703748950834552e+03
2.144368289996395561e+03
2.108469733680011814e+03
1.820354317987708782e+03
3.686635775212763292e+03
5.175192410562776786e+03
2.552731890269915766e+03
3.177579015518767847e+03
3.302574472519889241e+03
1.066706626855455397e+03
5.243887822300318476e+03
5.852942710970963844e+02
2.884888314116462880e+03
8.812371627028993544e+02
5.267774675345925971e+03
3.729327974484934657e+03
5.150092248722671684e+03
8.042704891273820067e+02
4.508933539924712022e+03
5.188980202627895778e+03
3.142659398796778532e+03
1.697887776722418039e+03
5.312028053085511601e+03
3.144223425086666339e+03
5.152127969659946757e+03
3.032749098297534147e+03
4.981861916768262745e+03
4.008765643256447220e+03
5.139346974127231078e+03
4.987776884993858403e+03
5.252675863795617261e+03
4.983988897443483438e+03
5.031461078444880513e+03
5.157786737125709806e+03
5.095946649249207439e+03
2.447979737941076110e+03
5.649736773637802116e+02
5.129104664947763922e+03
2.741645903827929487e+03
2.139992175136967944e+03
1.567843846964643490e+03
3.955035431171677828e+03
5.091859469510101917e+03
5.156852087934573319e+03
8.366882053117392388e+02
8.466089397303421720e+02
3.324989886492350706e+03
5.234468746255743099e+03
1.149863013667865289e+03
1.448444534479659069e+03
9.693090731138928504e+02
6.884031956445597871e+02
5.124532766995471320e+03
5.360182295174321553e+03
5.036908400692690520e+03
3.504519193201983853e+03
4.572983153241308401e+02
1.945238743261326817e+03
6.230429850123481401e+02
5.108311859371739956e+03
4.410931551920680249e+03
5.124945554511413320e+03
1.025728004264797164e+03
3.573517787824991956e+03
1.681942187125425107e+03
5.242183406330686921e+03
5.113808855476464487e+03
5.081848942494239964e+03
4.466824769024713532e+03
5.217517826099307058e+03
5.018767209590061611e+03
7.319597510220028198e+02
4.301915794025103423e+03
5.219897128364965283e+03
2.228585318047999863e+03
6.687875286855490913e+02
5.129403642834047787e+03
5.247839972518693685e+03
5.264030178662230355e+03
3.317242787294668233e+03
1.113256569144458126e+03
5.207770737880582601e+03
1.003955351112851645e+03
2.027958166698606192e+03
1.044741204141408843e+03
2.447589360029372529e+03
5.291034668738554501e+03
3.327782190204906328e+03
2.726536373956054831e+03
3.119331506512031410e+03
4.795386568080718462e+03
3.575169095177371219e+03
5.242960848908572189e+03
1.285124677140522635e+03
3.875839368362240293e+03
1.988778038033428174e+03
1.368222645588674368e+03
2.763944683280114077e+03
2.118854559082363266e+03
3.084176153411656287e+03
2.456212208793665923e+03
1.584326897220807268e+03
2.006852640511912341e+03
4.353116093562377500e+03
5.259096272852550101e+03
2.956577249217129065e+03
1.682590973894577701e+03
2.033017141727899570e+03
3.822425644815693431e+03
2.585753443183473337e+03
3.094912947727611936e+03
2.703951817816279799e+03
5.293173710406459577e+03
5.220079211780997866e+03
3.679217429890475159e+03
2.296276922348960397e+03
4.271336218153182926e+03
5.037707676066695967e+03
5.261739446182408756e+03
1.107841354338934707e+03
1.162501096623516332e+03
1.309605294704072548e+03
3.225596778692340195e+03
5.067970017545824703e+03
1.568453406347477312e+03
4.937117104592238320e+03
1.490724672497191023e+03
5.157319419571194885e+03
5.226367946943121751e+03
5.156370698794993586e+03
2.284570549174396092e+03
5.194367946682950787e+03
7.490045733918417454e+02
2.867407130396472894e+03
3.462681978453797456e+03
1.028642849084706313e+03
1.689760558783376837e+03
5.215630045366917329e+03
5.247392764151181836e+03
1.838235753046233867e+03
4.394788837256506667e+03
5.101578158902106225e+03
2.029911303088930026e+03
5.372232808038168514e+03
1.877534008244215784e+03
5.177644176089158464e+03
2.601717540726204788e+03
5.318901907023915555e+03
5.213199131922589004e+03
1.819174142824546152e+03
1.514589099061278830e+03
1.161528574280321891e+03
5.258128550817421456e+03
5.191057297268022012e+03
1.296533611766861213e+03
1.372945238412949266e+03
5.218969386152570223e+03
5.185552336207375447e+03
5.367857210979826050e+03
5.428589695233158636e+03
1.549509644969746205e+03
5.220213524093519482e+03
5.211397448723699199e+03
2.626225738447506501e+03
3.082000007527984508e+03
1.823387942866418598e+03
2.792017299407611972e+03
5.259123585056663615e+03
5.232179421831388936e+03
4.144663398365467401e+03
4.554177695701461744e+03
5.100189510645173868e+03
3.676099274877959942e+03
4.007067528270263665e+03
4.548148694101657384e+03
1.178776127247322393e+03
5.335974980166680325e+03
5.178397801763456300e+03
2.215898084380770342e+03
5.232769037657913941e+03
5.329651729915054602e+03
2.010887417557835533e+03
5.401837250730673986e+03
5.310566218395484611e+03
5.196965582105404792e+03
4.868320105072568367e+03
5.286026783526033796e+03
3.482739503604838774e+03
1.907530041906811448e+03
2.750153687769583939e+03
4.825613000118303717e+03
1.727017118810320653e+03
5.121039189960699332e+03
3.153512639599361592e+03
4.185962442409088908e+03
2.828696064239150019e+03
5.301396499080849935e+03
5.384149927057159402e+03
5.163620648245290795e+03
5.453733434621825836e+03
2.002896525999814457e+03
1.311666093586239413e+03
5.372102765254502629e+03
2.389537327873767481e+03
5.186644151659418640e+03
9.034751964878161061e+02
5.360440462539405416e+03
5.247287507475865823e+03
4.616384089492069506e+03
3.668118586314572440e+03
5.373332390788397788e+03
5.329076340661885297e+03
5.396856876139558153e+03
4.312492773083546126e+03
8.520077128159152835e+02
5.203558005402361232e+03
5.390222321785673557e+03
5.412912090980913490e+03
5.367301010802872952e+03
5.003230579624271741e+03
5.372858872730554140e+03
5.357872274918772746e+03
5.367260959442724015e+03
5.244939332756241129e+03
5.313320167198432500e+03
2.433261019328929251e+03
5.356834510961243723e+03
5.289600216146758612e+03
5.342889708277731188e+03
5.256373479410433902e+03
6.530065533501358459e+02
5.429674800164004409e+03
5.328067094153041580e+03
3.487598460187994533e+03
5.128534143110319746e+03
5.296207012134671459e+03
5.382710573745090187e+03
4.943632846285479900e+03
1.097354269113991904e+03
5.302205879314372396e+03
5.296565665558009641e+03
5.293835429642964300e+03
3.476969384634145172e+03
5.333580831854270400e+03
5.256964047203715381e+03
5.190722009203787820e+03
5.197025479134641500e+03
5.268160999243654260e+03
5.306865527286381621e+03
5.354305462533677201e+03
5.429518203625169917e+03
5.314685359074758708e+03
1.361246494662888153e+03
5.314515391415015074e+03
5.418246398216615489e+03
5.194412954963163429e+03
5.491851858377114695e+03
2.027418407741920646e+03
5.148349714632357063e+03
4.342424328569709360e+03
5.422993977737751266e+03
4.665177564713534593e+03
3.088242585363925627e+03
5.384386169990330927e+03
5.511886186112655196e+03
5.364381739181160810e+03
5.210322166702845607e+03
5.194306489493555091e+03
5.409757080785397193e+03
3.509578464475168857e+03
5.245235568072849674e+03
2.962094823870392247e+03
1.347027998715854665e+03
5.155233420462132926e+03
6.161103882039527662e+02
1.640363379648355703e+03
5.271942723245531852e+03
5.294921488206650793e+03
4.015456150107082976e+03
4.260810455888735305e+03
5.390911831710075603e+03
5.219214474434194926e+03
5.221742821632271443e+03
5.404227719020102995e+03
5.314608551504607021e+03
5.167908908543168764e+03
5.325693403070476961e+03
5.313876466470194828e+03
7.772979015248336054e+02
2.427112697599050534e+03
5.431551866378068553e+03
5.273411984880822274e+03
5.325439030812502097e+03
4.405614637435412078e+03
5.272195183009253014e+03
5.317629234255044139e+03
4.342866886312110182e+03
5.199424799423914919e+03
3.693135553227722994e+03
5.369074891888050843e+03
4.813107233518974681e+03
2.190629462342787974e+03
5.388115895066420308e+03
5.442115332023912742e+03
2.276393273121528637e+03
2.212605968609816046e+03
5.376498988382673815e+03
5.432187332559272363e+03
5.323750198482183805e+03
5.109631695327277157e+03
5.196844708376942435e+03
5.263666787991619458e+03
5.349672807884016038e+03
2.226201699636409103e+03
5.213353845656934936e+03
5.270338369149649225e+03
5.331135576020273220e+03
5.492888154296064386e+03
3.099449793805679292e+03
5.309905571883128687e+03
3.705372661323002376e+03
4.854351175544332364e+03
5.337632050462539155e+03
5.340984009540432453e+03
5.186026750973408525e+03
5.234324135700232546e+03
5.105668028080291151e+03
5.285639841250464087e+03
5.200154228715077807e+03
5.252231898412598639e+03
3.163070644821054429e+03
5.159419694392174279e+03
5.295413419303521550e+03
5.316750105001053271e+03
5.352320976983979563e+03
5.262187571595840382e+03
1.139040355092637583e+03
5.313518190537241026e+03
5.237897725667708983e+03
5.253264316094244350e+03
5.187632490693059481e+03
5.297275354299324135e+03
5.391263518505938919e+03
5.319615068583585526e+03
5.425431913398930192e+03
5.270904430107179905e+03
5.391810093512450294e+03
5.287798473683653356e+03
4.794271660429246367e+03
5.347209667388724483e+03
5.303948997446466819e+03
5.358331542060083848e+03
5.467883453133830699e+03
5.387681990030920133e+03
4.962690593616272054e+03
5.479602216208646496e+03
4.878963028268622111e+03
5.471916509717447298e+03
4.818697579288900670e+03
5.524713403386968821e+03
5.511943656818946693e+03
2.941365434149751309e+03
3.446637575054946410e+03
5.474956426306500362e+03
4.426955112363750231e+03
5.391811053441378135e+03
5.501494152004925127e+03
5.473625194479986931e+03
5.434160746996413764e+03
5.471457306843040897e+03
7.013373141174386092e+02
5.576425890309318675e+03
5.434001318480241025e+03
5.549328000232743761e+03
2.099045246021664298e+03
5.299643095772634297e+03
1.009083009468035925e+03
9.667347850780610088e+02
5.398832011105841048e+03
5.352891715499830752e+03
5.331278832391002652e+03
5.422723727996569323e+03
5.393553493790182074e+03
1.950446311895236477e+03
5.355271074199561554e+03
5.307071685849883579e+03
1.824165588791755454e+03
5.405315382221414438e+03
5.462812236850147201e+03
5.536265410475562021e+03
4.411117184166632796e+03
1.340418526953737000e+03
5.395802894173371897e+03
5.361221862868488870e+02
5.329373951446097635e+03
5.473892061315889805e+03
5.544120110926915004e+03
5.522093591936079065e+03
8.861413323681125576e+02
5.389526265275878359e+03
7.121981428501096616e+02
5.402686172279405582e+03
5.482686334390910815e+03
2.401012495164620759e+03
5.383706366040542889e+03
5.439464903607982706e+03
1.423928618016590463e+03
5.423851837333740150e+03
5.446206356665623389e+03
1.592338098433267533e+03
5.448573954035771749e+03
5.670452902168241053e+03
5.423758880182055691e+03
5.378409965766421919e+03
1.925576018511910888e+03
5.490965316065513434e+03
2.232898393730346470e+03
1.714057395170910013e+03
5.431500308314827635e+03
5.477319640326503759e+03
5.254527537683364244e+03
5.459468770385858988e+03
5.526264819731332864e+03
5.565116413131371701e+03
5.585992950059050600e+03
5.482897770921010306e+03
5.531377450139410939e+03
5.608833568066142107e+03
1.832584119935720764e+03
5.467246144831045058e+03
5.499343782251326047e+03
5.436435088422127592e+03
2.881687801455845602e+03
1.019156038850970504e+03
1.351181026181815241e+03
5.416949079875795178e+03
5.460946228065534342e+03
5.428942927345447970e+03
5.398661345793977489e+03
5.453484459755202806e+03
5.442340415274796214e+03
1.726309167501102138e+03
5.433141989937454127e+03
4.026237832164474185e+03
4.689003662894637273e+03
5.457035700461124179e+03
5.538431433349619510e+03
5.452639028664156285e+03
5.307575410176157675e+03
4.177674766683883718e+03
5.481418060026901003e+03
5.448918791480701657e+03
3.996842093792857213e+03
5.429478315847589329e+03
5.430778157588737486e+03
5.127735945804960465e+03
5.484199520088645841e+03
5.435201782377796007e+03
5.374302212349396541e+03
5.548581700368978090e+03
2.171996284162716620e+03
2.016677268598965384e+03
5.391225969182612062e+03
5.353400354124778460e+03
5.425549711616970853e+03
5.451676909324591179e+03
5.504961262826868733e+03
5.403176497975136044e+03
5.520020089798229492e+03
5.666335967635342968e+03
5.571757885293569416e+03
5.598174561235253350e+03
5.403841968040302163e+03
5.547501835369249420e+03
5.615853356469251594e+03
5.675995143176689453e+03
1.591487901817254169e+03
5.626433930759791110e+03
5.510620724562439136e+03
5.616062897192189666e+03
3.120723881816886205e+03
1.862472809207451519e+03
5.503868863582338236e+03
5.591609251816984397e+03
2.153024827229847233e+03
4.192793050229092842e+03
4.880613673262239899e+03
3.548964645372135237e+03
5.512590089520563197e+03
5.548609652214538073e+03
5.584664577122873197e+03
5.592735268337203706e+03
5.519993955569896571e+03
4.892295145015568778e+03
5.568735478862185118e+03
3.923482248972814432e+03
5.587248140030364084e+03
5.590722935981151750e+03
2.278959681489664035e+03
5.704941326740795375e+03
5.537164574536544933e+03
2.374584305404821407e+03
5.622531623500302885e+03
5.583968715729526593e+03
4.278982980973552912e+03
5.172507294542829186e+03
3.318204810108989932e+03
2.813786457107908973e+03
5.603518076411552101e+03
5.556957994683820289e+03
5.551393127227522200e+03
3.945712075444391303e+03
4.252172883424587781e+03
5.447768185278605415e+03
5.455918781438117549e+03
5.612858636403102537e+03
5.666747615493878584e+03
5.559207232422648303e+03
5.555818766055360356e+03
5.614070110117041622e+03
5.588348532664525919e+03
3.727878459244338501e+03
4.215214722758839343e+03
3.292639332453451971e+03
5.637309317032649233e+03
5.619572066952728164e+03
5.735604232157324077e+03
5.613134683592209512e+03
1.358998679977617712e+03
5.390066496726357400e+03
1.781795993030627642e+03
5.678565188888540433e+03
5.511188681669526886e+03
5.624694238111509549e+03
5.627948357424682399e+03
5.598647530144740813e+03
3.329298555195302015e+03
1.460942644112898051e+03
5.531568919057794119e+03
4.688045320972838454e+03
2.395360196003483907e+03
5.585744746568994742e+03
6.972951472763727452e+02
5.607141694416089194e+03
2.774211098620697157e+03
3.739315104558113035e+03
5.594945926983773461e+03
5.669736786048767499e+03
5.561868107619725379e+03
5.723207192533128364e+03
5.500133839837570122e+03
5.479071596301112550e+03
2.402837434628753726e+03
5.558757676309361159e+03
1.505922919035687073e+03
5.665250612534946413e+03
5.620096098753627302e+03
5.115594397392075734e+03
1.660221047331586988e+03
3.587507667631720778e+03
5.626169920510666088e+03
5.649569015170257444e+03
5.648468671528634331e+03
5.551300095309892640e+03
5.655168817163039421e+03
5.633569428894743396e+03
5.515318507610719280e+03
5.612755089822569971e+03
5.584365219781267115e+03
3.602472178958057611e+03
5.698746017209149613e+03
5.603587875819004694e+03
4.622412378083484327e+03
4.418198847659217790e+03
5.699382512469724134e+03
5.610922112921761254e+03
5.466320385544959208e+03
5.742945828467731189e+03
5.566776159116810959e+03
5.580977308814058233e+03
5.676165737506102232e+03
1.190109929251050289e+03
5.621962834987050883e+03
4.239204365944129677e+03
5.761419338013361994e+03
4.470890297960728276e+03
5.664763194432107412e+03
5.723454280831034339e+03
5.502616332659176805e+03
5.670536793771287194e+03
5.736266398713514718e+03
5.338624834535677110e+03
5.618348178566612660e+03
3.315821506993615003e+03
5.582229817956647821e+03
5.819606660496097902e+03
5.672207610050258154e+03
5.746174755000048208e+03
4.352329315890488033e+03
5.612863216306358481e+03
5.785967127193525812e+03
1.853086515559180953e+03
5.664112741021805959e+03
5.559554950973892119e+03
5.419971641408933465e+03
5.650083649990472622e+03
4.880096166363418888e+03
5.818094069986997056e+03
5.695508182194741494e+03
5.865758650140987811e+03
5.781674201209112653e+03
5.741710081702561183e+03
5.797865323996430561e+03
5.695396542713040617e+03
3.841175222163845774e+03
3.044478441099435713e+03
5.092987857308996354e+03
5.622274332301603863e+03
5.738557380686957003e+03
3.612358022458312462e+03
5.702353036063189393e+03
