1.721584557335759103e-01
1.023065533281830497e+01
1.124548258528374589e+00
-1.255891145503527651e-01
3.801829942750343250e+00
-9.787841131262181582e-01
1.098352511138728449e+00
-1.559881303007312425e+00
1.608189616915649989e+00
6.990354332417576089e+00
-1.750861665468202322e+00
-2.567573406769919853e+00
1.381222666170864244e+01
8.268941061299861062e+00
1.605428547385938653e+00
-1.939714793999337994e+00
-8.186008811540224084e-01
-5.585963159732026284e+00
1.383214830435976150e+00
2.187351236793581322e+01
-5.249365260199555294e+00
2.472462944150556341e-01
6.194885984510281496e+00
-3.611129362723032088e+00
6.619931148216771533e+00
2.435399995874782508e+00
1.274909666141106568e+00
1.063925750438231965e+01
-3.337862440190818347e+00
-1.794002496434186522e+00
-3.759168454007875138e+00
-1.478647153164610373e+00
-2.600075292602454180e+00
-6.268752444214192643e+00
1.099355869878541059e+00
-1.035079128616027244e+00
-2.799744305136497857e+00
-1.448619669931587417e+00
-3.433709275053153043e+00
-2.580459829869649724e+00
3.972476950148076114e+00
-3.767343609316229802e+00
-8.367623689148528943e-02
-5.525892204156466647e+00
7.419846081058818932e+00
-8.323388960012360061e-01
5.438677015755596145e+00
3.723069367264626006e+00
3.430149722077216801e+00
-3.479914103424660010e-01
-6.727774131728064821e-02
-4.809815872141567361e+00
-9.356356726324349671e-01
-5.230247825330106792e+00
-3.659795779722263553e+00
2.350667663430940912e+00
-6.178521880978543379e+00
7.612156693521828110e+00
4.360600712966888892e-01
4.348342902043162539e+00
7.459223820665907834e-01
3.673355202314799950e+00
5.889102399769799767e+00
4.210371492502725133e+00
1.894817772094573360e+00
3.296401310338357593e+00
1.887301227446813279e+00
-3.509990715142384587e+00
4.535002145737101031e+00
-1.389576293318059097e+00
3.565915919980351401e+00
1.798986897542065755e+00
1.441848595037443781e-01
-1.031052250215321653e+00
-9.420666965781752111e-01
1.124047228716092661e+01
-4.857741705544377231e-01
-4.230684789939962442e+00
-5.511198646639821064e+00
-1.193650442368973774e+00
-2.121144607304612961e+00
1.406384408473247838e+01
-7.050550043476668804e+00
-3.498360148557104310e+00
2.523716034856415646e+01
7.137382031894933476e+00
5.411651301100857125e-01
-6.019841931707540006e+00
-4.022460528346249453e-01
-3.658505730476267814e+00
-3.564390848399822787e+00
-4.311670419548132571e+00
1.119479093887590926e+00
7.918674823277044972e+00
4.641011061822961636e+00
-2.454876379214954163e+00
6.255553958724227037e+00
-5.252022291550117572e+00
-1.251150101678843996e+00
9.763461080325634978e-01
-4.343661369124713900e+00
-4.240335118889721144e+00
1.276896465976107287e-02
-2.193550659323590057e+00
-1.580479487516242898e+00
-3.649851124397459401e+00
2.524904251957016843e+00
-3.187893632413869582e+00
7.307163813861844659e+00
-1.068927266048685265e+00
-4.997430600747644114e+00
2.341211972031148614e-01
-5.217057970797638333e+00
-3.432010267280596771e+00
7.934049947420808158e-01
1.016092875157254838e+01
-7.825049629836621001e+00
-7.501463045447498423e-01
1.022363458577025597e+00
-5.479332169456479384e+00
-4.022651269179124078e+00
-1.636494192880003640e+00
5.095925016342757186e-01
-3.830479889617458555e-01
-3.158986148521413906e+00
5.721790647829088527e+00
3.753163248639906246e+00
2.417366499174025130e+00
-6.066853357073777042e-01
3.374486043927073631e+00
-1.619100107970988245e-01
2.270275646432926564e+00
-1.498081044490444436e+00
-8.521544627718053988e+00
8.591774967394401941e+00
4.490847459734160552e+00
-2.696249762751522283e+00
5.629452314762572129e+00
6.687544711226561134e+00
-1.550529435840718007e+00
-1.451143203330679921e+00
2.624090310743026677e+00
-3.773386281609550252e+00
5.928886364847464563e+00
-2.579127650308346897e+00
4.311566142424341219e-01
1.418257967526026286e+00
3.121094061539747777e+00
2.146546120153594472e+00
6.707881935000621354e+00
-6.407489231991626788e+00
7.305413573546590378e+00
2.978389338182413582e+00
9.201609910593773201e-01
-2.330220019618047811e+00
4.222560609976690138e+00
5.758402036162094006e+00
-1.192276212734428631e+00
2.631375296170818112e-01
1.261672376144618912e+00
3.859874493010923224e+00
6.909838914048076042e+00
1.420993375252091129e+00
2.267301424890004746e+00
-8.390518930381307694e-02
6.971571190876524327e-02
8.865502045780091933e+00
2.202155177179349277e+00
3.904268110617903353e-01
4.336579717658194610e+00
4.647710303150775601e+00
-3.607576173344244630e+00
-5.175806418066636105e+00
5.955330788085422267e-01
-2.033119936705462816e-01
-7.937684074580139137e-01
1.771269878003731080e+01
1.034808519208757716e+00
-2.904105663902428969e+00
8.083035515230596602e+00
3.786712960675181483e-01
1.863421184104331330e+00
-1.288451565321585779e+00
1.521391971474498117e+00
-6.285216745707183916e-01
4.185119943820762245e+00
6.771009845480218559e+00
7.302690499550370529e-01
2.929523415368249228e-01
1.531642788972165548e+01
-4.107352405922064520e+00
-2.263202700669142697e-01
5.133533080380862756e+00
8.793440993458599308e+00
5.940743510124473659e+00
-5.276713957816342671e+00
-5.166001735629309088e+00
1.628194862890143924e+00
3.902902660678462698e+00
2.128616462473443161e+00
-4.006340838713329688e+00
-1.568609728781145130e-03
-8.822379655650915975e-01
4.633584113649098946e+00
1.254972001933666448e+01
1.210156185706265930e+01
-2.389136894734967598e+00
-2.162791289898782221e+00
6.393865202742086140e-01
1.264894160193091999e+01
-2.059984184092853887e+00
-5.482495985405239081e-02
1.769882223594010373e+00
-3.289658232037282914e+00
-7.339266210230444010e-01
-1.158795783518557609e+00
-8.688867142480964922e-01
-1.111375629358140604e-01
2.074218493623592785e+00
1.278239643563104266e+01
6.618884435988258153e-01
5.272601526977306996e+00
-5.251251172862883010e-01
6.958332754519516605e+00
8.746560940529331418e+00
-4.893892814230358934e-01
-1.972549574468097866e+00
4.871995160669799318e+00
-3.433208397738732209e+00
2.331887404526805430e+00
4.950750471331791580e+00
2.003863079844351081e+00
6.760502212338512784e-01
-7.391418425462607189e+00
1.100971201290360746e+01
5.884795321473973440e-01
3.507510298904772394e+00
-1.270066914339342157e+00
-1.387633355441405536e+00
1.230492981010763209e+01
-3.074989111086815718e+00
1.233272534637739337e+00
7.305037574769605024e-01
1.392761323909024185e+00
-4.113316258479552623e+00
3.254153632050125644e+00
-3.414768243896970201e+00
-3.519263355392488801e+00
2.298126903471672922e+00
1.529578858347178771e+00
2.217992542586141269e+01
6.139417270657432368e+00
-7.853771654563410642e-01
-1.232549551798096221e+00
1.288636476658706620e-01
-2.481104735314568543e+00
1.684026347037946181e+00
-1.493284566910260569e+00
-4.694217685978204102e+00
5.938188574570249401e+00
-1.186392876918653583e+00
-7.849081710140082713e+00
2.396510605808993333e+00
1.262264103394203252e+00
8.477643693304807160e-01
-7.729039393893098797e+00
2.737896872562597395e+00
5.109006204423223174e+00
-3.180632835095229094e+00
-1.107808712049556554e+01
-3.932024598125992476e+00
8.495160798078400077e+00
1.417541193054514359e+01
4.661478141192246127e+00
3.052749196944660737e-01
1.083609270745177655e+00
-1.434854099407551820e+00
1.860897271497626015e-02
-2.181438823751312484e+00
6.087233808821653547e+00
-2.455131608293002810e+00
-1.867675320066190636e+00
1.177799382915575066e+00
2.060990337262504468e+00
7.650654798270151602e+00
2.193724798714885793e+00
8.847591508027878859e+00
5.149111076489112371e+00
2.750064983581463895e+00
3.620527897406268014e+00
3.319544834757735430e+00
1.765053708768986040e-01
1.466997046176855335e+01
5.281062414131904026e-01
-4.664945636909886950e+00
-5.028888556740449545e+00
-4.077335610430210089e+00
2.744329590980862488e+00
1.628797734154091570e+00
-1.058983765165953805e+01
-7.117583825167526079e+00
-4.479159828070646832e+00
3.552370588784619976e+00
-3.387519115055765972e+00
3.211395906793015786e+00
1.801637202221530343e+00
4.430156267750886556e+00
-6.162363885566506383e+00
2.587933904603472968e+01
-2.474384752067986248e+00
-1.614384820144674215e+00
1.833288886243019888e+00
-1.142725653193382707e+00
-2.663802170925217538e+00
5.588875998319414506e+00
-4.220974382550849668e+00
2.262750699844267022e+00
-2.302081601358910934e+00
2.737123970546637697e+00
-1.271828878634521542e+00
2.927815130841342040e+00
-3.274287135555839168e+00
8.031042107441995981e+00
3.291093964648986514e+00
3.399483123465603551e+00
9.814285862511797021e+00
-2.061116737684058453e+00
1.035456445022532002e+01
1.698692976509292407e+00
2.468043743351669761e+00
7.622778695597861365e+00
2.746505820974342038e-01
-1.686062157229040626e+00
1.063985964285943053e+00
-3.623596943861028263e-01
-2.543687844899017447e-01
3.370056096875400087e+00
5.949648679257609096e+00
5.110025830372283195e+00
1.234532190898421700e+00
-2.632696952172143057e+00
2.458603640543911339e+00
-1.239722087590928279e+00
-6.325503945348017742e-01
1.267623713101310834e+00
7.325398517309766433e+00
4.210186417700905182e+00
-1.276318967534646465e+00
4.773644153199871454e+00
8.588855002332959288e+00
5.493819335546361593e+00
-8.784655453815327419e+00
-3.849640261539883035e+00
-3.637811360586881371e+00
-3.814615160785032710e+00
2.319160999702217119e+00
-2.412466934993677814e+00
-1.737385211269993013e+00
-3.057476043400863208e+00
-1.894706185947124144e+00
1.284818743101051197e+01
-1.666967617969919324e+00
-9.862226739652906193e-01
-2.907131641549804080e+00
-6.564931094519355081e-02
-1.935124006155610754e-01
-4.579265439770200175e+00
5.540725411995019556e+00
4.779294440375593922e+00
4.263577688413319189e-01
-1.423041951033128250e+00
7.066975761837878345e+00
-3.919488023447159630e-03
-3.556478248939322628e-01
9.291921595684371482e-03
-1.081143519980596546e+00
7.478374492688868447e-01
-1.787570267633431964e+00
-3.011308806842370345e+00
-1.886020780447529077e+00
-3.761359119519334659e-01
-9.226773950460928075e-01
2.478354819575938617e+00
-4.978625638884167870e+00
1.234685425593730346e-01
-7.317555136395900162e-01
-3.321417203816306785e+00
1.793061814487314720e+00
7.095017156312966478e+00
4.404731181642198123e+00
-1.143153535390641018e+00
-1.416994537647560337e+00
-2.341818471882711084e+00
-4.621616934920769637e+00
-2.392753698500259762e+00
-1.299674865086791975e+00
5.989195954251477438e+00
-2.345009917056287918e+00
6.595609543084328674e-01
5.941851909722404290e-01
1.406643605123213181e+00
8.472055872367448615e+00
-2.251945066093056447e+00
1.087651900767801116e+01
-1.828827046596803951e+00
-3.989857375970795594e+00
1.807100344375512080e+01
-1.991353604092819696e+00
-5.222265824946172863e+00
-5.410015838576626379e+00
7.333492057389678465e+00
-4.540180454359663553e-01
6.248929323678185099e+00
9.469054944812120567e-02
-1.381752563535201928e+00
4.220897643830276991e+00
1.328527309612385299e+00
1.421289649607585526e+00
8.836782214968682325e+00
9.223517780889299189e+00
1.056515324409584622e+01
4.177132404798447496e+00
2.157976894389688649e+00
1.480978511881925197e+00
1.951031648317234612e+01
2.062403940358453536e+00
-2.900963039002144583e+00
2.144708587917800724e+00
1.133716650429396822e+01
-5.682412760396367002e-01
8.704630208096423516e+00
-3.134793968441834444e+00
3.182021005329281227e+00
-1.281673810094947630e+00
4.220688981572385146e+00
3.497754849279721245e+00
2.243418863066072522e+00
2.799958704657099062e+00
-2.178731619668917929e+00
1.848738033323735097e+00
-2.431252858830629471e+00
9.665708826362466866e-01
-4.013910058694417415e+00
8.265508390023129648e-02
3.814626665152431428e+00
-1.971727389094273253e+00
3.705296023712093767e+00
-3.249075063882290060e+00
8.466574007079449515e+00
8.956568640935472558e+00
1.167189907409882377e-01
5.125576587813350571e+00
-2.205676053619201937e+00
-1.498997685851211070e+00
2.523106721802819585e+00
-3.550777361551706868e+00
1.585456568159285817e-01
3.064333988976267520e+00
1.357598325649736815e+00
1.185886010617263686e+01
2.693990566755577021e+00
-4.532736284931274007e+00
4.126233722678470661e-01
-1.061145057716772655e+01
1.156751416964481116e+01
2.985462430123712707e+00
-3.613642697413229854e+00
-7.544746705070560999e+00
-2.368849298589362995e+00
-4.679991148705837212e+00
8.763628899080817547e+00
-1.219822183587148334e+00
2.947936089447054542e+00
6.487909797325501771e+00
-4.813827132585106305e+00
1.843476651459785565e+00
2.905205407636965553e+00
7.838992201633629975e-01
7.215475227539148939e+00
2.459959371627477687e+00
-1.224373468304831070e+00
1.137274844187397704e+01
-3.728828247731213796e+00
-4.256187176067935951e+00
-6.731897378982565350e+00
2.559938663182426577e+00
-1.118792111164068359e+01
-2.854577837112362459e+00
2.810559064993560785e-01
-1.070107056000791257e+00
-7.214478073847935269e-01
3.173942809204763904e+00
1.241597275072473527e+00
6.396648443924402905e+00
-3.339728462847288082e+00
5.272413958008712598e+00
7.186855192018576588e+00
1.529138967899201562e+00
1.269818983456512385e+01
-2.600726390562129176e+00
-2.162527056909680390e+00
-3.659276611001238244e+00
8.139376635712811776e+02
2.255679489604486889e+02
-1.153217018634629376e+01
2.795123033259378076e+02
1.517726150106845466e+02
5.150088675230334729e+02
3.689782888093728985e+01
2.922483459815601350e+02
1.711280776555765044e+02
1.795084608414737204e+02
3.953937413371285459e+01
6.116476799063885750e+01
5.209714683481656721e+02
5.050116985335324671e+01
2.228968677550739983e+02
5.583161462873999881e+01
8.067653290010460410e+01
2.405875370043492580e+02
1.905173968107901601e+02
4.255812500948060517e+01
9.480665701840671034e+01
1.929458368885993877e+02
-9.258135955755890656e-01
8.086524353800118092e+01
8.348957021118911825e+01
7.075018542074509469e+02
2.183114817830469008e+02
3.800706438651708368e+02
3.330798426303376232e+02
1.914936874400816009e+02
-3.891790475042983033e+00
2.248559672585314502e+02
2.838300756875875095e+02
3.272644469072134825e+02
3.563562486735658581e+02
3.224112734905520483e+02
2.759814700212549496e+02
3.254511884598240385e+02
7.779130039467453628e+01
2.694144287409728804e+02
3.644918707927732839e+02
3.189002846573457077e+02
2.117782851172011931e+02
2.297325218069821915e+02
2.673488804086718460e+02
2.095266499948759247e+02
2.235582203202989717e+02
2.534816461469218041e+02
2.538723758821232366e+02
1.877913242888626826e+02
1.294301681663476700e+02
2.359127914005025275e+02
2.640413723934573795e+02
1.997336785873463612e+02
2.084529740580406951e+02
2.497908569594908386e+02
2.233773006022319976e+02
2.269941831802883030e+02
3.499035541999950283e+02
1.074109972474466730e+02
2.451081662589809582e+02
2.585742483892082646e+02
1.046293519290339162e+02
2.492124051171099666e+02
2.683293826256613670e+02
1.967443291750267917e+02
1.887631385660785099e+02
2.558146813984627101e+02
2.075367791801257624e+02
4.150670943845257170e+02
4.115541798619915426e+02
2.259961858504699421e+02
1.957914538983984585e+02
2.933541059883033881e+02
2.078993728929076781e+02
2.705786714143179097e+02
3.364170219039333460e+02
2.497853231781244006e+02
2.762456290261147842e+02
3.056716895279717505e+02
2.220317560754915291e+02
1.333770918477281668e+02
3.617096941150956013e+02
1.927108688403386054e+02
2.801967764274605770e+02
2.249303969735025817e+02
2.457396338982420048e+02
2.649305279956635673e+02
3.846918672319461052e+02
2.531054828380590038e+02
3.125469137302898162e+02
2.323844644200852372e+02
2.746800106778629811e+02
2.720719921903083218e+02
4.001835124171512916e+02
2.885967376626423402e+02
2.761685821119427260e+02
2.762266524186594552e+02
4.215897203021102655e+02
2.246583918168441869e+02
4.292947412048284264e+02
3.230532364132349130e+02
2.733904931672998941e+02
3.389718903052799419e+02
4.112775065128708434e+02
1.696989140970883341e+02
2.620525068751973663e+02
3.343866023048165061e+02
3.424558130851633564e+02
5.382607095973164633e+02
5.210723693067177464e+02
3.204590759577208701e+02
1.641697021927577964e+02
3.435801264554936552e+01
3.469991143417813646e+02
4.250745528429428646e+02
2.912258219682510116e+02
3.574704046337255932e+02
3.687506598030157647e+02
3.951677971919255583e+01
4.690732713424819167e+02
3.318287313637451916e+02
2.234700890661117683e+02
2.301544124821645099e+01
2.629207809808936531e+02
2.950101335762207100e+02
3.641534064520362790e+02
3.033876340952836017e+02
2.876716781674474532e+02
3.024793215291896331e+02
4.527923156714730908e+02
1.506914372363680172e+02
4.470841760232310662e+02
2.816048609580557240e+02
3.173155064798299350e+02
3.531383657705733299e+02
3.288883795622855359e+02
3.807410392133987216e+02
2.652172730087396531e+02
2.626071474787523812e+02
2.660875413254250361e+02
2.514892077273689779e+02
3.615044908422695471e+02
4.276283752502028506e+02
3.170994356242892422e+02
3.404490878118979253e+02
2.762716310802226189e+02
4.105029057281814175e+02
2.969548952861424596e+02
2.185378571219240484e+02
2.610573224221790838e+02
4.512669567011612344e+02
3.972375295543666311e+02
3.502113790238941533e+02
2.973849706212850492e+02
2.866361048532349400e+02
2.586574442993680236e+02
3.187471858244852001e+02
3.919547823703909444e+02
3.557332167734531936e+02
4.730996201497968627e+02
3.419225971839379667e+02
2.878226297122178039e+02
2.256972612952469035e+02
3.821927195224066054e+02
3.109572965850858282e+02
2.795722039610803904e+02
2.033401280521007948e+02
3.798575121532238654e+02
3.252246876011834615e+02
2.734711059035145695e+02
2.292519645132635731e+02
2.604348959207383132e+02
2.032147731443869532e+02
2.681205526769628023e+02
2.491971318456847939e+02
2.850878315386544841e+02
3.373638212732967077e+02
2.938891373865944274e+02
2.313161535915004947e+02
2.746318287804893430e+02
2.558452791188910282e+02
3.230415553500033639e+02
3.324982441532928874e+02
4.197411662553489009e+02
3.958374711784167062e+02
5.123375080350406279e+02
3.537762338303976435e+02
3.385320181611128874e+02
4.145693311749184318e+02
4.016499164607294574e+02
2.216667582955963951e+02
3.284340968681407276e+02
5.358365804500837157e+02
3.315085353592170918e+02
2.915455595136026545e+02
2.937266659679462464e+02
2.768836268196228048e+02
3.209083927816670325e+02
2.509487527923916446e+02
2.304644447943553871e+02
3.753507883556079605e+02
3.346920953101125065e+02
2.374679122748555358e+02
3.464627937168339713e+02
2.545512548420998939e+02
3.473887688928799662e+02
3.029635018007010103e+02
3.321857371338945768e+02
2.383538939969779733e+02
2.104515114220613157e+02
2.922881942529836010e+02
2.334339953105166217e+02
2.350638043366119518e+02
2.369714740145287521e+02
2.754659624834006877e+02
2.308455406116061397e+02
2.739377369017798287e+02
3.111666271450536669e+02
1.912620706125022423e+02
2.723798453357027256e+02
3.374980590749853491e+02
2.583649070397921719e+02
2.104459492860125351e+02
2.966625485244549054e+02
4.505894988675125319e+02
2.471121072814169679e+02
3.082526896457035264e+02
2.399673048303265830e+02
2.617372920072446618e+02
3.082314397038954894e+02
3.726079226952063550e+02
7.251531328456470646e+02
2.435083751859206984e+02
3.137614197091545520e+02
2.945903200621185078e+02
3.614038559549047704e+02
4.253947169963348074e+02
2.949345783510945012e+02
1.744134969756762246e+02
3.626159245454047664e+02
2.648357095312546221e+02
3.065150816627227073e+02
2.343487907401662085e+02
3.910367045667607044e+02
4.877549273784141803e+01
2.950337309002208031e+02
2.884656897365748023e+02
1.151240155384611654e+02
4.194635804125289837e+02
2.164921558854631485e+02
3.216842417216454351e+02
2.933879965897051534e+02
3.490640000785633674e+02
3.460282602855056666e+02
4.550871930757892869e+02
2.589927840133041173e+02
4.845061170127078753e+02
3.160697049722312499e+02
5.569121165700480560e+02
3.245765924936700912e+02
3.030759355097096091e+02
1.962904932188456826e+02
3.274795123386846285e+02
4.608702231292414240e+02
3.062478379352251636e+02
5.502517655558305023e+02
3.392856964751592841e+02
3.266718218295934548e+02
3.251240512212331737e+02
2.766365195152230285e+02
3.079278819336389574e+02
3.336504019290313749e+02
3.009633835223384608e+02
2.269694214425687449e+02
3.571246864012362039e+02
5.459930832710394952e+02
3.295256438060041546e+02
3.776859569281116364e+02
4.477133030282365098e+02
2.394747795336550951e+02
3.508437821662486726e+02
2.754869890740965843e+02
4.782835830533925900e+02
4.194098465655557675e+02
4.456544057940571975e+02
4.213368711248643876e+02
2.672301745420091379e+02
3.340035714598370191e+02
2.698241016032062589e+02
5.247200425135674777e+02
3.309927271530062285e+02
3.323118419102962662e+02
4.952558087319791014e+01
4.331241625701677549e+02
-2.337196891532190435e+01
1.590470959266682200e+02
3.986992884767513488e+02
3.560421886299175753e+02
1.337329987502667734e+02
2.951823838834712888e+02
6.676882384886862383e+02
3.147741357330903611e+02
4.330697385202608416e+02
2.977406828110509309e+02
3.940119059937815109e+02
4.862059044615471635e+02
3.584299076111421414e+02
3.385847394163331501e+02
3.174011037396342090e+02
4.542965902740973547e+02
3.368671535674054098e+02
4.083677042885232709e+02
3.021052276170471487e+02
4.013301252233746936e+02
4.194774087504556519e+02
3.519254842949550266e+02
2.938762525059825066e+02
3.502406492574741605e+02
3.294202293487875863e+02
3.200682749122671567e+02
2.976154086468714013e+02
2.810015181124584842e+02
4.535476958252249347e+02
2.790522542169725853e+02
3.668057790918932142e+02
4.585556705262505943e+02
3.323090014211922494e+02
4.694569833898005413e+02
3.436252282512060674e+02
2.745320229717198686e+02
3.593995747362292263e+02
3.133032393170026921e+02
2.132566901692619865e+02
3.449483961204624052e+02
2.172606687722156096e+02
3.469652387452327389e+02
2.996364872349178086e+02
2.739134188183846277e+02
3.038221614757286488e+02
2.721507195272263289e+02
2.961084505599649219e+02
3.189388279157771535e+02
4.329068473096607477e+02
3.391113589839777092e+02
2.628152492511914602e+02
5.641711490421705548e+02
3.580917850265803395e+02
3.270828709428659522e+02
3.484031133525567725e+02
4.182534899217192788e+02
4.839706492679848111e+02
3.442826510591427223e+02
5.200644165510994981e+02
4.987068187795455287e+02
3.010911903554118112e+02
3.234741274211465338e+02
2.047439156936372626e+02
2.882992145233972110e+02
3.456704794320592100e+02
2.598167792120694912e+02
5.977788562505336358e+02
2.158311720127373405e+02
4.230417452731981598e+02
3.774565083316182950e+02
3.153513712471486201e+02
3.995993923992315331e+02
4.361979246388219167e+02
4.703892932433261080e+02
4.947058745481263600e+02
3.243420619439218058e+02
5.155853573786406514e+02
2.923292866275978099e+02
4.898289127094769242e+02
3.993108509341511763e+02
2.394734019428172473e+02
3.209691627319140252e+02
3.659183750536354296e+02
4.284686986422764221e+02
4.351617769124437700e+02
6.126327868340381428e+02
5.559358761368143860e+02
3.624237426445181995e+02
4.416814291042582568e+02
2.961776692437965153e+02
5.115843881983096253e+02
3.714035870045691468e+02
5.109398481353093757e+02
4.537387492851922843e+02
6.913229064842710159e+02
7.831102058445984540e+02
2.693749974499403379e+02
4.565636927061282790e+02
3.775492432726871357e+02
2.755180364548952525e+02
4.449275869329899251e+02
5.209017780786535923e+02
3.622850280433041235e+02
3.085569465006483370e+02
3.819550528770009237e+02
1.890797992981577238e+02
4.597575871418944189e+02
5.944534116819289693e+02
2.437954956901771482e+02
5.432948856377836364e+02
5.642313779033431729e+02
4.885638889263302076e+02
5.947256752209543720e+02
3.656008021278600495e+02
3.305493268916099510e+02
1.542101825724336948e+02
4.150201004869605867e+02
3.602507254157417833e+02
5.245231085110575577e+02
4.644801597568967395e+02
4.697158255427663676e+02
2.424855458626905431e+02
7.663953869658039366e+02
9.671870894993023740e+02
5.832559231400966837e+02
3.934216767879268559e+02
3.762184160895623108e+02
7.344960526149816360e+02
4.529589011328850461e+02
4.969734058443463027e+02
5.683988104090888100e+02
7.803612477851941094e+02
5.276296708098425370e+02
6.937187598753685052e+02
4.559689323788563797e+02
5.304700900718752337e+02
5.604393191232801428e+02
4.994782135549867235e+02
6.359878849967200267e+02
3.286585485964378108e+02
2.812777618152480272e+02
5.098414501032002022e+02
6.552365800353485383e+02
5.708124560961854286e+02
5.793937664109047319e+02
4.428392164011804084e+02
7.056099699287425437e+02
8.018109209408578408e+02
3.638184521421454178e+02
7.381022165398286461e+02
4.033691694792325961e+02
4.232361148546485765e+02
5.353316817555804619e+02
4.784575948432722043e+02
1.319356689958449579e+03
5.011202634635268396e+02
8.013800132542061192e+02
8.799892941175131682e+02
6.606514684353600160e+02
9.114832161036875959e+02
2.696742918467157892e+02
5.482403723523979124e+02
3.478589242845000058e+02
2.205351160150933936e+02
1.432839762347594387e+03
5.572831266581949876e+02
3.150350785391136696e+02
4.529510699866418122e+02
8.852704869794991964e+02
9.899368525734048490e+02
1.185293761264391605e+03
2.994214934048098371e+02
9.090399410288805484e+02
4.459263677504779935e+02
5.577502125357021896e+02
4.907600046449502997e+02
7.492193868657836902e+02
5.712736441118622679e+02
4.944476697083659928e+02
4.490687993966628824e+02
3.657686802585367900e+02
6.309856300874720318e+02
5.129067551201321749e+02
7.776265481642419672e+02
3.590133181817119521e+02
1.578893416871771478e+03
1.985467928417033363e+03
1.145003953437684913e+03
5.457137932477919549e+02
4.678521745978093236e+02
9.163608143505540227e+01
3.541635120593413717e+02
5.497647980032912756e+02
3.670519446111977118e+02
8.498098858175384294e+02
7.759594982581629665e+02
4.239262089766456825e+02
7.616883072438712361e+02
7.917118183302295620e+02
7.478152266301193549e+02
2.723514015737437148e+02
1.017314401520008914e+03
4.796901249705870782e+02
8.602922521516940151e+02
9.764329000614503684e+02
1.119159474596160862e+03
1.015448001104232276e+03
7.259325600923164075e+02
5.073266869575349460e+02
7.817433247959315850e+02
6.867404153969862364e+02
7.366160874719964795e+02
6.968903499728473889e+02
1.492778596579814803e+03
1.176767463259109036e+03
5.700498503628739400e+02
7.781356467740854441e+02
7.622090464770036533e+02
4.539429542735082350e+02
4.451643699450690974e+02
1.050098753768360666e+03
2.125781815740677132e+02
6.786569296215614031e+02
2.095093241157767807e+03
4.274036418743017407e+02
2.844994301837113539e+02
5.149893132037589112e+02
9.160749207916418300e+02
4.135500357774990903e+02
1.496693520421727726e+03
2.807585142951939815e+03
1.497726798239769096e+03
8.403148958432151403e+02
1.918739059301681664e+03
6.159004359942413203e+02
1.697806284578823124e+03
8.343648831559736436e+02
7.156857655231713125e+02
1.628947378312944011e+03
2.641412152536782287e+03
1.843676366969629498e+03
2.975453247646211139e+02
2.585829017963088177e+02
1.197049330799208519e+03
1.350767948319549532e+03
8.186942413900424071e+02
9.728374736703747203e+02
5.507420669834923501e+02
8.858850290070737401e+02
3.456694737401109592e+02
1.445050387416631111e+03
1.242744652122835987e+03
1.694422562422541887e+03
7.492365316537468516e+02
6.220045390190157377e+02
9.039886414303339279e+02
7.632546980639324374e+02
5.104649197444097126e+02
7.183889071949043910e+02
5.015161424811561801e+02
1.671798110454507423e+03
5.193032578275200422e+02
9.680597336012147025e+02
1.170854526877476474e+03
1.189043693223904256e+03
9.518617383336514877e+02
3.640002342087446436e+02
1.379366862458833339e+03
7.108902136650656303e+02
4.746878243987220571e+02
1.946246402230871126e+02
9.947402155252212879e+02
9.858578678593254381e+02
1.524994084238761161e+03
1.461150227781274452e+03
1.410875389855989624e+03
5.422235647768628723e+02
2.334711082278801939e+02
9.065642217072603444e+02
1.486276866091653346e+03
7.092992574623059454e+02
9.014729450536824515e+02
1.209773968572630338e+03
6.612477533529269067e+02
2.072666812347468294e+03
1.119464882330514001e+03
1.295426664215404799e+03
2.830756037210022669e+02
1.148847465614444445e+03
9.345895214733476450e+02
1.405893714995878554e+03
2.220180003995945754e+03
7.411426602849895744e+02
3.529838516848074050e+02
1.942376133317755603e+03
1.318047846811931095e+03
8.772521468151566069e+02
2.783504681576930011e+02
7.059096550187558705e+02
2.838317338072205985e+03
4.065202040834158197e+02
2.295430553398131906e+03
2.221790435760321088e+03
8.544014537864507020e+02
2.966656085695290585e+03
1.736537557675890184e+03
7.572142711324509037e+02
1.321343072098286939e+03
8.454262842125608586e+02
1.460209756860642528e+03
3.000665355506823175e+02
5.149429090728430083e+02
5.804936527031219384e+02
1.705351945388702461e+03
2.120909472173724680e+03
1.923053741364666848e+03
3.382001293380459401e+02
1.654509708179761674e+03
2.691802187229749507e+03
1.553333430472946475e+03
2.232381562293993284e+03
2.764164966628525690e+03
2.280496374235882740e+03
1.288701529149417127e+02
1.754524824521558912e+03
1.322200135047447134e+02
8.051381699847386244e+02
2.869837634727730347e+03
2.667715216641357074e+03
2.992383554544943308e+03
1.118949793702974205e+02
2.909028957575861114e+03
2.709517317039064437e+03
1.085437492547353258e+03
9.851268064605493464e+02
5.118699128112067456e+02
9.328478238219782952e+02
1.288775901651041295e+03
1.163221089982946665e+02
1.370302391944556462e+02
1.139608817435009087e+03
1.275914391146577032e+02
1.067099469338072026e+02
2.426645088000333544e+03
1.108935815710511861e+02
2.444168953691802926e+03
1.803592645907740177e+02
8.444644229021122328e+02
1.101800529797448007e+03
1.952763704196551771e+03
2.953464368176041262e+03
2.946986597180732133e+03
1.168443718356769978e+03
7.770549459656867839e+02
2.870940826795950670e+03
2.335155749437949908e+03
3.272662660823160422e+03
3.100997867735044110e+03
2.433314866993912347e+03
3.058911695081335893e+03
2.159529980254815200e+03
3.100817791144814692e+03
1.416624567467083011e+02
1.467828261337953563e+03
3.127240260378965104e+03
1.720672049399146772e+03
1.914361078207605942e+03
1.103298835671596635e+03
3.110683151351064680e+03
2.747636247555506088e+03
2.728359033205124433e+03
3.217100795884679883e+03
3.062301160616788820e+03
3.046925447255813651e+03
3.276573261244328933e+03
2.430042593385608143e+03
2.238573609494099799e+02
9.843015772017154177e+02
3.475881738947498434e+03
1.262132794079976748e+02
3.139128169401764808e+03
5.800169154149854194e+02
2.837050655167508467e+03
1.203827518247011881e+02
3.516915794982341140e+03
8.612592883276854536e+02
1.992603544497475468e+03
2.502492710667409483e+03
2.273605951915632431e+03
1.904791820186773066e+03
1.775864173352717216e+03
1.610174654562267961e+03
1.283814874444874931e+03
3.399746701116324402e+03
3.417574210748729456e+03
1.172496570009249410e+02
2.119441382904465172e+02
3.215966873178892001e+03
1.134684760672105313e+03
3.475039771583424681e+03
2.696599798834346984e+03
3.442552840432308130e+03
3.334672040300429217e+03
3.404141692908262030e+03
3.417265472080910968e+03
7.375514894452898034e+02
3.117302473752718470e+03
3.529673121779186658e+03
3.622352398055672438e+03
1.450669271728957256e+03
3.275370252325409183e+03
1.008165126279629789e+02
1.057642527431204940e+02
8.601073030064955560e+01
1.253960347613074191e+02
3.278300447845278995e+03
8.628102620458952288e+01
1.116286214888196895e+02
1.081604193086092778e+02
1.077241556483485567e+02
1.246449409796523895e+02
1.254006556092968481e+02
1.000824549392198151e+02
1.293380573498020567e+02
9.372792604904108771e+01
1.040542760531480582e+02
3.357126973910931156e+03
2.750559010543739078e+03
1.180138338768574329e+02
1.088562409369756523e+02
1.171821537578332709e+03
3.178331381101841544e+03
3.491551538912450724e+03
6.933987076290864593e+01
9.314999991550871528e+01
1.075197985825759019e+02
9.671297583491973171e+01
8.310748061084650828e+01
2.102516207249999752e+03
3.505591957535623351e+03
3.496376101174686028e+03
1.242282072688161776e+02
3.547548671548248223e+01
6.236110636685603481e+01
1.093896343204743005e+02
2.025445339423511086e+02
9.389161851638559142e+01
1.271855787633364798e+02
9.340115562838356311e+01
1.186329791620943155e+02
3.733349404769994180e+03
2.304177520940529007e+02
1.581130191691939331e+02
7.304723363610771969e+01
9.398314153556739825e+01
3.614754865272764164e+03
9.962862442784484074e+01
9.233803722642414868e+01
9.954699766500104374e+01
1.165022219061260529e+02
7.138199973063763082e+01
8.628612319356032003e+02
3.636100941652136498e+03
9.013533679240085306e+00
1.241834137876385512e+03
1.422763230659854571e+03
7.520666262987762707e+01
9.957564212295578443e+01
9.622884932976798211e+01
1.050835746199413592e+02
6.287254958451098901e+02
3.713465850015170417e+03
5.995925082674106079e+02
1.252346304248585511e+02
3.594588876122914826e+03
3.690900147012385787e+03
3.570547692931128950e+03
9.766471417462038573e+01
1.325822097262075943e+02
2.821259931789659277e+03
1.350920925545255216e+02
1.270829744775951156e+02
1.248906115600490807e+02
3.779208482234520943e+03
9.228344207182914261e+01
3.584360329630927026e+03
2.173439536315851456e+03
1.130348634808824926e+01
1.033031105331317434e+02
9.544809283253023580e+01
1.032845874911903650e+02
3.455054639514763039e+03
7.774170126648644263e+00
9.866755888556733112e+01
1.209478982812153021e+02
1.927391917289922105e+02
3.626030069765765347e+03
8.166128319194814367e+01
4.156937379617224337e+01
9.347072283646238589e+01
3.657298768599966479e+03
8.768994996825205135e+02
3.591503876428259900e+03
2.021819206932377938e+03
1.014538354375977406e+03
3.952943111312226392e+03
3.824722753178435141e+03
3.773963749823666149e+03
1.551728061904472270e+03
3.918432828376796351e+03
3.836265249109413162e+03
3.775041537115477695e+03
3.717620389779047400e+03
7.278908772821523598e+02
4.022036774725142550e+03
3.702898753713061069e+03
3.850752151572908588e+03
3.631433485355787980e+03
3.898682214687130454e+03
3.798136391537273084e+03
4.014010765845712740e+03
3.849925175536290681e+03
3.805705916925700876e+03
3.974005388109421801e+03
3.982373437969763927e+03
7.827871304495477744e+00
1.143426679335216178e+01
3.844398069915179804e+03
9.694531988026286129e+00
9.864672914682154570e+00
7.408858111185839590e+00
3.745389651646283255e+03
3.997462442284927420e+03
1.144447359669495654e+02
8.877053600246840404e+01
3.817265761840563300e+03
2.377664759985359524e+03
1.745451640452960646e+03
3.780932269452812761e+03
3.882004380630541164e+03
3.794727120674986963e+03
3.813370846529438040e+03
3.954019425575874720e+03
3.920731089159053226e+03
3.610822751162559598e+03
3.966563364057062699e+03
3.818981770746538132e+03
4.009808135572300671e+03
3.999628150724704028e+03
4.049837513495825533e+03
4.052026683027778745e+03
3.865722938075621187e+03
3.930364367631074401e+03
3.758224281303535008e+03
1.458993376813768919e+02
4.011672206256864683e+03
3.860641484541366481e+03
4.028919974009496400e+03
4.083669641901942214e+03
1.529318922880308840e+01
1.294860346464169965e+01
1.170209064311864111e+01
1.176272443036065454e+02
3.936482374213413550e+03
4.098016776868480520e+03
1.394235170003679286e+03
1.014553580603400036e+02
1.005845375734867417e+02
8.308321382250746012e+01
3.721447527537482529e+03
2.068640436091882151e+01
3.924924305163810459e+03
2.456611812579444631e+02
1.090847111310830826e+02
1.036068397528695471e+02
2.066440769957352330e+01
4.178548740619356067e+03
2.171901929350115878e+01
4.007179275345120459e+03
4.082274334792981335e+03
3.915274035279303462e+03
4.102699352326959342e+03
4.086530125782037430e+03
3.972957375354780652e+03
4.218035896378950383e+03
3.993294029497348674e+03
4.075511438182947131e+03
4.071687280178829042e+03
1.159175494981723205e+02
4.082945022007308580e+03
4.143289193025350869e+03
4.219303160181076237e+03
4.153254460536521037e+03
4.134791328471815177e+03
4.093426628400854497e+03
4.122885630543502884e+03
4.199109710888052177e+03
4.039628802522095611e+03
4.259562325193575816e+03
4.413961750290108284e+03
4.346426746520523011e+03
4.235128147235933284e+03
3.970063738888877651e+03
4.326599663413509916e+03
4.078083384532863420e+03
4.361524899450375415e+03
4.119735682934094257e+03
1.901196857850580955e+02
4.252180820317362304e+03
2.467716288865214665e+03
4.413550963845699698e+03
4.190937839807571436e+03
4.414687703035436243e+03
4.423263868544380784e+03
2.055674681057862472e+02
1.571683024108050688e+02
2.878567135337461877e+02
3.768191689227571260e+03
1.038746969722981532e+02
4.154374941178802146e+03
4.309148932526690260e+03
4.040003881233875290e+03
4.353969844034660127e+03
4.069067823436473645e+03
4.222005752630184361e+03
4.243668401477909356e+03
4.153199735582827088e+03
4.166631951776245842e+03
1.187413049103578118e+02
4.224689751956321743e+03
1.690438517817180752e+02
2.126637524711911453e+02
4.117203783419073261e+03
4.278498654026919212e+03
1.353777722480795092e+02
7.992857208852659312e+01
4.149967398791218329e+03
3.982753982449289651e+03
4.159493065798192220e+03
4.091587472620557492e+03
4.181735742630482491e+03
4.223809529246570492e+03
1.307168633802765214e+02
4.296023998749500606e+03
4.273240817838698604e+03
4.477018225216085739e+03
4.504180047159539754e+03
2.415043466342059219e+03
3.616954983447520817e+02
4.312009330998140285e+03
4.309211151011175389e+03
4.365539813987581510e+03
4.412992424072038375e+03
4.323353465490902636e+03
4.327053953346232447e+03
4.431955419590221936e+03
4.385304534702490855e+03
4.384139478015343229e+03
4.128582682426376778e+03
4.484066002166624457e+03
2.861545987200804575e+03
3.202981399527459416e+03
3.724439831397973649e+03
4.162112380975665474e+03
3.022753159390334531e+03
2.580494798951460211e+02
4.324458909524080809e+03
4.333262334802041551e+03
8.244745625270539335e+00
5.386745197609331015e+00
6.068849448869251262e+00
7.647610383102666276e+00
4.244789989558626075e+03
4.043391176026339195e+01
4.233660815174372146e+03
4.218188198255388670e+03
4.808030266059495972e+01
4.347085123620988270e+03
4.323819665493113462e+03
4.507371152152407376e+03
4.261907527533297070e+03
4.343924932930306568e+03
4.368271879948491005e+03
1.136032379765928368e+02
1.117709518020847348e+01
4.599188297575779870e+03
4.453533801881303589e+03
4.286758342834234099e+03
1.627494917702025077e+03
4.466603147729824741e+03
4.436519799662769401e+03
4.619123707744957755e+03
4.522912884393412241e+03
4.339861078463584818e+03
4.407233700732772377e+03
4.482429883002710085e+03
4.402951871934486917e+03
2.512519612680202385e+02
1.166462934779030434e+02
4.574130362749088818e+03
4.564173647016683390e+03
4.411448250031645330e+03
4.596778584500205397e+03
4.595961622891270054e+03
1.432362591608434172e+02
4.442069918089229759e+03
4.647866240496215141e+03
4.436029660824383427e+03
4.651924283142657259e+03
1.255608396307583661e+02
4.438995347011303238e+03
4.533537682424878767e+03
4.516437822350031638e+03
4.551086960021934829e+03
4.530952717185231450e+03
4.433779710171674196e+03
4.685542580973686199e+03
4.471281189201250527e+03
4.641393504656626646e+03
4.619320147956349501e+03
1.151546967964865757e+02
4.608540382060427874e+03
4.468426179363646952e+03
2.847747598770573063e+02
4.668481042381845327e+03
4.662729803627224101e+03
1.285111849190223836e+02
4.641541645421997600e+03
4.684285589738228737e+03
4.707942626716372615e+03
4.677148297780237954e+03
4.609598265223886301e+03
4.527908414227364119e+03
4.633229918324420396e+03
4.588583965308713232e+03
4.542700646292619240e+03
4.707308498038138168e+03
4.607707718459103489e+03
1.355964260331075195e+02
3.868052206559576916e+03
4.626179593087958892e+03
4.732107094094260901e+03
4.695946145928171973e+03
1.185588599415425051e+03
7.915011672700103418e+01
2.912388134606953827e+03
4.734954471914275928e+03
4.705075868016042477e+03
4.599996474251270229e+03
4.668757798200108482e+03
1.363883136210286580e+02
4.575808919498073919e+03
4.594597689398273360e+03
4.546130516780598555e+03
4.676109965647181525e+03
4.691358986833662129e+03
4.575481458689523606e+03
4.652410981473653919e+03
4.724899348468230528e+03
-3.129907987168562666e+00
4.795895800345562748e+03
4.668711948210331684e+03
2.218969662750586394e+03
4.617483582687832495e+03
4.619395679524714069e+03
4.672950266199475664e+03
4.710482338423441433e+03
4.687419922184950337e+03
2.095907369355374499e+02
4.590001100558975850e+03
1.258955037563536550e+01
1.198316337446461546e+02
4.708307382819129998e+03
1.304742941587979317e+02
1.086541222041261108e+02
4.699274809762687255e+03
2.211460070504453597e+03
3.157448110526273695e+02
4.688547814122324780e+03
4.470788698730012584e+03
4.483701407869479226e+03
4.529399586435878518e+03
5.845514970011838614e+02
2.366945144699740524e+02
2.591439478078879347e+03
4.620609380033090929e+03
2.361752091480023452e+01
1.074196213337960728e+02
9.390029274643406154e+01
4.541618416730059835e+03
4.638915485663800609e+03
5.561027544339406177e+02
4.641841672785573792e+03
4.668685460831841738e+03
4.621213424475703505e+03
4.736476997491857219e+03
4.435595241804824582e+03
3.126356819771562641e+03
4.703684405395243630e+03
4.682938402406282876e+03
4.669552498042493426e+03
4.708511789938411312e+03
4.644583850989472921e+03
5.957193564872109164e+02
4.808916425970588534e+03
4.644973516564062265e+03
4.708330001736040686e+03
4.716222866964149034e+03
4.769927979412156674e+03
4.840417444166721907e+03
4.692966703231930296e+03
4.763463375392679154e+03
4.761829422090931985e+03
1.746265014924608522e+03
4.666742882900462973e+03
4.701444232360774549e+03
4.766158292199995230e+03
3.139340244497814638e+03
4.711542370661159111e+03
5.525665342956976929e+02
4.810387748191304127e+03
4.744179714133173547e+03
1.261265749080404476e+03
4.766875283155892248e+03
1.434131725756584046e+03
4.828233159140235330e+03
4.746815281507921100e+03
4.778924231989800319e+03
4.736210331906288957e+03
4.787677027393514436e+03
4.849131162880002194e+03
4.788119964217574307e+03
4.786274129534720487e+03
4.725797128662685282e+03
4.838222071425032482e+03
4.750625966937774137e+03
4.834064185561036538e+03
4.721516186666383874e+03
4.718810480657502922e+03
4.768173615528001392e+03
4.779309579110389677e+03
4.608956463084368806e+03
4.787978135242647113e+03
2.701207259684800647e+03
4.854443482280706121e+03
4.804389219644459445e+03
4.764617974155843513e+03
4.808818975310138740e+03
1.101704592843214101e+02
4.790132590241641083e+03
4.740072598693323016e+03
4.758777065670387856e+03
4.766382689076327551e+03
2.102682611544599695e+03
4.692027473257814563e+03
4.816142811024611547e+03
4.813240993457747209e+03
4.924128869618563840e+03
4.731203245847032122e+03
4.839982034105446473e+03
4.754173390192693660e+03
4.761945128105905496e+03
4.832124450496047757e+03
4.854909961278772244e+03
4.895847087897272104e+03
4.771518169505395235e+03
3.853953920271654169e+03
4.868489663531531733e+03
4.268973736899225173e+02
5.432380587522105770e+02
2.262386411706621857e+03
4.828327697703403828e+03
4.850555288961949373e+03
4.808412492240254323e+03
4.787155064163391216e+03
4.818407836271034284e+03
4.861249562455213891e+03
4.907723917279377019e+03
4.837979394662142113e+03
4.770811419395713529e+03
4.950583391430777738e+03
4.905301696100158551e+03
4.913276094284724422e+03
4.809171566774145504e+03
4.940982730422879285e+03
4.605053792664467437e+03
4.874566546168783134e+03
4.798302302981012872e+03
4.986047347786103273e+03
4.747588214964579493e+03
4.830385437063985592e+03
4.828847796167892739e+03
4.925282104856067235e+03
4.865560270396804299e+03
4.981716045564957312e+03
1.964612782960880850e+03
4.862642561359862157e+03
5.007519950186816459e+03
4.962152603802652266e+03
4.981510940353065962e+03
1.615777462529938902e+01
1.477033476837421588e+01
1.202023772515631350e+01
1.557190135243222606e+01
4.935511963866574661e+03
4.990745357328607497e+03
4.959030999268827145e+03
4.859282739642239903e+03
4.927573573847217631e+03
4.844969879326104092e+03
5.019547160243178951e+03
4.939702554683869494e+03
4.994827182888619063e+03
4.968391706534232071e+03
4.963583389499536679e+03
5.049966473166807191e+03
5.009949247317080335e+03
4.864334889884919903e+03
5.129020045617774485e+03
5.016956537167476199e+03
5.073044578220660696e+03
4.888350222692811258e+03
4.894980001752285716e+03
4.945205776234589393e+03
4.986335793805175854e+03
4.904634807863684728e+03
5.042896646681778293e+03
5.009021253006030747e+03
5.185267530857317979e+03
4.977970727869366783e+03
5.046218845674128715e+03
5.040452646675578762e+03
5.016568966523715972e+03
5.029194459452583033e+03
4.883589930223594820e+03
4.029210046025544216e+03
1.337786015454938479e+03
5.031520693250580734e+03
2.453516482799569985e+03
5.060184119232133526e+03
5.106749776516026031e+03
4.014797893815139105e+03
5.120479507427470708e+03
2.038576447648761132e+03
3.571992408200023874e+03
1.363221633096643700e+03
2.381609725739704118e+03
4.260035415266184827e+03
4.833811946687121235e+03
3.232391096672960884e+03
4.920972034030513896e+03
3.974647469301395176e+03
1.320998539872000265e+03
5.073795567947462587e+03
5.183190379475853661e+03
7.989189350909914538e+02
5.083708548271724794e+03
3.933336160408489832e+03
2.257818537918617494e+03
5.003624775357287035e+03
5.103513643668184159e+03
4.868323392980693825e+03
3.857064929693164686e+03
4.382469595172079607e+03
4.991219551455589681e+03
5.012861564361739511e+03
2.325980447676505719e+03
4.934244904844573284e+03
5.106506508323339403e+03
3.535152363603401682e+03
5.187278783815691895e+03
4.692246068918044330e+03
4.973117268643862189e+03
4.760351413923704968e+03
5.188019515142020282e+03
4.874012702831684692e+03
1.611683621829450431e+03
5.114685510166646054e+03
4.870216394463609504e+03
4.958379461623277166e+03
4.804432224158427744e+03
1.803018911281747592e+02
5.027221528402023068e+03
4.807928460602557607e+03
1.145877768489457225e+02
5.033636739750701054e+03
5.006246470269698875e+03
5.045289150610533397e+03
5.133981522895125636e+03
5.140529652999115569e+03
5.129926917825770943e+03
5.159892414827374523e+03
5.095124527609734287e+03
5.231851317854286208e+03
5.135722122295211193e+03
5.061223734997694919e+03
4.976892024244862114e+03
4.979157245381729808e+03
5.231767297001601037e+03
5.134207022351860360e+03
4.635159320493619816e+03
5.226969499353296669e+03
5.019868581351058310e+03
4.993026842605676393e+03
1.270199496479523077e+03
5.053940806703889393e+03
5.197498470408874709e+03
5.236428268572655725e+03
5.173145905236970066e+03
5.157276234663574542e+03
4.952931083076813593e+03
5.005168530235802791e+03
5.110859963920956943e+03
5.191905806655801825e+03
5.061955626749278053e+03
5.241444219735518345e+03
5.170332533259290358e+03
5.038746186806431069e+03
2.659923461262204910e+03
5.343134785413883947e+03
5.288199669765235740e+03
5.198279926230860838e+03
1.081964138981182941e+03
5.221948062534367637e+03
5.107884624414670725e+03
5.120072213677916807e+03
5.186549424088731030e+03
5.081046460466120152e+03
5.159539675818034084e+03
5.237236983274068734e+03
5.230523365985268356e+03
5.159781908091721562e+03
5.201814739657102109e+03
5.078069399047073603e+03
5.072729161550871140e+03
5.184022189561720552e+03
5.221110067226009960e+03
4.838299448520743681e+03
5.055971346309586806e+03
5.152166312417662994e+03
5.338830404773779264e+03
5.257295706643478297e+03
5.255368521132652859e+03
5.044129922775602608e+03
5.285311775495119036e+03
5.046961456842404004e+03
2.110897305450107524e+03
1.357376069259905535e+03
1.188025509090694527e+02
5.223660782056496828e+03
5.331071009066921761e+03
5.232922571846354003e+03
5.287617358110228452e+03
5.136673397677479443e+03
5.028617363200478394e+03
4.980013640101861711e+03
5.260156138268342147e+03
5.353136332869485159e+03
5.330878201683949555e+03
5.096746385590696264e+03
5.338926223113766355e+03
5.343069488233008087e+03
5.186605318070594876e+03
5.197869394348002061e+03
5.292329808643778051e+03
5.392200065387411996e+03
1.225752465748013265e+03
5.322529565734358584e+03
5.307314018728088740e+03
4.817855651496436622e+03
5.112604992937752286e+03
5.291364289966937577e+03
5.297365667188473708e+03
5.290215624952149483e+03
5.251643946852060253e+03
5.052719359014363363e+03
5.204225007511509830e+03
5.362261171662046763e+03
5.132482171512854620e+03
1.288496044049499005e+03
4.428338620696705220e+03
5.328845612518844064e+03
5.439503036917430109e+03
5.402136381921694920e+03
5.264830229160951603e+03
5.192879021641255349e+03
5.246414315784773862e+03
5.302822290120512662e+03
5.377520899479710351e+03
5.262201204339847209e+03
5.297235201849857731e+03
5.427860554565751954e+03
5.398139693247127980e+03
5.302156011627437692e+03
5.112391326259536072e+03
5.233932242670091910e+03
5.425767921637853760e+03
5.285124853598000300e+03
5.412489703754204129e+03
5.286529731100154095e+03
4.836849338950861238e+03
5.418612826890685938e+03
5.312958005992650214e+03
5.390964223590989604e+03
5.415144714604030014e+03
5.411476077328919928e+03
5.419501316914502240e+03
8.640801417382406271e+02
5.420895634962064833e+03
5.419979008293235893e+03
5.450458649298378077e+03
5.392301448204883854e+03
5.321074352381639073e+03
5.197961649411781764e+03
2.578835613833349271e+03
5.477105675744778637e+03
5.351299473739401037e+03
5.255790670146240700e+03
3.248295196434575246e+03
5.439511206269281502e+03
5.433205479421752898e+03
5.354478524842223123e+03
5.354955621583214452e+03
5.311028437303462852e+03
5.417646115696421475e+03
5.238193084905712567e+03
5.362854108236509092e+03
5.436931456663834979e+03
5.454167510966909504e+03
5.466970616969739240e+03
5.426480152777538024e+03
5.468991237766726954e+03
5.374865369376626404e+03
5.446709039584440688e+03
1.305701731774546772e+02
4.418170576793462715e+03
5.445007766088262542e+03
5.455488620140061357e+03
5.208001158850197498e+03
5.507835913797438479e+03
5.409515462023151485e+03
5.480230272562743266e+03
5.350027707228759027e+03
5.368107894860720080e+03
5.230868969064070370e+03
3.789006484181290034e+03
5.496653466751204178e+03
5.375873064657071154e+03
5.251471204713584484e+03
5.383508905447959478e+03
5.517211362629247560e+03
5.287055930723889105e+03
5.509479095982957915e+03
2.387530692440812800e+03
5.236460997379804212e+03
5.325855626927977028e+03
5.497071194549635038e+03
5.463744739642848799e+03
5.485701243166200584e+03
5.388095091027311355e+03
5.358531865575807387e+03
5.447889106543329035e+03
5.387624864941065425e+03
4.961466959325102835e+03
5.374201022084993383e+03
5.488555713498164550e+03
3.591414053315460478e+03
5.424391242245490503e+03
1.534361119973235873e+03
5.363930998318674938e+03
4.099148018357289402e+03
5.410088909736031383e+03
5.030182100854911369e+03
5.420819152595738160e+03
5.332106468426451102e+03
5.172580727217055937e+03
5.500493643722522393e+03
5.222016885055395505e+03
