1.216452428298047472e+01
1.242104177345864535e+01
1.242066723693733721e+01
1.231971942429132127e+01
1.221387651458226209e+01
1.221764464545217166e+01
1.242043729358902127e+01
1.220975209715995824e+01
1.252512961345493103e+01
9.439754348703897904e+02
2.943086429655297707e+02
2.554267408035683307e+00
9.883315147928443878e+01
3.491097349077796963e+01
2.372341828227677922e+02
3.570934118056892430e+02
1.486391533531942741e+02
3.543421172597285249e+02
2.650643161974274449e+02
3.069209546630449950e+02
2.551859442835019252e+02
2.508697167539106090e+02
2.052803100193436876e+02
2.077703605535527345e+02
2.983554550108705143e+02
2.585551810760518379e+02
2.702785750281210539e+02
2.956099610049774356e+02
2.863721735536318533e+02
3.039314822352699821e+02
2.370521177392103596e+02
3.556320755452205731e+02
4.479924325480152447e+02
4.141677674253367627e+02
2.366246429401230102e+02
3.008998259580138779e+02
4.125922623756870280e+02
3.476518759548776529e+02
3.832484319319690940e+02
2.970718934784973158e+02
3.352500477060755202e+02
2.850625051811574053e+02
3.959390589068788699e+02
2.381976849018404607e+02
2.276439848593940951e+02
3.571508749421196853e+02
3.859399617497964528e+02
4.029305414778317527e+02
3.527356344674786897e+02
3.052302654720484156e+02
2.759720341884042227e+02
3.353713289078798425e+02
3.156663949463572294e+02
2.777026920010387130e+02
2.879684727695102993e+02
2.954530852639912837e+02
2.957983886302074552e+02
3.035095742433026089e+02
4.154111583979787383e+02
4.187968762945927779e+02
3.664795064295462907e+02
5.166918127113292485e+02
4.098911926185211314e+02
4.060487187974823655e+02
3.881089266669472408e+02
3.888226618597158790e+02
2.588632895896427044e+02
3.843170771154466365e+02
4.007827782381264115e+02
3.284420003487003896e+02
3.712059855772360493e+02
3.460829556467878660e+02
3.385186303661799343e+02
3.874571391460838754e+02
3.364604991218707255e+02
3.303400102748922791e+02
4.573209295073988869e+02
4.517576114210056630e+02
4.236524880294050490e+02
2.939645140634817153e+02
4.383798691656972437e+02
4.406002996857195058e+02
4.517464810023055861e+02
3.890382473307201394e+02
3.654550110330502548e+02
4.453111934965941145e+02
4.710431982850568602e+02
4.116181137367797191e+02
4.371859371800657073e+02
3.440149190712232894e+02
4.627001941290067180e+02
4.098272672538386132e+02
4.422688737657682623e+02
4.231401083517388315e+02
2.845607548739861272e+02
4.525780800241734028e+02
5.252408779188943981e+02
4.952187739578837977e+02
8.214469598200188329e+02
6.315941169458673130e+02
8.959627301251773588e+02
7.927013925428277616e+02
5.809575606487048844e+02
1.066857895854099752e+03
9.599555959321744467e+02
4.589568527113924574e+02
9.621153205110185809e+02
6.845493782386702151e+02
5.905710659167718859e+02
5.722746477965409895e+02
8.284044281174179787e+02
7.624572187615124221e+02
1.134240172299625101e+03
8.114083085985056414e+02
9.642461497336313414e+02
8.711316205048327674e+02
7.504294739493581119e+02
6.739221074289577018e+02
8.136752251941081795e+02
9.533093719486448663e+02
1.166670908298547147e+03
1.160821006302874139e+03
7.904578192190947448e+02
1.087834056729927170e+03
1.185498763762762110e+03
1.011245424070859144e+03
6.583569184990820986e+02
1.085241394835174560e+03
9.098393667479392661e+02
1.009408077919380958e+03
9.908699107402568416e+02
1.504445854625110087e+03
4.696102561128566890e+02
7.793801554727235725e+02
1.295599899074947643e+03
8.158662567063875031e+02
1.630328530777485639e+03
1.121558134955729884e+03
8.819482307151816940e+02
1.393742249407512190e+03
8.495163260929678017e+02
9.384729889008128794e+02
1.165289737274037861e+03
1.346873347230195805e+03
1.011199241139049832e+03
1.302313561585656089e+03
7.280997270502929268e+02
1.141781803917995603e+03
1.362133336412534845e+03
1.140018511623250788e+03
1.570449027011759654e+03
1.002937478319308525e+03
1.410928334838997216e+03
1.015643737262398417e+03
1.562458607514366122e+03
2.135420786905815021e+03
1.180570206616298719e+03
1.712731691327717726e+03
1.797883977131803476e+03
2.057810555849328466e+03
1.891746807766019629e+03
2.059858237711920083e+03
6.755222746967592684e+02
2.500538030092366171e+03
2.006982730368134526e+03
2.041825243761130423e+03
2.387536629241320952e+03
2.071403401894355284e+03
1.560750583068203241e+03
2.583049440421371401e+03
1.880633772039879887e+03
1.749633388293572807e+03
2.828873610035215279e+03
1.614357286085592250e+03
2.101082595199492971e+03
2.297587693965005656e+03
2.530734478699633655e+03
1.843064178319102894e+03
2.593489790107586487e+03
2.496466004782368145e+03
2.411922692502891550e+03
2.328930435947144815e+03
2.763206884401605294e+03
1.334088624553920909e+03
2.791199007870715832e+03
2.457979092723620852e+03
2.885994050211054855e+03
2.395682955344963830e+03
2.951970358684236544e+03
1.674977265379694018e+03
2.087403243144779935e+03
1.449495529124257246e+03
2.452670278584834705e+03
2.344081230450859039e+03
3.050312996327228575e+03
2.164462818227592379e+03
2.565638551826191360e+03
2.490477961965912982e+03
1.680606090640611001e+03
2.294357116355821745e+03
2.608174556399855646e+03
2.169453539766250287e+03
2.563248698505117318e+03
2.247482695678117125e+03
2.541468139708773379e+03
3.041128768203237087e+03
2.503293944263295089e+03
2.621640678938873407e+03
1.146562060537818752e+03
2.618282335530321689e+03
2.961344019150075837e+03
2.000171973220082918e+03
2.578060950828143177e+03
1.593469685095365548e+03
1.620087545140192105e+03
2.179786037795424363e+03
2.753520185596117699e+03
2.046825528686857751e+03
2.562672223316717464e+03
3.050428117505658520e+03
1.374747643501501443e+03
1.068397273615030798e+02
3.582564226889455767e+02
3.298082171064442718e+03
2.576771878178459701e+03
6.116226327603410482e+02
5.255776892179744664e+02
2.158469649851479517e+03
3.183650881912681143e+02
8.410908920954474866e+01
9.470000488471796984e+01
9.133422874485208354e+01
6.008335312339573875e+02
4.478555925843087380e+02
3.208063511889666870e+02
2.170460168905124192e+02
1.222799953965856048e+02
1.618097490888924312e+03
2.335046939657190705e+03
1.129521821575513741e+03
2.847085366660563523e+03
1.820034642518775854e+03
1.152620047100202100e+03
1.126822593811944699e+02
1.646892411857670879e+02
4.457906971486539192e+02
2.432051610584318979e+01
4.446044788161549945e+02
4.235972953747012753e+02
4.286844531050452929e+02
2.931295866839500945e+02
3.250951251000227330e+03
2.486052340662479310e+03
2.919098731788908935e+03
3.302117605714699948e+03
3.518624612577737480e+03
3.440050073335001798e+03
3.803481671168063713e+03
3.046388291090458551e+03
3.596315445818602257e+03
3.852573277270215385e+03
3.812479795832815398e+03
3.861610332811941134e+03
3.486917896415139694e+03
2.415948031707307564e+03
3.088134987049020310e+03
2.724493539839566438e+03
3.499647310395989734e+03
3.696438637698147886e+03
3.542756833175036263e+03
8.049965258837852389e+02
1.911311488095938785e+03
1.492049642637740135e+03
2.945644458727820620e+03
3.579697922011120681e+03
3.057891734633248234e+03
3.241015953053395606e+03
3.894774083460486054e+03
3.563153099235924856e+03
3.738385709034439969e+03
1.885108112623975785e+03
1.553242599238290040e+03
3.433070588795407275e+03
3.458966609637367128e+03
1.163153494926790245e+03
2.690371632980160484e+03
2.396157674096371011e+03
3.273921713944455405e+03
1.176644374600293077e+03
2.018076841134356528e+03
3.640045544294075626e+03
2.381919213162129381e+03
2.059731356369420610e+03
3.742101816661177338e+01
1.241049635022472103e+03
4.607819648099328447e+02
2.088289639729238843e+03
8.873773494446689938e+02
8.376906041894860664e+02
5.114818880853655401e+02
2.093700964201934767e+03
3.137348291772798802e+03
3.478936432422171492e+03
2.037541410895959416e+03
3.996105969848847508e+03
2.714904619407620885e+03
4.044704222448724522e+03
3.980301704281778711e+03
4.054548807771780503e+03
3.980170531529677646e+03
3.296420263467875884e+03
2.800405299146040306e+03
4.021978352108345462e+03
4.086111209876958128e+03
4.116208010773456408e+03
3.725520135055763149e+03
3.585880211424726440e+03
3.587958119235100639e+03
4.058326404449383517e+03
3.712786440743288495e+03
4.137737385783123500e+03
3.710974623456425434e+03
4.101276664313445508e+03
3.420542892767248759e+03
3.819040821360414611e+03
4.107435269795155364e+03
3.700809681239398287e+03
4.134532956955410555e+03
3.858127869594839467e+03
4.120701561687214962e+03
4.129394496217808410e+03
3.529429340835982202e+03
3.770502648663029049e+03
3.886101237865928852e+03
1.613143108382244009e+03
3.521642233817767647e+03
2.768098329748934702e+03
2.847208198911014279e+03
4.150528122989719122e+03
2.647782008259015129e+03
2.107953021303885635e+03
1.785657101302710316e+03
4.236216204747514894e+03
3.968121145340835028e+03
1.308382971219484716e+03
3.442234213466845631e+03
3.717693745695777579e+03
3.274301662731862507e+03
2.907322740208340747e+03
4.138453325401331313e+03
4.147763946175613455e+03
3.885667352838417628e+03
4.091235917199627238e+03
4.092263191924010698e+03
4.196210611611784771e+03
3.667869740413384534e+03
4.205858526041241930e+03
4.235489662005691571e+03
4.118338124072658502e+03
4.067574195942618189e+03
4.213515290466351871e+03
3.511678695259665346e+03
4.171551962266731607e+03
4.276292571744076668e+03
4.157168225845414781e+03
3.413923112331247012e+03
3.478105216578480849e+03
4.074174105927955679e+03
4.036774256620069991e+03
3.868887957672594894e+03
3.926505573171513333e+03
3.997228501944437994e+03
4.159065750866047892e+03
4.047978576134989908e+03
4.330581349981984204e+03
3.300570337180093247e+03
3.720491419796522678e+03
1.742593487757555977e+03
2.932146209866071331e+03
2.981335592745463146e+03
3.359862326808392936e+03
3.899492349272336469e+03
6.887189764090099864e+00
3.339669107953920957e+03
8.096519560379022096e+00
3.034999688533124754e+03
1.147379850875201157e+01
2.676845194817818992e+03
2.496629072319169154e+03
3.103791672342094898e+03
4.134568134692917738e+03
4.340750024809371098e+03
4.275292745345814183e+03
4.395026934758267089e+03
4.412507476638320441e+03
3.916210117703759352e+03
3.117172706366953207e+03
4.074822492380522363e+03
4.431901528592619798e+03
4.467962727542428183e+03
3.610844145592145651e+03
3.032603900455316762e+03
3.146328378179742685e+03
4.488225986507249218e+03
4.075652933283323364e+03
4.422735412697182255e+03
4.329777146535516295e+03
4.387561370952193101e+03
4.212940516585364094e+03
4.426197516100250141e+03
4.565250302266367726e+03
4.477933750512288498e+03
4.493873009512007229e+03
4.575717291363413096e+03
4.564069276840471503e+03
4.571575449227319950e+03
4.242166911354041076e+03
3.503579260591348429e+03
4.499586872151699936e+03
3.651360050653177495e+03
4.495485428860919455e+03
4.507354119574909419e+03
4.615904958340159283e+03
4.048777521635295670e+03
4.409118325119553447e+03
4.281553006707316854e+03
4.575463584901490321e+03
2.692767245240959710e+03
3.438988923960594548e+03
4.625205589379942467e+03
4.559571443520613684e+03
4.246144581833517805e+03
4.123878912133855010e+03
4.005261433386219778e+03
4.620630738538291553e+03
4.442639023994280251e+03
4.004870636666882092e+03
4.135370797452608713e+03
3.360120004745476763e+03
4.444560963510120018e+03
4.690774907920951591e+03
4.329674580964769120e+03
4.703582735563564711e+03
4.649389940025246688e+03
4.237932519799584952e+03
4.599912407908685054e+03
4.636137518838795586e+03
4.318085680133586720e+03
4.625793725316901146e+03
4.739070381163955972e+03
3.397341040413464270e+03
3.160056862568645556e+03
3.740482232985820247e+03
4.722397981256004641e+03
4.591756233496527784e+03
4.135743800348594959e+03
3.300460373543263813e+03
2.362244287308114963e+03
3.449645398384586770e+03
4.136521410120238215e+03
2.664041700430926539e+03
2.991122435210017102e+03
3.270301859580717064e+03
3.149036357354790198e+03
3.348289227364517956e+03
4.490183032333024130e+03
3.401494182695491418e+03
4.228981410943020819e+03
4.267916119664545477e+03
4.637179448897423754e+03
4.642110291124512514e+03
4.809490971182269277e+03
3.481408187152718256e+03
2.800501384881960803e+03
4.324032205170767156e+03
4.713575191791348516e+03
4.326587864013402395e+03
4.682578423921595459e+03
3.888598393827111522e+03
4.241368013590470582e+03
4.739492520250112648e+03
4.761616365768519245e+03
4.696180022378836838e+03
4.217104657959630458e+03
4.716298473707725861e+03
3.459295869417995164e+03
4.042714874649338981e+03
3.789624264583645527e+03
4.545369822941870552e+03
4.702768395374973807e+03
4.594770542117310470e+03
4.331789224788622960e+03
4.362824561029834513e+03
4.397636647708104647e+03
4.651092558695560001e+03
3.744654940158976387e+03
4.783109612765763814e+03
4.759810125628938295e+03
4.753595149537701218e+03
4.741902894107242901e+03
4.784338584292248925e+03
4.865635605106972434e+03
4.679958200660395050e+03
4.722126012053196973e+03
4.632428880043122263e+03
4.743685088819908742e+03
4.788914252903390661e+03
4.003403172662532597e+03
4.780917364121641185e+03
4.497407846601932761e+03
3.767864675810908466e+03
4.722539749927964294e+03
4.770480618336859152e+03
4.288205404027251461e+03
4.805427973338739321e+03
4.487901612823066898e+03
4.784959803953313894e+03
4.785738626855671100e+03
4.786813348874594340e+03
4.666531881929431620e+03
4.766480945516826978e+03
4.557374384763696071e+03
3.529817245296670990e+03
3.326561739932349155e+03
3.073827533951144687e+03
4.745449926904975655e+03
4.764437468843288116e+03
4.705817735661415099e+03
4.847392902551756379e+03
4.794720007266622815e+03
3.364550906918308556e+03
4.326921621863706605e+03
4.709148250367403307e+03
4.720997737410414629e+03
4.768938358005095324e+03
4.818453424217384963e+03
4.716698142405680301e+03
4.555375390444640288e+03
4.831810734780478015e+03
4.937399333463199582e+03
4.711554506105334440e+03
4.819921060544188549e+03
4.231959411241945418e+03
4.747187578082549408e+03
4.424931004186570135e+03
4.893937177827401683e+03
3.311695461943995724e+03
2.876065125497389090e+03
4.865523640274654099e+03
4.808825438071850840e+03
4.795067546903789662e+03
4.733343275536473811e+03
4.823719531677479608e+03
4.588132566881301500e+03
4.840973169308265824e+03
4.890695704523463064e+03
4.915874843652649361e+03
4.930245597765479943e+03
4.390427365786486007e+03
4.253545005949525148e+03
4.354339522043893339e+03
4.736245930267195945e+03
4.532307369790307348e+03
4.481947257678555616e+03
4.837193268453523160e+03
4.877221191781417474e+03
4.358723169494803187e+03
2.927436818875203244e+03
4.081455154216164374e+03
1.248104424726703655e+03
1.815427173081057845e+03
4.873582807151810812e+03
4.931181541378517068e+03
4.761715978065387390e+03
4.829562592077102636e+03
5.016108777564336378e+03
4.558006627623746681e+03
4.900488698096040935e+03
4.984907769107942840e+03
4.937810874687833348e+03
4.802629063704963301e+03
3.709036434038318021e+03
4.273464549270787757e+03
5.005051925362611655e+03
4.793116711688454416e+03
4.469231866227381033e+03
3.395663896195401321e+03
4.463519109527836918e+03
4.956561320416518356e+03
4.964945561556541179e+03
3.937606102221503534e+03
4.987555823422508183e+03
3.982670111852329228e+03
4.080161397898261384e+03
3.955750611862568803e+03
4.544725745759327765e+03
5.001804153389253770e+03
4.072507529861874445e+03
4.858508601909038589e+03
4.682834300372161124e+03
4.875365974847329198e+03
3.853831963571956294e+03
3.072721988314818191e+03
5.015349353326876553e+03
4.969925622810491404e+03
4.871227161775438617e+03
3.213746889880836079e+03
3.835796218386901273e+03
3.015069168170945886e+03
3.369817722532875450e+03
4.146013128489661540e+03
4.653009977170409911e+03
4.180634536814844978e+03
3.806896540581605223e+03
4.536449321662780676e+03
3.675043737829203110e+03
4.969188984973468905e+03
5.010942855613852771e+03
4.529355349748859226e+03
3.311236817407645958e+03
3.547145693744473647e+03
4.758519799368252279e+03
4.950980731718997049e+03
3.772611548368687181e+03
3.462444300537025811e+03
4.593817069619340145e+03
4.170591049279288200e+03
5.124801136522341949e+03
4.787879383217014038e+03
4.343102697697819167e+03
5.035761423999187173e+03
4.645955705912828307e+03
4.315919866572014143e+03
4.837363179702781963e+03
3.824731336524462677e+03
5.038273261169214493e+03
4.269498012223219121e+03
4.443413781023316915e+03
4.585170458660899385e+03
3.546239907118610972e+03
4.851249693554897021e+03
3.811813831583307092e+03
4.929143435910573317e+03
4.705486066508349722e+03
4.212472081157984576e+03
4.729773035354927742e+03
3.985812368769441036e+03
5.138210130242972809e+03
4.491523321573314206e+03
5.175285329207228642e+03
4.744674390304069675e+03
4.800937327342777280e+03
5.166423871497650907e+03
4.841598056944307245e+03
4.985801594177447441e+03
4.516749591038004837e+03
4.915194907942513055e+03
4.155603470020845634e+03
5.193232854401959230e+03
5.153719193369960522e+03
4.790894721304970517e+03
4.080052138237087547e+03
4.734960517278275802e+03
5.110563283987024079e+03
5.215748681023217614e+03
3.050385492869878362e+03
4.864536625846239986e+03
4.640715150905565679e+03
5.157805600894923373e+03
5.166661742349615452e+03
4.961184385952941739e+03
5.180860505435870436e+03
5.247768346483555433e+03
3.035351554438405401e+03
4.910043937558280049e+03
5.147704816173676591e+03
3.996777371180408863e+03
5.169751645215740609e+03
4.102300363252596981e+03
3.946152703169207143e+03
4.288532152660303836e+03
4.446584456453587336e+03
4.219465375751275133e+03
5.192505019410904424e+03
5.251174182085272150e+03
5.297141053702162935e+03
5.235149463054955049e+03
5.287721539828486129e+03
5.172007930845123155e+03
5.204981338260810844e+03
4.948037607642717376e+03
5.180129273709919289e+03
5.211398017904816697e+03
5.146757547630335466e+03
5.286689474118087674e+03
4.469444002284629278e+03
4.069156370218240681e+03
4.954955528485776085e+03
5.281671483999681186e+03
4.674531976552008018e+03
5.284471728312977575e+03
4.808940213988823416e+03
5.226196734765807378e+03
5.004340769655678741e+03
4.668407427257546260e+03
4.843175760914935381e+03
4.309995148329695439e+03
4.493230803326619025e+03
4.871471509610732937e+03
5.305263996573276017e+03
5.231745480327573205e+03
5.314947150697009420e+03
4.990494042017968241e+03
4.839568991318741610e+03
4.819690568486740631e+03
4.335713784852116078e+03
4.946192360071857365e+03
5.394454747643513656e+03
4.589817993380689586e+03
5.297399068109771179e+03
5.339337533973140125e+03
4.924224102712464628e+03
5.386924349665410773e+03
5.149655711211179550e+03
4.459008969185952083e+03
5.309255305178670824e+03
5.254538196696707018e+03
5.056842561548800404e+03
5.383236881249472390e+03
5.393653569398675245e+03
5.364617202738061678e+03
3.400399620415687423e+03
5.098396895289121858e+03
4.954873127544924500e+03
5.376373829715766078e+03
5.322776851573488784e+03
5.292204278020493803e+03
5.393385867502222027e+03
5.432296179962156202e+03
5.435999872149161092e+03
4.629726374302203112e+03
5.050123024714283019e+03
5.156821295387280770e+03
5.434452949934690878e+03
5.301395107177001591e+03
5.301972642152220942e+03
4.251891839578791405e+03
5.263105474148950634e+03
4.979309981334602526e+03
4.548317269952723109e+03
5.218685067879634516e+03
5.270588389771346556e+03
5.464536072440800126e+03
5.340678912832190690e+03
5.421243184215258225e+03
4.738811975721285307e+03
5.273321553940573722e+03
5.395849271660788872e+03
4.840387910171434669e+03
5.059617383584017261e+03
5.341768657961284589e+03
5.387321310564962005e+03
5.105850875486468794e+03
5.300532805398293931e+03
5.345882690641792578e+03
5.325548796085053255e+03
5.364004688061870183e+03
5.402470286986057545e+03
5.151215845447512947e+03
4.030570913461432156e+03
5.090097850747303710e+03
5.361692091468089529e+03
5.300914955010418453e+03
5.149525738972338331e+03
4.927353768685678006e+03
5.084346893907449157e+03
5.397705227437888425e+03
4.440379176525204457e+03
5.413676370596562265e+03
5.285015789198457242e+03
5.417343620741143241e+03
5.352136182232114152e+03
3.895282508562052044e+03
5.247848575277929740e+03
4.928317772637392409e+03
4.469539517507693745e+03
5.324936046367511153e+03
5.436289014486660562e+03
5.287296754854005485e+03
5.413114159248439137e+03
5.472327544586170916e+03
4.924721290959491853e+03
5.269571840028596853e+03
4.927603609982043054e+03
4.103552251705912568e+03
5.500822090045281584e+03
4.375297102618589633e+03
5.142023942095183884e+03
5.386082053484004064e+03
5.021555011869714690e+03
5.123694859279438788e+03
5.416941095430893256e+03
4.434322267679434844e+03
5.223152502314156663e+03
5.355440164257076503e+03
5.362107576488548148e+03
5.166663701880372173e+03
5.459049083888870882e+03
5.462750033438679566e+03
5.447646906422292886e+03
5.442432729486183234e+03
5.113984883704609274e+03
4.232301458940432894e+03
5.429245265188589656e+03
4.436708835653248570e+03
3.617031331695183326e+03
4.835088606691648238e+03
3.515740780319731130e+03
5.507792536477440080e+03
5.452674094858849458e+03
4.996678794168970853e+03
4.660217134621881996e+03
4.512537426998143928e+03
