-1.177176759717488721e+03
-7.601117289905778307e+02
-1.045138122195810411e+03
-1.087735723000676217e+03
-1.834094833260934820e+03
-1.424468621655679499e+03
-1.430703730063664807e+03
-1.780265608116467092e+03
-1.622698318089666373e+03
-1.192846191718269665e+03
-1.702552630587591011e+03
-1.119973113761318928e+03
-1.640482344680989854e+03
-1.133395672573941738e+03
-1.195664171652109644e+03
-1.165323455310374356e+03
-1.153322710131981466e+03
-1.069788189885130578e+03
-1.137100754709340208e+03
-9.856871882100043649e+02
-1.006222125711444505e+03
-9.858120190469124964e+02
-8.736796915842392082e+02
-1.081397977904508480e+03
-6.253896230185115428e+02
-9.143830109648255302e+02
-8.674002512483555165e+02
-3.652847186127906980e+02
-1.800127182151925354e+01
-1.176477713257783053e+00
-3.727762185819145770e+02
-1.265952012950918544e+02
-3.780618302420447776e+02
-5.428176542032153975e+02
-3.627153605458850052e+02
-4.947559629262817111e+02
-6.155698926210841364e+02
-3.202094346121754143e+02
-3.884798845770007460e+02
-1.244481206248416783e+02
-2.486232989993670230e+02
-1.202589742785700651e+02
-2.307524674375660254e+02
-2.409097359956253968e+02
-1.259973504742868187e+02
-2.430035529321981755e+02
-1.189416680050834003e+02
-1.283643830681710369e+02
-1.276697230720007497e+02
-1.242190307067751434e+02
-2.437991032617736096e+02
-2.892093714557632325e+02
-1.265032451628077581e+02
-2.448733838379200165e+02
-3.321084164963272656e+02
-1.324458259580934660e+00
-1.164790988077806162e+02
-1.275034274816366775e+02
-1.242509767224897388e+02
-3.765499321303619809e+02
-1.210429526327853296e+02
-1.279587742438305185e+02
-2.388752520243477591e+02
-3.525439653008608616e+02
-1.252835895825298422e+02
-3.567041390618275045e+02
-1.197215379112992508e+02
-2.449231542249307267e+02
-2.384573155158871884e+02
-2.303544481349500757e+02
-3.307445356915159618e-01
-1.191615462237678003e+02
-1.188391025893877497e+02
-2.314654144332241117e+02
-1.185214674845052940e+02
-1.220342516888792517e+02
-1.197534167374983411e+02
-1.189359699356548106e+02
-3.494248187849405554e+02
-3.462952137516491007e+02
-3.690172914680995859e+02
-1.163270414449435464e+02
-9.796725974596337538e-01
-3.473423593639618048e+02
-2.264518425532696995e+02
-1.288072992816736644e+02
-1.202791734605999494e+02
-2.457773049673904211e+02
-1.246038150720498692e+02
-1.284272512413229492e+02
-1.250664189923083427e+02
-2.313527382329035333e+02
-3.932059466306943030e+00
-1.186614533220617744e+02
-1.264318613401642324e+02
