-1.644434925496703499e+03
-1.797633767227081762e+03
-9.643743729984107631e+02
-1.291938386409017994e+03
-9.388656011089370850e+02
-1.629362494027665662e+03
-8.585696302947649201e+02
-1.461320612420498946e+03
-1.209555161751030482e+03
-1.100395525065849824e+03
-8.576307496898393765e+02
-1.392721864394754675e+03
-1.407489379707872786e+03
-1.199350860915502153e+03
-7.758510306931715377e+02
-1.311321304408905235e+03
-1.132152329571707696e+03
-9.009164983090773831e+02
-9.226941123921783401e+02
-7.803597436646282404e+02
-2.482744812512375461e+02
-6.772287659950320631e+02
-1.031126409551360211e+03
-7.513498841409373199e+02
-3.815309470895840604e+02
-1.067340006855343745e+03
-6.020153587717412620e+02
-1.273468944082004981e+02
-3.607957804708234448e+02
-5.954098812833560714e+02
-1.278917218059193601e+02
-5.010338936484780561e+02
-3.787940029637388761e+02
-1.304995016189886599e+02
-2.443007768128040880e+02
-6.225971706315034453e+02
-2.488028584466017037e+02
-4.837882541466271960e+02
-5.175157030176037551e+02
-1.167124658495891225e+02
-1.272443991059137431e+02
-1.232779297661288069e+02
-1.261117579284602073e+02
-1.242403745691420909e+02
-3.640594881775592171e+02
-1.152275181368769665e+02
-2.255855470925620807e+02
-3.221504989738197651e+02
-1.127953833893295510e+00
-1.222895559753678612e+02
-1.172881062943478128e+02
-1.206542994571453136e+02
-2.347633259184291603e+02
-1.191287928239192553e+02
-2.434678989776851097e+02
-1.229256399035561174e+02
-2.501126497543779124e+02
-1.181003445812415578e+02
-3.298485437293700029e-01
-2.468275351949681067e+02
-9.457295679714308179e-01
-1.248559227713722208e+02
-2.443024759327679760e+02
-1.809304333438343848e+00
