-1.842175251979891527e+03
-1.730605813374572563e+03
-1.303967481423769414e+03
-1.167185960971697796e+03
-1.017103308537632074e+03
-1.593548393175951105e+03
-7.364784721155953093e+02
-1.380311840881995067e+03
-1.186130389800188141e+03
-1.280818881953287473e+03
-1.400074796999926548e+03
-1.225087619313502728e+03
-7.465096713384382383e+02
-1.244953439119028644e+03
-7.518430905732429892e+02
-1.004603640057415191e+03
-7.373285442975191017e+02
-7.710359031034083728e+02
-6.077857051786288594e+02
-6.233385447618220496e+02
-7.333427997988553670e+02
-6.231066865175945395e+02
-9.996588109195743073e+02
-9.916882771784664783e+02
-6.218302715314229090e+02
-6.022103751268347196e+02
-6.372262828399869932e+02
-4.969415157342188536e+02
-2.506940664751075190e+02
-6.261312231271866722e+02
-3.666635440555775745e+02
-6.886817184201302098e+02
-3.430832146279675499e+02
-4.842807940932034967e+02
-4.803611533062581884e+02
-3.950030898915910598e+02
-3.651242035321251365e+02
-2.373677887467461005e+02
-2.506539468712399525e+02
-1.216392506735227670e+02
-3.800450324596587848e+02
-2.417010578374714953e+02
-3.602504478201265670e+02
-2.510827722727806020e+02
-2.437324195939348783e+02
-3.552530239747566725e+02
-1.286732515583917404e+02
-2.384540440228355465e+02
-3.625856236701916373e+02
-1.200148415106418440e+02
-2.493704698375407247e+02
-2.559674435276128861e+02
-3.633152788099740746e+02
-3.726647974776416845e+02
-2.504436306680041469e+02
-5.938243443095072962e+02
-5.365151484889661333e+02
-3.224125720967252846e+02
-1.314537571527626767e+02
-3.792964423563122978e+02
-1.315849199035416461e+02
-2.494158500935643303e+02
-3.769930158629260291e+02
-3.731111510131522095e+02
-3.718215590987092583e+02
-1.376915314752992003e+02
-3.725066123773218578e+02
-2.511750366421662477e+02
-6.094056650247865718e+02
-3.882703488185642300e+02
-5.001784647718220072e+02
-5.020931640175967914e+02
-4.977154844535506300e+02
-2.521086520747266206e+02
-1.222674224923261477e+02
-2.540833608640153898e+02
-1.260955828557462439e+02
-2.508651212996324773e+02
-4.846145767387569094e+02
-1.284161965317821910e+02
-3.616028171800148243e+02
-1.339594564202138542e+02
-6.405040328359098112e+02
-2.465752934357633421e+02
-4.046423806206169260e+00
-3.453009891764044603e+00
-1.236488294600484181e+02
-3.832122000730916511e+02
-1.275288895017250468e+02
-1.315582111043776194e+02
-3.971219736149477875e+00
-1.248087920745595909e+02
-2.490998603613707871e+02
