1.839000000000000057e+02
2.000000000000000000e+02
2.000000000000000000e+02
1.955000000000000000e+02
9.900000000000000355e+00
1.855999999999999943e+02
1.995000000000000000e+02
1.212000000000000028e+02
1.370999999999999943e+02
2.000000000000000000e+02
2.000000000000000000e+02
1.371999999999999886e+02
2.000000000000000000e+02
1.744000000000000057e+02
1.979000000000000057e+02
1.157999999999999972e+02
1.224000000000000057e+02
1.539000000000000057e+02
1.571999999999999886e+02
2.000000000000000000e+02
2.000000000000000000e+02
1.984000000000000057e+02
1.608000000000000114e+02
1.541999999999999886e+02
1.914000000000000057e+02
1.914000000000000057e+02
2.000000000000000000e+02
2.000000000000000000e+02
2.000000000000000000e+02
