-1.749444397449063445e+03
-1.692401905373425734e+03
-8.899593159377525353e+02
-1.263332060531643947e+03
-1.506200473387512830e+03
-1.473560406791781588e+03
-1.639078981880056972e+03
-1.688802223659344918e+03
-1.149141644481639787e+03
-1.298435800669132277e+03
-9.362192367997697602e+02
-8.664321994171940560e+02
-1.097062429259104420e+03
-8.696463306735912511e+02
-9.733905255792701610e+02
-7.393376323387738012e+02
-1.071443674002692887e+03
-8.615947279173419702e+02
-9.859023209229427493e+02
-1.064775036814841997e+03
-7.450980042718254026e+02
-9.793569019151135535e+02
-7.370787559787328291e+02
-3.688218182535558753e+02
-8.335934839863949719e+02
-6.053445917785890060e+02
-3.694006099627441699e+02
-6.058623400816337607e+02
-7.087181732068324891e+02
-3.727781628915842589e+02
-1.241676342460978901e+02
-3.687260052433566102e+02
-3.505223018123922429e+02
-4.960703996727497724e+02
-1.263834000039553729e+02
-2.536692032397721732e+02
-3.559877311058704308e+00
-3.385558153530309369e+02
-2.549550647816307674e+02
-2.359236857996260142e+02
-1.256880394477026783e+02
-1.252158841173667838e+02
-1.211599193629927527e+02
-4.708829949873121201e+00
-2.460634450884602415e+02
-1.209308241890497584e+02
-1.204464606954905008e+02
-1.236982392945013629e+02
-2.742857091740233955e+02
-1.240287336561759730e+02
