1.256003084399084457e+01
1.244896022417494663e+01
1.254350679133978730e+01
1.230571140837085053e+01
1.230517118205603921e+01
1.243116443027291851e+01
1.256380890534366657e+01
1.251411141977320796e+01
1.227806792745761300e+01
5.843243532904322990e+01
4.441921953187392091e+02
9.548317374295331206e+01
1.900329605680423697e+02
4.308728861100060499e+02
3.513421525204707336e+02
3.082915722391825284e+02
4.096397078558146063e+02
4.883145456906965478e+02
4.385516606003791935e+02
8.168461663255995973e+02
5.327528067437272057e+02
3.509522350161826694e+02
3.579784338743277203e+02
5.067233245368349230e+02
3.228083368809662943e+02
3.380240658104070803e+02
1.181764962840708506e+02
1.452590736197012404e+02
2.006996364317413679e+02
3.583736246372425853e+02
4.078967032477747807e+02
4.003774471515013715e+02
3.182436486571964451e+02
4.015332282113565725e+02
1.434328853321177633e+02
1.420191876976894036e+02
1.940792257076940359e+02
3.370548301580371913e+02
4.428157647435759827e+02
4.263002701996465476e+02
3.910489160021948578e+02
4.270114382922682239e+02
4.260811340075940166e+02
4.571700707282799385e+02
4.116059958609783394e+02
4.263846418507041562e+02
3.968368568089320547e+02
5.112781562982633545e+02
3.241475781025998799e+02
3.128861290059734301e+02
2.731570248422453346e+02
3.815444330617930291e+02
5.323872783731508207e+02
6.179020695968118844e+02
4.314941949507277741e+02
5.355469995393830231e+02
4.275483131748558776e+02
1.119952993860079431e+02
4.797498863775579707e+02
6.272794014499500008e+02
5.699174232238076456e+02
4.585868526811685228e+02
4.997982852977955304e+02
4.462018952413104671e+02
4.073996038789314866e+02
5.459596334760215086e+02
4.285920155631088164e+02
4.319146693863796145e+02
3.725989015363429644e+02
2.927710229446120707e+02
4.298860542382258245e+02
5.681578048852156826e+02
5.417280934609424321e+02
5.450626094711543601e+02
7.332951963165628513e+02
8.021633165654810682e+02
8.109090785194775890e+02
5.079504052633545825e+02
5.761993974194333532e+02
7.377983785775466004e+02
6.206313399458109643e+02
6.449050412481725516e+02
7.073807702200626863e+02
6.639999787746578477e+02
6.792885524993283752e+02
5.820118236104116249e+02
7.481143943944737202e+02
9.139749217509054233e+02
6.860301545656450344e+02
4.564973457953569778e+02
7.203012373813178328e+02
1.172914429534749161e+03
1.080675912725445187e+03
1.432698178685920766e+03
1.685079645975555877e+03
1.456451781481050830e+03
9.686664502357946276e+02
5.677011464436994856e+02
9.650803846971635949e+02
1.093616663480306670e+03
5.662917706311848178e+02
1.033921544327905394e+03
1.045584269827623984e+03
1.013636940418973950e+03
9.169735250294968409e+02
9.427776751274786875e+02
1.758417701692174205e+03
8.992633054743589582e+02
9.426379039834885134e+02
9.934351955236650156e+02
1.828303252314482506e+03
7.763295132316818581e+02
1.201866099654210075e+03
9.076918128121775453e+02
5.136670335185001477e+02
2.607682598241333380e+02
1.298387067538459178e+03
9.663696410362668985e+02
1.556642681950074348e+03
2.301686228437653881e+03
2.594018885918539581e+03
9.833093124178243443e+02
2.660491938025018044e+03
2.436962523071207670e+03
2.865245404676407816e+03
2.757715306873728878e+03
2.268570139655499588e+03
2.586198084279295472e+03
2.745239776944946243e+03
2.917931678243584429e+03
2.651911333549806386e+03
2.880487324687826913e+03
2.913582546851898769e+03
3.027284005623062967e+03
2.712159103861687072e+03
2.898613713113597441e+03
2.912106400225749894e+03
3.207107755007496053e+03
3.164003967623182234e+03
3.397342213201026425e+03
2.947247077395788438e+03
2.901979838488965015e+03
2.742089663532874056e+03
3.200929919984204389e+03
2.574389481181000065e+03
3.077496827331277927e+03
3.178310729524495855e+03
3.029120377706686213e+03
3.256124307688120552e+03
3.251634996644458624e+03
3.324534062821459429e+03
3.210631961422228414e+03
3.162941582402959284e+03
3.148404951672984225e+03
2.959562703229662475e+03
2.973234555098340479e+03
1.043663881985692115e+03
3.274609684637039209e+03
2.980570954554183572e+03
3.204445039115333657e+03
2.008036623994723413e+03
3.176674091067968220e+03
2.874139209597193712e+03
2.875451862849510690e+03
3.491941380309007855e+03
3.214015689519476837e+03
2.953826258452425009e+03
3.281885891431396885e+03
3.565284607090957252e+03
3.506421734705588278e+03
3.011822813191726709e+03
3.026716573305104248e+03
3.433232172320388145e+03
3.518568515026991918e+03
3.129913732473679829e+03
2.630207532686396462e+03
3.514873600046472802e+03
3.787624492179037588e+03
2.766048753337283415e+03
3.781802363133950166e+03
3.295676587967524938e+03
3.554640147923308632e+03
3.914195284988984895e+03
1.918557816258796038e+03
3.301333844538527956e+03
3.502701457946257051e+03
3.921225662136480423e+03
3.864969843362066513e+03
3.961531994917188513e+03
2.952641132746611220e+03
3.952197330873944793e+03
3.727471409956129264e+03
3.622452895932435240e+03
2.378060825739541542e+03
4.115617124097753731e+03
3.680865513398536677e+03
4.147818885423605025e+03
4.198575435176622705e+03
3.291008815443601634e+03
4.101034689006538429e+03
2.830020860164406258e+03
4.127984104567873146e+03
2.479775893405119405e+03
4.174677816643970800e+03
1.377930086200624828e+03
3.279006648276433225e+03
3.652369793121098155e+03
2.819874118322188224e+03
1.899644411069110674e+03
2.296255262558068807e+03
1.750164425057157132e+03
2.823593766998169485e+03
4.072384877871595563e+03
2.214645112641887863e+03
3.384337743711041639e+03
2.618113800915084994e+03
2.252016442402386929e+03
3.103787382181852990e+03
2.640129086221396392e+03
4.292721436861123038e+03
3.800135677747673071e+03
2.339612504918945888e+03
4.249163641584837023e+03
4.571025445354858675e+03
4.535337393750210140e+03
4.015958573394653740e+03
4.333157494684686753e+03
4.330054962455868917e+03
3.688019723717007764e+03
2.917708080904813869e+03
4.007367375530418030e+03
3.175105486919152099e+03
4.151146253668919599e+03
3.424580898027194053e+03
4.460906623238885004e+03
3.599499329227363887e+03
2.616157307874806065e+03
3.183430115456646945e+03
3.202813812422729370e+03
3.626238598084561090e+03
3.711586464127204181e+03
2.456179725476421481e+03
4.659647560464703929e+03
2.745135295123466221e+03
4.045480262803801452e+03
2.306353047393578436e+03
3.787050727129977986e+03
3.012744173032800063e+03
1.949324069310127470e+03
4.132358019644068918e+03
4.140764937946961254e+03
4.154669866702419313e+03
4.589162494637505006e+03
4.287505601067741736e+03
3.784588048268198236e+03
4.563601796465921325e+03
4.611078927013906650e+03
4.711743714292640107e+03
4.583481099786336017e+03
4.654574414445020011e+03
4.576179203575205975e+03
4.584846685074530797e+03
4.520891433803009932e+03
4.575126864607273092e+03
4.495360001799359452e+03
4.531788633618827589e+03
4.583395719088475744e+03
4.580539549343126055e+03
4.628081026467146330e+03
4.643756824767955550e+03
4.093965486441363282e+03
4.593746833616891308e+03
4.618200720568457655e+03
4.614956201972464441e+03
4.590437592787309768e+03
4.573249962154878631e+03
4.509373466953727075e+03
1.812030743652000865e+03
4.284118545818821076e+03
4.455606824951327326e+03
4.064312409409201791e+03
4.637823542740732591e+03
4.427576620079305940e+03
4.642843647442667134e+03
4.415364086801635494e+03
4.744876375340752929e+03
3.006885738508210579e+03
4.720795708481809015e+03
4.756605426753754728e+03
4.680583709932228885e+03
4.141293079437002234e+03
4.368357710176618639e+03
4.711485786017123246e+03
4.624478680825068295e+03
1.664159300878885233e+03
1.305338130781350856e+03
1.438775069927839240e+03
3.324263625905246499e+03
2.860129414644608460e+03
3.264061228158141148e+03
1.456155729496224467e+03
3.312029956964392568e+03
3.763127090652834340e+03
4.623185258931402132e+03
2.950881195662238952e+03
3.712415477212238329e+03
4.690258241415102020e+03
2.168945849564527634e+03
4.708854840423840869e+03
4.735810536484199474e+03
4.418845188640645574e+03
4.182181556203390755e+03
4.670762560967297759e+03
3.934676258846767269e+03
4.640678548750123809e+03
4.651794504788212180e+03
4.729194960788453500e+03
4.747637416208332070e+03
3.052455035430816679e+03
4.050917463757350106e+03
3.692575174284977948e+03
4.399727012986479167e+03
1.891583041923992596e+03
1.088365518693144395e+03
4.429655366873293133e+03
3.321845340398843746e+03
4.768734397437583539e+03
2.246020005574527659e+03
3.297933903553531763e+03
2.945992851170434278e+03
3.003332750331399893e+03
4.203660092100884867e+03
4.779491952588560707e+03
4.408657831424568940e+03
3.734285083776782358e+03
2.012722808439167693e+03
2.209845241246461683e+03
2.879714142559590073e+03
2.279686074838230979e+03
4.739011900654289093e+03
4.691919915709399902e+03
2.318560467713260550e+03
4.789688262868150559e+03
4.779548356321586652e+03
4.795776698399725319e+03
4.368253483097018034e+03
4.695253382056481314e+03
4.764944322353739153e+03
4.782155628575053015e+03
4.761532242031806163e+03
4.492306850995683817e+03
4.764060076375450080e+03
4.726946777883404138e+03
1.434089656438381553e+03
1.006410957649605166e+03
6.376570292519523946e+02
4.754062765652563030e+03
4.826466210919721561e+03
2.129779836237745712e+03
4.470687448062514704e+03
4.493722473751580765e+03
4.771293563804045334e+03
3.424245813498383995e+03
4.805247664815246935e+03
4.057706520378518235e+03
4.813150544519906362e+03
4.163998340322521472e+03
4.817634770653145097e+03
4.461891951870191406e+03
4.751444053905256624e+03
4.705864749528259381e+03
4.701691451133394366e+03
4.494789560418350447e+03
3.479930641532804202e+03
4.896190491588627992e+03
4.839837222509620005e+03
4.901825907401110271e+03
4.854855859479566789e+03
4.828735404373161145e+03
4.871987997006768637e+03
4.504947217397932945e+03
4.892242111276391370e+03
4.856988235969460220e+03
4.831533433320588301e+03
4.735437743467634391e+03
4.827317186390576353e+03
4.806615537706446958e+03
4.475776681777037084e+03
4.382432206232082535e+03
4.398092107570994813e+03
3.834191821660030655e+03
4.859533546051688063e+03
4.928454720326165443e+03
4.160584103084389426e+03
4.867861119156183122e+03
4.889451070212333434e+03
4.415005267258405183e+03
4.063070527796498936e+03
4.954125220134859774e+03
3.801260606111822653e+03
4.273457257387603022e+03
4.862150426527364289e+03
4.867221468802507843e+03
4.513098987773084446e+03
4.901237105309772232e+03
4.904255684992711394e+03
4.266964229524191978e+03
4.289509656661914960e+03
4.295226359387417688e+03
4.913529913426583335e+03
3.473248597991965653e+03
2.481232409449974057e+03
6.303454089391836987e+02
3.878935977539917985e+03
1.564148551030346880e+03
2.887999748102632566e+03
1.996782830477552125e+03
1.536569893923585823e+03
2.848369160313887733e+03
1.522872692820198836e+03
2.045857364932174505e+03
3.895613446463997207e+03
3.376137555349017020e+03
2.477778115438838086e+03
3.097446505508031805e+03
2.851802485278661607e+03
4.712466135559401664e+03
4.854073615219057501e+03
4.330327198052322274e+03
4.670086606202563416e+03
4.041340018835938736e+03
3.381434227621839909e+03
4.816152789250591923e+03
4.875675347203308775e+03
4.818716495306051002e+03
4.531281971500874533e+03
4.894560566887686946e+03
4.855273620310651495e+03
4.871400247808078348e+03
4.901697741594050967e+03
4.097870832495658760e+03
4.762369199244762058e+03
4.895881267379789278e+03
4.867286418586021682e+03
4.847598983433983449e+03
4.904562428378463665e+03
4.837189433421900503e+03
4.903411154150256152e+03
4.867401894940638158e+03
4.897732929841467922e+03
4.719668967225409688e+03
4.769008707834846064e+03
4.897357818132878492e+03
4.881813063842340853e+03
4.887788525819586539e+03
4.916647331077712806e+03
4.894400907001207997e+03
4.923754405508401760e+03
4.821663013148437130e+03
4.864338597426913111e+03
4.978661066194938940e+03
4.684943151781892084e+03
4.852153005034732814e+03
4.908751229534326740e+03
4.916702013424323013e+03
5.022473058217617108e+03
4.829849465745704947e+03
4.875179898493273868e+03
4.934740063988441761e+03
4.930720094030575638e+03
5.004954922967495804e+03
4.878091784556045241e+03
5.013595293736404528e+03
4.980588922515058584e+03
4.994517725555047946e+03
4.950507405675905829e+03
5.001570672449163794e+03
4.997694946721255292e+03
4.983382030860820123e+03
3.331078711530522469e+03
4.984541422878345656e+03
4.314239735850282159e+03
4.966151130590989851e+03
4.690651913179464827e+03
4.981407504445849554e+03
4.972629134775597777e+03
4.957796972052662568e+03
4.220579532098432537e+03
4.928762433772690201e+03
4.446966510074794314e+03
5.002027174178821952e+03
6.516778996055203379e+02
1.822139886384656791e+02
6.660100682393240277e+02
1.154301164258120707e+03
1.687541259570130251e+03
1.638835763066882237e+03
2.093096535577621580e+03
3.913086072106426400e+03
3.114892631458579672e+03
3.698492702598193773e+03
4.397427904340675923e+03
3.932009531909241105e+03
3.838673031106640792e+03
4.934974787583987563e+03
4.633832041557784578e+03
4.385811782248543750e+03
4.682141990409249047e+03
4.904398642378500881e+03
4.079913472331664707e+03
4.988471122219478275e+03
4.487421577283207625e+03
4.338258110660503917e+03
4.945107247563571946e+03
4.989680126065739387e+03
5.019637063855663655e+03
4.995549291296079900e+03
4.733026168283845436e+03
5.002642677236894997e+03
4.716045634087889994e+03
4.437600997936988279e+03
3.960775026965955476e+03
4.959104781819887648e+03
4.004211507133476516e+03
4.997503752316357350e+03
5.013796204409836719e+03
4.670497272983534458e+03
5.014295115848527530e+03
4.972417744902978484e+03
4.251932032860670006e+03
3.394338844145916482e+03
5.001596729890146889e+03
4.093737237718103188e+03
5.016557693261351233e+03
4.266523732440200547e+03
4.500286619425730350e+03
4.618847171428002184e+03
4.985758356286167327e+03
3.075550682403772043e+03
4.692542939253728036e+03
4.923190683716225067e+03
4.895643339548560107e+03
4.363732534862412649e+03
4.942417827586018575e+03
4.996984054498638216e+03
4.987345912563532693e+03
4.965872376377183173e+03
4.912588520247750239e+03
4.986968932246707482e+03
4.891326030880123653e+03
4.919943443817132902e+03
5.006315852423721481e+03
4.989697215393850456e+03
5.020692307536745830e+03
4.708627513393904337e+03
5.005573329164673851e+03
4.998493792218903764e+03
4.994779592604483696e+03
4.995801643430108015e+03
5.013477710342257524e+03
4.967950834160134946e+03
5.019545931217578982e+03
4.987333056511244649e+03
4.580394302987571791e+03
4.935650831521400505e+03
5.019704778745441217e+03
5.025818082629311903e+03
4.953003973979287366e+03
5.005517419600095309e+03
5.004088989067600778e+03
5.039073113032599395e+03
5.049801384360065640e+03
4.963440071959123998e+03
4.947952109383963943e+03
4.978532084270662381e+03
4.985803332746659180e+03
4.990079194320727765e+03
4.992002134912246220e+03
4.993376797739991162e+03
5.012010905820151493e+03
5.011127319218914636e+03
4.984656601982416760e+03
4.820580980262928279e+03
4.989961243254778310e+03
4.959451459032237835e+03
4.810731479740699797e+03
5.004499533931817496e+03
4.978806037742397166e+03
4.978954029017893845e+03
5.017092293278706165e+03
4.995265303094792216e+03
4.604948951043958914e+03
4.561089475344260791e+03
5.010095220465250350e+03
5.024538773439544457e+03
4.984188954722621020e+03
4.957946854613650430e+03
5.031789407607709109e+03
5.009778289738716921e+03
5.044673913690372501e+03
5.017247799893259071e+03
5.032111469263683830e+03
4.974373235848476725e+03
4.948133851638973283e+03
5.021202680064887318e+03
4.991188989519274401e+03
5.026240020381891554e+03
4.998493504596229286e+03
5.004066234072501175e+03
5.009535625343434731e+03
5.019452783851336790e+03
5.016636529842470736e+03
5.008195677066480130e+03
4.069794180782842886e+03
5.030450296430743037e+03
5.032094971654805704e+03
5.009623138269293122e+03
5.014540029293865700e+03
4.983298011158693043e+03
4.510080321471143179e+03
5.011719088173515956e+03
4.566199892490045386e+03
5.038601501323338198e+03
4.995508494191563841e+03
5.063633338240873854e+03
5.007265846255773795e+03
5.033127516620638744e+03
5.010364389969662625e+03
5.004193029821717573e+03
4.944577180835000036e+03
5.082658779712591240e+03
5.073409600643402882e+03
5.083423116990929884e+03
5.075404747573348686e+03
5.020411699873859106e+03
5.050652367018928999e+03
5.068466544626034192e+03
4.613349634696486646e+03
5.053421419817924289e+03
4.998790317806046914e+03
3.434023153002968229e+03
5.073755532518816835e+03
4.494277950028385021e+03
5.050221792443495360e+03
5.043420198115260973e+03
4.476793850332779584e+03
3.999762908755959415e+03
3.259695566542070992e+03
5.128756621640664889e+03
4.625270720948070448e+03
5.042186788028482624e+03
5.152097372934156738e+03
5.112241086102143527e+03
4.184344290059018022e+03
4.656713400581250426e+03
5.142621605512964379e+03
4.626836847034943276e+03
1.849460717933003934e+03
5.173707175409561387e+03
1.431391257567535149e+03
3.881751781552662578e+03
4.932165584311297607e+03
4.647678403390922540e+03
5.110924751229928916e+03
2.852058364149391309e+03
5.142971235444094418e+03
5.160854508351048935e+03
5.169593784873073673e+03
5.126227755125864860e+03
5.129649191657525080e+03
4.186124559391133516e+03
4.622510684941285945e+03
3.754952270951799619e+03
5.106052205617853360e+03
4.626219137802834666e+03
4.981593428780566683e+03
4.826467117790645716e+03
5.156590872822695928e+03
5.072767730235099407e+03
5.097239626431944998e+03
5.107925241556225956e+03
4.940117357757686477e+03
4.580909085694510395e+03
5.148334779792326117e+03
5.057735882538754595e+03
5.117244264528600979e+03
3.723126289031031774e+03
3.811458367373552846e+03
3.823489731669519642e+03
5.128483409832371763e+03
5.129374513621721235e+03
4.658163866072267410e+03
5.106425355494400719e+03
4.601039827466093811e+03
5.186078901693805165e+03
5.036625849920344990e+03
4.734304589907139416e+03
5.034070390690588283e+03
4.202718144493190266e+03
5.159409344762812907e+03
4.840130432199840470e+03
4.531599105670792596e+03
5.119053530956450231e+03
4.775551025961414780e+03
5.126464169229623622e+03
4.723904331195370105e+03
5.111464278619538163e+03
5.161712812138283880e+03
5.139794205869005964e+03
5.046724571551198096e+03
4.665786059290646335e+03
5.107068524123296811e+03
4.724208558873522634e+03
5.152832698465334943e+03
5.144972044435741736e+03
5.118614515990205291e+03
5.164213201638289320e+03
5.157285498300276231e+03
5.125233156444107408e+03
5.113922543209074320e+03
5.130192024947672508e+03
4.689887725493987091e+03
5.158594125302534849e+03
5.121387870210875008e+03
4.616822440627225660e+03
5.050212343065005371e+03
5.067537034466573459e+03
5.113318879881955581e+03
5.126389715513599185e+03
4.235979395099558133e+03
5.144510656132024451e+03
5.143582852748586447e+03
5.097271089896358717e+03
4.200206028901234276e+03
4.723832863144950352e+03
4.570867065282126532e+03
5.175610678639872276e+03
5.098063976425610235e+03
5.142419843295609098e+03
5.139870529324660311e+03
5.005776668070516280e+03
4.615487994382952820e+03
5.071020639242028665e+03
5.120821059240144677e+03
5.067135142071154405e+03
5.134940892506735509e+03
5.070359613650522988e+03
5.083935882538585247e+03
4.705017945405082173e+03
5.124387991375986530e+03
5.131656418905129613e+03
5.050450561536186797e+03
4.587716587208992678e+03
5.106654502272554964e+03
5.129207130197474726e+03
5.115697912840568279e+03
5.061776514920493355e+03
4.686468717593829751e+03
5.184902342712205609e+03
5.175374528744595409e+03
5.161577473423450101e+03
5.117356892903329936e+03
4.645452870043570329e+03
5.115352991794451555e+03
4.937197684575925450e+03
5.093903040700107340e+03
5.097629700522937128e+03
5.132469763892092487e+03
4.645801154472947019e+03
5.149901581193504171e+03
5.130767844335467998e+03
5.137310640729896477e+03
5.154879767481151248e+03
5.129825271707895809e+03
5.095352599023150105e+03
5.171800347148534456e+03
5.118593667436203759e+03
4.967515209744227832e+03
5.067786388661811543e+03
5.162211165287809308e+03
5.102228376778322854e+03
4.881953038865556664e+03
5.087958121910764021e+03
5.124198320592589880e+03
5.101001103891741877e+03
5.108044209972547833e+03
5.048677842928943392e+03
4.688006125033976787e+03
4.649738852093377318e+03
5.091935871920585669e+03
5.110711955040422254e+03
5.068974943550064381e+03
5.108450858954854993e+03
5.083981101031629805e+03
5.164353869333963303e+03
4.867655861536945849e+03
4.680516881212105545e+03
5.102528429038056856e+03
3.846470786285709437e+03
5.108886826964585453e+03
4.657548550922516370e+03
4.461701418038864176e+03
5.107344966289230797e+03
5.148269277930223325e+03
5.080686451953980395e+03
5.128342438555418994e+03
5.117351602834757614e+03
5.092718027174154486e+03
4.588975053959920842e+03
4.202827344192603050e+03
5.096295797166510965e+03
5.104207107657120105e+03
4.724553928366398395e+03
4.708354495706530543e+03
4.781872077386345154e+03
4.568104443487392018e+03
4.696940464339002574e+03
5.163905857622943586e+03
5.079596518913751424e+03
5.137796986357740934e+03
5.016627755043219622e+03
5.134334196666958633e+03
5.091271389310599261e+03
4.838163650502292512e+03
5.171158248145543439e+03
5.148301318856191756e+03
4.629505110210009661e+03
5.173091966615087586e+03
2.391635563206712504e+03
4.222098673170439724e+03
5.134794096036713199e+03
5.167173355266394537e+03
4.857316306835595242e+03
4.632346594589125743e+03
5.111073204331762099e+03
4.685943170399108567e+03
5.157136472473137474e+03
5.104415435485876515e+03
4.786835858930403447e+03
5.133908092326474616e+03
4.832039188526270664e+03
4.787585036900664818e+03
5.103860425941557878e+03
5.115574266827703468e+03
5.081847978155011333e+03
5.106232686390378149e+03
5.095049753080620576e+03
4.319324508897025225e+03
4.668449923087542629e+03
5.128554981335453704e+03
5.102372891664771487e+03
5.082973951469469284e+03
4.206880569532194386e+03
4.456638612398843179e+03
3.538412941483978557e+03
5.176475409847194896e+03
5.156216012064969618e+03
5.166423033673874670e+03
4.892455374892133477e+03
5.189453586772164272e+03
4.768214837431080014e+03
5.119656031584692755e+03
5.072733895005523664e+03
4.704771588770399831e+03
5.142678000031608462e+03
4.669251952710603291e+03
4.144574439481775698e+03
5.162237928312955773e+03
5.182747767369066423e+03
4.647480011732301136e+03
4.432446488727823635e+03
5.124519458922690319e+03
4.576585481901382991e+03
5.101765092003262907e+03
4.556307909632279006e+03
5.097203576602443718e+03
5.179406259052951100e+03
4.380648314374628171e+03
5.076904286236639564e+03
5.152024560038367781e+03
5.140342773131737886e+03
3.544455699296500825e+03
4.375593416413991690e+03
5.128324705690238261e+03
5.120746568387122352e+03
5.061126160923086900e+03
5.108553274514810255e+03
5.149279375953143244e+03
4.853379877326885435e+03
5.154709194568064049e+03
3.951209554749830659e+03
4.207942285776933204e+03
5.131075642656727723e+03
5.147609496663311802e+03
4.870129321141123910e+03
5.169381957361271816e+03
5.157591795986087163e+03
5.124558246399305062e+03
5.181414411089283931e+03
4.682950910531449153e+03
5.145634789378333153e+03
5.164980839662533072e+03
5.204146478402439243e+03
5.152741274858080033e+03
5.204569652852871513e+03
5.159334293645450089e+03
5.199005641033213578e+03
4.742784558020176519e+03
4.932047908928017023e+03
5.162173132655540030e+03
5.238213945016835169e+03
5.185741270194893332e+03
3.364142090639179514e+03
5.136212030158526431e+03
4.181318809185351711e+03
5.177964737165899351e+03
4.792093250694822018e+03
3.959412714630739174e+03
5.127319656480183767e+03
3.743840185588348504e+03
5.213715809557388638e+03
5.194344246161083902e+03
5.230489146446608174e+03
5.140976615728478464e+03
5.126028765975476745e+03
5.204564658020594834e+03
5.189047652427700086e+03
5.182764694951182719e+03
4.249539829770606957e+03
5.196288093398926321e+03
5.226397635486147919e+03
4.821228953009636825e+03
5.242890707261793068e+03
2.474172945434988833e+03
4.860722755507179500e+03
4.769587189800845408e+03
4.922660774372887317e+03
5.181898177000855867e+03
4.776847680285123715e+03
5.212915309947728929e+03
5.207329084493789196e+03
5.271146345282878428e+03
5.222393094060156727e+03
5.241975639394808240e+03
5.199747294843044983e+03
5.098096431064284843e+03
5.208838414239644408e+03
4.317287807788021382e+03
5.214046200120314097e+03
5.177321024639537427e+03
5.200861877986411855e+03
5.166074889387957228e+03
5.203930557008682626e+03
5.159386417648234783e+03
4.994084149520241226e+03
5.187108826052352015e+03
4.802550299303031352e+03
5.180387707251675238e+03
5.160973461554975984e+03
4.252143950075865177e+03
5.158775721028126100e+03
4.696197014241493889e+03
5.219901990609077984e+03
4.894204620255508416e+03
3.635695052139969448e+03
5.161668784787319964e+03
5.178445056482907603e+03
5.172846398228514772e+03
4.793183417557178473e+03
5.208326021853566999e+03
5.209449569618373062e+03
5.190618390000522595e+03
4.348131762197926037e+03
3.027290790357476908e+03
5.169520922919065015e+03
5.217531736526807435e+03
5.147370220445654923e+03
4.949697389478851619e+03
5.136121265396365743e+03
5.220438214721943950e+03
4.962279347416215387e+03
4.410718610706663640e+03
5.212041436953431003e+03
5.210582150049113807e+03
4.791378723941917087e+03
3.722448033748048147e+03
5.211387965682764843e+03
4.431160763627932283e+03
4.723603282330195725e+03
5.183633295589317640e+03
5.174428610224889781e+03
5.221233176626357817e+03
5.216830510299600974e+03
5.200239949235879976e+03
5.273102643948979676e+03
4.690685424652298025e+03
5.230817829604323379e+03
5.287413542967658032e+03
3.819559857088109766e+03
4.883455935770120050e+03
