1.651756324123792012e+02
6.549674259427828815e+01
2.883477244439866283e+01
8.448972275058298465e+01
1.704050345272080733e+02
1.661520813086864621e+02
1.671508905281050374e+02
1.764877391335295158e+02
3.136301348583415916e+02
1.570228110061278528e+02
1.692760772088035992e+02
2.193016986006906563e+02
2.430965379888681355e+02
1.977776529029416679e+02
1.890167034512572286e+02
2.381753056428600814e+02
2.740505385043131810e+02
3.081046918884966885e+02
1.608697438345161572e+02
1.850810532221939013e+02
2.068279809294552365e+02
2.478398282914263575e+02
1.932736555468742097e+02
1.750605538627026760e+02
1.812524569767977596e+02
2.076951447654464005e+02
2.366149990121267876e+02
2.282979966560505147e+02
2.012458919412306955e+02
2.093612605180444177e+02
2.058596608853631267e+02
2.623931203567254329e+02
2.784400974791293493e+02
2.548161453036535704e+02
1.884510517028143965e+02
3.168343064775724542e+02
2.457640556890136736e+02
2.785874274788430398e+02
2.701529831365741643e+02
2.704194668189438744e+02
4.238291943069567083e+02
2.772433929718498575e+02
2.969385619297498806e+02
2.245863344707052818e+02
3.026354338322941544e+02
2.237522869318976575e+02
3.325460233520669817e+02
2.447221016975977363e+02
2.470746425791064951e+02
3.277966055788121480e+02
4.500797147055063760e+02
3.817885289974600482e+02
4.390840147453978943e+02
4.018680032646140035e+02
3.921233357502285344e+02
2.947151171534337664e+02
3.476993939927929205e+02
3.770642424960127528e+02
2.712102313503262963e+02
4.448520947101020511e+02
3.459953866443099741e+02
3.475228389865687859e+02
3.315216268312691454e+02
3.972378591259832206e+02
4.807081778620376440e+02
5.373661860353593056e+02
4.067826123723374394e+02
3.401817194657629670e+02
4.452228816674154928e+02
3.698700603005755738e+02
5.183914633230094751e+02
3.574478998739674012e+02
4.826927585831658121e+02
6.365183544433976977e+02
4.990899042117535487e+02
4.580267349778670223e+02
4.458929395907017010e+02
4.063247927473420305e+02
4.134409005079899657e+02
4.630124222723127900e+02
4.283758272500394355e+02
4.844724669458314565e+02
4.091825818335437930e+02
5.537296513452637328e+02
6.721174370334445030e+02
4.849438893000428266e+02
5.729270126427560399e+02
6.055728652724260428e+02
5.963990098388273964e+02
5.144729208434379188e+02
6.498468538502100955e+02
5.209391851880785680e+02
5.763095331013505529e+02
5.074203738836764046e+02
7.663475617775176261e+02
6.648713000332877527e+02
8.330329458866763161e+02
8.163344864605429620e+02
8.329865692256088323e+02
8.441309281266788958e+02
8.401294743406584757e+02
6.990509692465855096e+02
7.670722508556527828e+02
7.507034462841467075e+02
6.682074519725339314e+02
7.113945265583341779e+02
8.365627924018664316e+02
6.099837572935189201e+02
8.392520323980687635e+02
8.199420420508129155e+02
7.547700133296299327e+02
7.507024812177179456e+02
8.008891013226765381e+02
7.846736094296550164e+02
8.202115007642896671e+02
6.376771809380700233e+02
8.129817166057002851e+02
7.850259994621607120e+02
7.311970043529162240e+02
7.987068175294375578e+02
8.060906421239620840e+02
7.927984559277336984e+02
7.090881152145918804e+02
7.216340329746221869e+02
7.317835604620655658e+02
7.797967403933881769e+02
7.052037147659926859e+02
7.178697692037002298e+02
7.322512880508946864e+02
7.379201021154386808e+02
7.869780223121110794e+02
7.423595759470224493e+02
6.362971517391713405e+02
8.113835557322992145e+02
8.154600626983240090e+02
6.420864395717170510e+02
8.167281434343778983e+02
7.394432028798524925e+02
8.105766765196385677e+02
7.247727494029900299e+02
8.222053209579555642e+02
7.950294188270828499e+02
7.184424456597937478e+02
6.099706138072084514e+02
8.238112761716877230e+02
7.269461124085919437e+02
8.042748666409449925e+02
8.096417429693348140e+02
8.183326373545537535e+02
8.139477555017450641e+02
8.007144230719553661e+02
7.517141210525591077e+02
8.004996625733400606e+02
7.325604220831062321e+02
8.212062237432921847e+02
8.213060063625949851e+02
7.358948328769212139e+02
8.174393861985272451e+02
8.180850909902337662e+02
8.137618720782620585e+02
8.016600130794629422e+02
8.104546624092462253e+02
6.582321462067051243e+02
8.222640098067603276e+02
8.143185159056732800e+02
6.830842692246194474e+02
8.130173956642660187e+02
8.152085944522368663e+02
8.050009658591262678e+02
8.288888039593576877e+02
8.018484192747770294e+02
8.160297071779483531e+02
8.164495855202324037e+02
8.090108676997542716e+02
7.947523929634902515e+02
8.010011854912364697e+02
8.195064545227011195e+02
7.900887319353719249e+02
8.284976281036794035e+02
8.266104419888298480e+02
8.085456091841987245e+02
8.181768204445322681e+02
8.056437666522717791e+02
8.240036678906242287e+02
8.259094699638782231e+02
8.261379277466121493e+02
8.224334794684731378e+02
8.172223773816247103e+02
8.220793714893213746e+02
8.265005806544388633e+02
8.169785654153315591e+02
8.034303971815942305e+02
8.292214052772502555e+02
8.192011322597207936e+02
8.167773385992834392e+02
8.182313525419116331e+02
8.213854867858480020e+02
8.222453834930590801e+02
8.175393772072255842e+02
8.151816315277184231e+02
8.168675558323914174e+02
8.214048506176417277e+02
8.299263598183897557e+02
8.270949896306658502e+02
8.274010753851079016e+02
8.215869917126088922e+02
8.177635402491196146e+02
7.918806676564029203e+02
8.033224383814006160e+02
7.953955343854466946e+02
8.189873444424159743e+02
8.231885346274215181e+02
8.295062447369398342e+02
8.330452121904761498e+02
8.164853839751824580e+02
8.304021934983423989e+02
8.323126263172268864e+02
8.090743918067356617e+02
8.190884127887853765e+02
8.251158771619255958e+02
8.125998776041279825e+02
8.313330683304199056e+02
8.136171157312728610e+02
8.243021634823116983e+02
7.979412397482188908e+02
8.128940121101394425e+02
8.320457024371760326e+02
8.186768185942047467e+02
8.259776917281510578e+02
8.200835085389192045e+02
8.285224203787184933e+02
8.135047530063159229e+02
8.317304738283065717e+02
8.318985329151523729e+02
8.276800755176968778e+02
8.315827545360369868e+02
8.259443462191459275e+02
8.256463445906857714e+02
8.274204249846668517e+02
8.221772266484724696e+02
8.285357942218166727e+02
8.260064868416499166e+02
8.261439128426212619e+02
8.247507158132892755e+02
8.300019933553713827e+02
8.283068789795333942e+02
8.221878975070666229e+02
8.263809438240269856e+02
8.266113261987217129e+02
8.314948686575227157e+02
8.319540737988832007e+02
8.409914388731288000e+02
8.408956377430579323e+02
8.363944143819286410e+02
8.264120151797666267e+02
8.311098413653878652e+02
8.352678402897735168e+02
8.286914429402260112e+02
8.263191518695597324e+02
8.301698424351818630e+02
8.372837693672897785e+02
8.392608694214968637e+02
8.260247303439175539e+02
8.245388374583553741e+02
8.213327678190703409e+02
8.283523904450615873e+02
8.264020337479927321e+02
8.423741793587307711e+02
8.355376781024772299e+02
8.217966166520782281e+02
8.391422836664806937e+02
8.366916900238627477e+02
8.367031496935396717e+02
8.333083152801830238e+02
8.132966819256893132e+02
8.433217775292556553e+02
8.221612063029265300e+02
8.361647829350953316e+02
8.308016514854732577e+02
8.343384862843735164e+02
8.200085830726400218e+02
8.185229691752268764e+02
8.341999011823921819e+02
8.385556248168270486e+02
8.339244384884630108e+02
8.315533792975169263e+02
8.311544813966384027e+02
8.250249780275561307e+02
8.387247128850224271e+02
8.347688950784147437e+02
8.326397606594209719e+02
8.233063459392298000e+02
8.378608890187248335e+02
8.403575049682267490e+02
8.280249885516649329e+02
8.188729313782710051e+02
8.328694749887802118e+02
8.318213362164889304e+02
8.400681712314618608e+02
8.293631326998107625e+02
8.176355035498098687e+02
8.318337606687009611e+02
8.388682086691803761e+02
8.342522980811560274e+02
8.393756260198318842e+02
8.336749598352774910e+02
8.153014681086795008e+02
8.325318118156009177e+02
8.229957998017433738e+02
8.384074638777186692e+02
8.378882689405043038e+02
8.362122390842597497e+02
8.389115267407711372e+02
8.350461310043823460e+02
8.375353541498122922e+02
8.363267113251031333e+02
8.393623432514746128e+02
8.368736837004246354e+02
8.391929666228286351e+02
8.346251641130056669e+02
8.380694238830814129e+02
8.437243094851279466e+02
8.318082058676235420e+02
8.389197077058568084e+02
8.385424382562425762e+02
8.419983069065498285e+02
8.406713603876519301e+02
8.384244491119728764e+02
8.456913435578695726e+02
8.360790942814724076e+02
8.432371532701805563e+02
8.344482231663513403e+02
8.389924673171947234e+02
8.393746346665042211e+02
8.377629400922060086e+02
8.308782072742076252e+02
8.315235564827326016e+02
8.448938286630349239e+02
8.366538116873887247e+02
8.095836927542329704e+02
8.373282984563079481e+02
8.402077169210209604e+02
8.398681632255228351e+02
8.378540396332205091e+02
8.356426451541595952e+02
8.435053240562679093e+02
8.395510976526784361e+02
8.421605814816191469e+02
8.385926027862431056e+02
8.366320275157971764e+02
8.415370632004752451e+02
8.354054456840763123e+02
8.334474022859096749e+02
8.434391015928252955e+02
8.327753952651967211e+02
8.401608394351212610e+02
8.322715097128251500e+02
8.357085484453734807e+02
8.376942545304459600e+02
8.227438299695068054e+02
8.436599936847610479e+02
8.393291455225327127e+02
8.371019260859459337e+02
8.364343349383553914e+02
8.422805725620673911e+02
8.420550431154184707e+02
8.103662382467865655e+02
8.370090505580246827e+02
8.365075728399195896e+02
8.395190118533395207e+02
8.435137922017706842e+02
8.251399711420589256e+02
8.351995098407963951e+02
8.435941544670537269e+02
8.462756520744607087e+02
8.442044171312068102e+02
8.385478211343756811e+02
8.334461157616709670e+02
8.410631699183873025e+02
8.294866239489255122e+02
8.358576863232231062e+02
8.365750711725683004e+02
8.516909528452096083e+02
8.408464003964845688e+02
8.408216476721086110e+02
8.390029387204155000e+02
8.378935582910714857e+02
8.364744605108325004e+02
8.309222004407981785e+02
8.415623914063335178e+02
8.448205349354365126e+02
8.438131805936168348e+02
8.484522996694113317e+02
8.470434772428752694e+02
8.425083979227556483e+02
