-3.503999343321486322e+02
-2.253742615597165582e+02
-3.153079505830675657e+02
-2.961043749657200124e+02
-2.413978702728813346e+02
-3.541212703291465118e+02
-3.089909240590571358e+02
-3.249053061555584918e+02
-1.968170635971805211e+02
-2.347252681477086185e+02
-2.056321964297394231e+02
-1.475075784027542909e+02
-1.263928521646422354e+02
-1.743086982031256582e+02
-1.890653686847739721e+02
-2.723902417530088655e+02
-1.714551929249641375e+02
-1.892172753176171796e+02
-1.630906799920545893e+02
-2.479720782255252516e+02
-2.560708545217489700e+02
-1.946891872281806855e+02
-1.798396661546558448e+02
-2.193210173389049373e+02
-2.694235420067232099e+02
-1.901465682065028204e+02
-6.039211629478031540e+01
-1.552038841699721949e+01
-9.054388964535517559e+00
9.416925107094729697e+01
1.850794077731471816e+02
1.130500141156961718e+02
1.094162213925649212e+02
1.948106143060978468e+02
-7.494106068478347993e+01
8.195900559261082208e+01
1.602221078715217573e+02
2.671539383948428394e+02
5.249915653462261389e+02
9.010083719128880375e+02
1.196554777479470886e+03
1.086128773691315700e+03
1.089183835467975996e+02
1.243193605885862780e+03
1.362646262431208697e+03
1.310627420800941763e+03
1.235973809651536612e+03
1.165710277437410014e+03
1.284286136365547009e+03
1.349525031685673184e+03
1.427241772779217854e+03
1.460125053938220162e+03
1.491153410692744956e+03
1.579072461648865783e+03
1.643977746996086353e+03
1.637329652206834680e+03
1.784750982298164217e+03
1.811173636259965178e+03
1.755530906905930578e+03
1.759646170061316525e+03
1.851270189792789097e+03
1.892310204505273077e+03
2.036873137017310910e+03
2.144937129157706750e+03
2.173039694777584373e+03
2.168083427382310219e+03
2.160944257355969512e+03
2.087779643169494193e+03
2.102121548519881799e+03
2.138703282500994646e+03
2.185726098455584179e+03
2.174806361873201695e+03
2.170109494621352496e+03
2.226514002574337155e+03
2.181233552210486323e+03
2.231995312166407075e+03
2.319941971777455365e+03
2.369482979663474907e+03
2.401469132484275178e+03
2.163826203014587918e+03
2.262890198291623619e+03
2.184579657313674488e+03
2.310606449457361578e+03
3.076147465790348861e+02
2.193329897073060692e+03
2.279037999614935870e+03
2.350362129879019903e+03
2.302504108922671548e+03
2.338312947075216016e+03
1.062215329256744326e+03
2.276071746772166989e+03
2.372805301411814980e+03
2.265502511196133582e+03
2.308676167623237234e+03
2.216153201921682012e+03
2.185426128732347479e+03
2.017084186972513180e+03
2.098767796159206227e+03
2.124829271391827206e+03
3.534677217311195818e+02
1.978916485587544685e+03
2.204013267184437609e+03
2.213153217389189649e+03
2.010185251367300907e+03
2.023673323965430654e+03
1.927097767931951239e+03
2.159551067623696781e+03
2.115440850241158387e+03
2.085870542203414971e+03
2.104934250062615774e+03
2.280516109323584715e+03
2.263908833943345144e+03
2.511202455480340177e+03
2.328237233709519387e+03
2.398918812998405429e+03
2.572655484251020425e+03
2.628388361235611683e+03
2.463471714765425077e+03
2.799403918426916789e+03
2.545372203194460326e+03
2.826402728437255064e+03
2.748734250182662890e+03
2.695260450052439410e+03
2.698258930230159422e+03
2.809699290618105806e+03
2.696174747889877835e+03
2.980029971624575865e+03
2.891812781534825262e+03
2.919429421461651600e+03
2.905954605594817167e+03
2.863871059974630498e+03
2.591941208240463311e+03
2.972659774814776938e+03
3.257791793486567258e+03
2.655971703456641080e+03
3.210070918787082519e+03
2.953784016858428913e+03
2.996868594797512287e+03
3.231694268460754301e+03
3.043124789485969814e+03
2.947113885881233728e+03
2.624933050574635217e+03
2.785535069251147888e+03
2.969461303209127891e+03
3.079141863049164385e+03
2.954735760236459555e+03
3.144502903745821186e+03
3.014949156453355954e+03
3.167670002133635990e+03
3.187173188870580816e+03
3.004458759808867399e+03
3.096531096681195777e+03
2.928473913506283225e+03
3.181087908210275145e+03
2.837055329171561425e+03
2.957477432940451308e+03
3.246199819855457918e+03
3.007051162755087717e+03
2.957014085792107380e+03
8.028344482078556439e+02
3.067380575358272381e+03
3.236795310426485685e+03
3.088373979709871492e+03
3.052882497687602154e+03
2.963010939651849185e+03
3.213703727724765031e+03
3.102616270635207457e+03
3.329815434154727427e+03
3.262454907748552159e+03
3.315474997007290767e+03
3.403997732748073304e+03
3.229178604301697305e+03
3.184867306266803098e+03
3.066398300522972022e+03
3.951338296313272167e+02
3.357660275683717828e+03
3.187419084652787205e+03
3.284470412752777975e+02
3.201276188512081262e+03
3.214303150238373746e+03
3.471738518654394738e+03
3.382686753671838233e+03
3.568553383631860015e+03
3.242785407222907907e+03
3.270055682337415419e+03
3.595705739827616526e+03
3.422197765433518725e+03
3.412691173327370507e+03
3.676074059505299374e+03
2.285943022913928417e+03
2.768056554342888830e+03
3.335523795165810498e+03
3.778979066143482669e+03
3.476290812735853251e+03
3.591221254458541807e+03
3.852714795909848362e+03
3.682228273871112378e+03
3.701995612522635838e+03
3.727038877077351117e+03
3.828996739160261768e+03
3.757239120850584641e+03
3.620598981681058831e+03
3.839008200374003536e+03
3.799301121768156008e+03
3.712520959538951956e+03
1.015805413059240664e+03
3.793149516959279481e+03
3.931507948555043640e+03
3.633102639655399798e+03
3.747280264150942912e+03
3.668188624974518916e+03
3.904361718831677081e+03
3.895876586669443441e+03
3.889887403181309310e+03
3.705495165606122100e+03
3.588723862131250826e+03
3.957052876689233017e+03
3.822644361906818176e+03
3.571249663053754375e+03
3.689045590078030273e+03
3.610213424126310656e+03
3.770990453684215481e+03
3.600605931013156805e+03
3.752593970974059175e+03
3.788408884138796111e+03
3.603512683715627645e+03
3.575117317470584112e+03
3.729950038275789666e+03
3.577868245631666014e+03
3.591489363195606529e+03
3.548978267376079657e+03
3.689867796448006629e+03
3.373418280656860588e+03
3.580118345089449122e+03
3.654527352726848221e+03
3.719796866949634477e+03
3.786552483064010175e+03
3.622400930159191375e+03
3.524489238837895300e+03
3.647177666574122213e+03
3.466716921985657791e+03
3.552622188367507533e+03
2.186185507754545597e+03
3.814524751568158081e+03
3.631924486652095311e+03
3.600867880999510362e+03
3.420143187842229963e+03
3.516311606308608134e+03
2.345425426283770321e+03
3.735927159311397645e+03
3.488492191622347491e+03
3.536196739146886557e+03
3.743998480803646089e+03
3.731467651998963447e+03
3.766752077227402424e+03
3.572113013883058102e+03
7.859462556360745111e+02
3.719399189726201712e+03
3.833047622878725178e+03
3.385920007983663254e+03
3.661467234534714407e+03
3.915399278340223191e+03
3.648384038108342793e+03
3.588838977723735752e+03
3.741799956143984218e+03
3.797167716467320133e+03
3.996220877447416115e+03
3.965694530712405594e+03
3.718015184761380169e+03
4.024968111884606515e+03
3.881726886165645283e+03
3.911963069230602287e+03
3.870561325523182859e+03
4.009941838684464528e+03
3.539258513447711266e+03
4.045697950371515162e+03
3.820215101354744547e+03
3.811175726547624436e+03
3.846354357396446176e+03
3.689607801686970106e+03
3.817148738643321394e+03
4.154795940318142129e+03
3.956563483982090929e+03
4.119590813044124843e+03
4.030275631798772338e+03
3.941353056622169333e+03
4.216631793111381739e+03
3.798253705100525622e+03
4.156122796507094790e+03
3.969517310805976194e+03
4.394239752093320931e+03
3.829447558367416605e+03
3.747129540227294456e+03
3.603182261173510597e+03
3.947774481995516908e+03
4.144782125207464560e+03
3.779209212640938404e+03
3.888766308676742483e+03
3.721460319213505954e+03
4.066870465039200553e+03
3.739647646218068985e+03
4.151737070131371183e+03
4.415692357058142079e+03
2.060577315314345412e+02
3.630066567049717833e+03
4.187860079598213815e+03
2.105945150396398276e+03
4.379631936010026948e+03
4.275298077743993417e+03
4.229991239105582281e+03
4.126256564324149622e+03
9.154668483785600301e+02
4.088578320216869542e+03
2.423217249040874776e+03
3.920086138015728011e+03
4.198156620778039724e+03
4.150296067959809989e+03
4.212739752133320508e+03
1.261992058401633130e+03
4.224564995863024706e+03
4.265729879453841932e+03
4.225481392974282244e+03
4.232475519460917894e+03
3.877576429064250533e+03
4.027769623409462383e+03
3.779819909729725623e+03
4.207019116619645501e+03
4.164215588754094824e+03
4.249490166485949885e+03
3.886677319986269595e+03
3.977084955127018475e+03
3.984114071401321326e+03
4.233077604594082004e+03
4.383870749156741113e+03
4.219760314089575331e+03
3.893419360109523950e+03
4.520037507507017835e+03
4.351399670979501025e+03
4.148387737538066176e+03
4.046118043051735640e+03
4.083771227944914699e+03
4.267619568066332249e+03
4.151557341988344888e+03
4.203381291168332609e+03
3.999361935147851455e+03
4.122516385170357353e+03
4.099101824615044279e+03
4.375272584829479456e+03
4.153301425519495751e+03
4.172228448509769805e+03
4.302294414203878659e+03
4.338873861288468106e+03
4.345795168629311775e+03
4.110409448134198101e+03
3.873357696494249012e+03
4.049463748207523622e+03
4.383550626002015633e+03
4.123933464614143304e+03
4.387700681937482841e+03
4.129875825529987196e+03
4.221879319675987063e+03
4.357003991129644419e+03
4.253402553178081689e+03
4.386243470908708332e+03
3.844658829320247150e+03
4.043988081450813752e+03
4.449486194542983867e+03
4.634383925652450671e+03
4.458577949361209903e+03
4.388920779258568473e+03
4.333882460635732969e+03
4.377850074928752292e+03
4.445716449525478311e+03
4.261505893956448745e+03
4.190321809865768955e+03
4.336372849049206707e+03
4.198105086454948832e+03
4.287638719923487770e+03
4.224671842139363434e+03
4.304583581789782329e+03
4.549741350878961384e+03
4.650882239914492857e+03
3.988332709528142914e+03
4.388482917520464980e+03
4.626822757542611726e+03
4.729694879612123259e+03
4.500472823923789292e+03
4.251758754989742556e+03
4.386492208493028556e+03
4.406435507327209052e+03
4.287583605311505380e+03
4.572579582319773181e+03
4.544235962792195096e+03
4.406215017446500497e+03
4.252262195175353554e+03
4.604886850966166094e+03
4.747615517254610495e+03
4.434134638224982154e+03
4.446183076003460883e+03
4.602226327212049000e+03
4.345076060538635829e+03
4.511671786542315203e+03
3.228299489785032620e+03
4.481167592873855028e+03
3.632981147028848227e+03
4.192716234832363625e+03
4.688267459769611378e+03
4.418867006102108462e+03
4.887420847872680497e+03
4.534534433782368978e+03
4.916621010893853963e+03
4.856393425229756758e+03
4.682747693035853445e+03
4.977559104352345457e+03
4.598559181791531955e+03
4.818817836099849046e+03
4.349201298823016259e+03
4.599983700937863432e+03
4.565020489309689765e+03
4.920527479855193633e+03
4.747025535027521073e+03
4.506278841165171798e+03
4.547458290343335648e+03
4.899165027009148616e+03
4.659658490691490442e+03
4.318401483434425245e+03
4.584734911278816071e+03
4.769768000027389462e+03
3.395148064904632520e+03
4.664002650537326190e+03
4.652459207684930334e+03
4.834067205139734142e+03
4.807878159949124893e+03
4.545871494913131755e+03
4.671576848250903822e+03
4.695302857100910842e+03
4.818474976067106581e+03
4.364000297808782307e+03
4.614165428561780573e+03
1.235179588542353258e+03
4.935690275568356810e+03
4.780931551787416538e+03
4.890922298370860517e+03
7.346721616612300068e+02
4.955044815077145358e+03
4.554639967704863921e+03
4.516254955113593496e+03
4.456755812348756990e+03
4.866173132603951672e+03
5.073446168913060319e+03
4.362359705830055645e+03
4.871903658279146839e+03
4.819080808634434106e+03
4.626990299109639636e+03
4.672770710237254207e+03
5.075956809333944875e+03
4.836026282954853741e+03
5.114966619483185241e+03
5.128621680136307077e+03
5.130744484360270690e+03
4.440895720081713080e+03
4.524335583281518666e+03
4.800652129034888276e+03
4.875084379260834794e+03
4.904503120903795207e+03
4.718431075209579831e+03
5.017489051092090449e+03
4.731308909133970701e+03
4.833143150107335714e+03
4.210435753821337130e+03
4.998256267610675422e+03
4.934451866565084856e+03
4.714843944543103134e+03
5.147198077592608570e+03
4.942895613692889128e+03
5.044235532769890597e+03
4.657813689649667140e+03
5.028736336352651961e+03
4.701480593597587358e+03
4.966693001013799403e+03
4.758261724345137736e+03
5.091630046585456512e+03
5.146781480148391893e+03
4.764304411239363617e+03
5.093079846295276184e+03
5.369524751849982749e+03
5.075056664136856853e+03
5.046503567279069102e+03
5.925904443282004195e+02
4.767290202458565545e+03
5.162517824259441113e+03
4.926561943720248564e+03
4.912989471236159261e+03
4.682639295754842351e+03
5.012154995211069945e+03
4.735411214298509549e+03
5.072272879523577103e+03
4.736743700349558821e+03
4.927491579259570244e+03
5.070324041571248017e+03
4.974441029849004735e+03
4.779070716689389883e+03
5.264539055398341588e+03
5.068734075833583120e+03
4.915470397101961680e+03
4.910948542308363358e+03
2.981057498549209868e+03
4.824356241135483288e+03
4.855414353547608698e+03
5.088192632208604664e+03
4.841096460095800467e+03
5.054983502193133063e+03
5.123211585165383440e+03
5.185222276932196110e+03
5.102943000037492311e+03
8.713149851911306314e+02
4.685379886720809736e+03
4.812377984114724313e+03
5.185810170697127433e+03
5.311240702818773570e+03
4.973757885518064541e+03
5.132031067286505277e+03
4.657559498805092517e+03
4.895153326143013146e+03
4.910164308394583713e+03
5.228244710815849430e+03
4.979096706397916023e+03
5.070344014256793344e+03
4.974363154068618314e+03
4.745486937849263086e+03
5.033098132719495879e+03
5.120640423313811880e+03
4.881875093018226835e+03
5.141890889421568318e+03
4.953169624293998822e+03
4.864332134564871012e+03
4.791281978904743482e+03
4.842037085010446390e+03
4.987690002509200895e+03
5.011750449340927844e+03
4.949381154387644528e+03
5.179355685825937144e+03
4.651053277113525837e+03
4.778396950902301796e+03
5.377984787322354350e+03
4.974263907144584664e+03
5.245556344882230405e+03
4.765251476452686802e+03
5.354193189918087228e+03
3.498607319025013567e+03
5.236975720089973038e+03
4.728031213650427162e+03
2.113966115475514016e+03
5.191843120943542999e+03
4.866503360513550433e+03
5.209437968372945761e+03
1.172909808015981980e+03
5.117297834153026088e+03
5.386751761051020367e+03
4.986497774932124230e+03
5.179790446072520353e+03
5.368390233920025821e+03
5.455753464917354904e+03
5.308396117353267073e+03
5.078816835258716310e+03
5.385212394336163925e+03
5.155472427253689602e+03
5.075192898482916462e+03
