-8.452002420716350217e-01
1.373710562151905457e+01
2.911691022475131785e+00
-1.678089154964260143e-01
3.832931498824937222e+00
-9.583305547505365229e-01
1.063153011717570262e+00
-9.321456652546746824e-01
1.582942596956793402e+00
6.802879512288695807e+00
-1.572590719606143272e+00
-2.396889683737711607e+00
1.316228008504048574e+01
1.001556768991607527e+01
1.865725790027087161e+00
2.926705620042046707e+00
-2.285431003608509926e+00
-6.688142930202133130e+00
9.715496784542844155e-01
2.398609897666748481e+01
-2.983667023827321518e+00
2.016836331159188589e+00
5.055987282390285387e+00
-4.123293050044832597e+00
9.899489103330720852e+00
1.034295727267856435e+01
1.974993539169624501e+00
1.992785441008117608e+00
-3.341646759456502025e+00
-2.270675488302456912e+00
-4.079016529807009128e+00
-7.397897104522936917e-01
-2.821950024077877650e+00
-6.023245649701485682e+00
2.961422284365926028e-01
1.143482292736962835e-01
-5.216258663143755747e+00
8.710747279469629234e+00
-4.987928228457733759e+00
-1.635082957528545933e+00
-2.249709668807535756e+00
3.661848304244972319e+00
-3.915321789934253616e+00
3.378760775510337711e-01
-5.844966269592948294e+00
7.564523016111923681e+00
-8.978028392280749115e-01
1.693728121359294647e+01
4.256694765661890756e+00
3.599355192327840403e+00
-1.371478815237681115e+00
1.024480276979909510e+00
1.640548180912882570e+00
2.616838111841340186e+00
1.307180176620254652e+00
9.266552770582624277e+00
2.050699484193758693e+00
-4.716626762934972739e+00
2.605420946318362851e+00
2.078320983089939400e+00
1.403024702309428218e+00
1.232333218077636294e+00
3.480300513102248416e+00
6.189927452658700702e+00
4.333905717902026389e+00
2.406066856035411483e+00
4.002042434222333078e+00
2.464966331839919533e+00
-7.083486196773640664e+00
-6.209920430502957611e-01
-6.723781177526482189e+00
-5.147234363231657284e+00
3.566803887829066433e-01
-1.919384411353726838e+00
-1.199496169078987151e+00
9.055339971107827068e+00
-1.250033479217361743e-01
-4.108127525605953068e+00
-5.523814741502611980e+00
-3.857955212727172678e-01
-2.052875687092655888e+00
1.408153519611010474e+01
-6.349740114660438195e+00
-3.530907272000999964e+00
2.887917258613538252e+01
5.126645297563274362e+00
3.388080377185593295e-01
-6.299853403449963807e+00
-1.548077749590070384e+00
-7.224522453524725663e+00
-2.932625723497457315e+00
5.258569756381029414e+00
2.428287858509551533e+00
5.519601665500345256e+00
7.374083099010788622e+00
-1.184004922336432397e+00
6.418090058554103194e+00
-5.961175497672410728e+00
-1.643844892520603063e+00
1.822182957472475717e+00
-7.278291271519512495e-01
-2.277368070493740682e+00
-5.965349839377948271e+00
-8.871689119963873438e+00
-4.652514260153740366e+00
1.184258966924142120e-01
3.103713779682282681e+00
-3.665675086663878091e+00
3.774880430367410167e+00
6.727668552336278918e-01
-5.581175715347374222e+00
7.980196846772401598e-01
-5.361460958963799150e+00
-3.379049287197223528e+00
-6.589454659552412830e-01
9.714592597434718257e+00
-7.714168255904771065e+00
-4.586441995643885106e-01
-4.978217691977181447e-01
-2.848569092260594626e+00
-4.073884876588036441e+00
-2.024260703385597715e+00
-6.920763293728159349e-01
1.143007889788622555e-01
3.689147419679104645e-01
6.139676353686382981e+00
2.898215259254964593e+00
1.976518968740287097e+00
-2.226199902021811505e-01
3.416576885855912682e+00
1.310810136874964726e+00
2.332833589047456968e+00
-1.629950758324157034e+00
-7.882299293558698849e+00
8.449088840995898408e+00
4.010769591761390807e+00
-2.771867489915358362e+00
6.125825096303033845e+00
3.884942202635564890e+00
2.690907586560251641e-01
-7.721100051776783602e-01
-1.437744786719441503e-01
-4.382824151158172477e+00
7.690350125451353769e+00
-3.624853133601635413e+00
3.212412595035232243e-01
1.226519503400188782e+00
2.862694057430279937e+00
1.967043949776594580e+00
4.074059607078333478e+00
-7.065044983781517907e+00
1.422012122397922340e+01
5.081799938714770981e+00
-3.672173026654396155e-01
-2.388726609574964854e+00
2.309571347971262067e+00
1.089615627911616036e+00
8.550616184478439408e+00
1.295710541762066237e+00
3.803891712105957890e+00
6.379857728088430768e+00
1.524891489351910323e+00
2.728061161812020075e+00
-7.704017270082130775e-02
-5.039838394876232641e-01
7.240271710040016018e+00
2.421377311493762008e+00
1.714897451637608095e-01
3.911371675552549387e+00
4.676022651261756202e+00
-3.367582343779819354e+00
-5.265312454486792859e+00
9.377512687720379603e-02
2.124528533733685276e-01
-5.477141158805252097e-01
1.576343581144493555e+01
4.101355816916360197e+00
-3.764302991933610620e+00
1.263477105604866679e+01
-9.383402728940182236e-01
6.188143801740685568e+00
-3.456905042304969644e-01
4.768280359722274042e+00
-2.464788619106490941e+00
5.555554588464758581e+00
1.426696288056582329e+00
1.497091621556256857e-02
-2.670398092246436317e+00
1.596050985549786461e+01
-3.643177827727034579e+00
3.791228786122398109e+00
-1.491395309870315877e-01
6.229406819457496525e+00
6.705435032998732225e+00
-1.788602674738956733e+00
-3.380595425837826351e+00
1.431186719674083951e+00
4.995588434010589829e+00
2.694678788879349085e+00
-5.065554544778127166e+00
-2.013046362654472565e-01
6.639450434459885919e-01
7.752910024684276813e+00
3.838664012697169614e+00
5.610892962569201892e+00
6.903365668276737921e+00
-2.058588644002263823e+00
2.451811372481119689e-01
6.359105834414524594e-01
1.473324206711685136e+01
-2.249106928677573336e+00
-8.221462093310301089e-01
2.870237843137244393e+00
-1.755040901376506479e+00
-2.272677656026357074e+00
-6.046466679998377947e-01
-9.003037162262923498e-01
-1.315411836336369267e-01
2.244059320790638967e+00
1.254711382324981273e+01
6.299522042588791004e-01
5.238945165739698595e+00
-3.964161814296801811e+00
3.426850577886562110e+00
9.473651180288445772e+00
-2.677533124062030923e-01
-2.378053397645881084e+00
4.300564267284176623e+00
-3.770811815092174335e+00
2.914713421048409803e+00
5.349230682654884106e+00
1.930538827760543530e+00
5.110649358707518575e-01
-5.781281857516780143e+00
2.446755944361757784e+01
-3.653479738969091173e+00
-3.502662773367549498e+00
2.219468134179034102e+00
2.055629417548943394e+01
1.744875259614913521e+00
3.471591996074746778e+00
2.548311199291353191e+00
2.257289401844516874e+00
-2.447943044863033712e+00
3.102136719079828797e+00
-3.714176214742127780e+00
-4.232507339626881304e+00
-9.917121405523739996e-01
-5.097542599145861164e-01
1.577744306900405036e+01
6.886795531035106777e+00
-1.710807846277620392e+00
-1.748764284395529778e+00
-3.420409060506187870e+00
-1.712241347701067284e-01
-2.461699903112168020e+00
1.622566960456686802e+00
-1.846626965625714600e+00
-4.650100188832640313e+00
5.806536186688513901e+00
-1.011306069418452802e+00
-7.758441047987906458e+00
3.358297941784968987e+00
1.141015932997553328e+00
-9.092734216433010497e-01
-7.815764177532135371e+00
2.645814834432204776e+00
3.541356194937600232e+00
-2.059388141344591361e+00
-8.341808415222384809e+00
-5.202764224690677786e+00
1.031179344025960276e+01
1.426243868420629468e+01
4.644802565276854089e+00
4.229471315127291131e-01
1.128546304424638436e+00
-1.578007095962292050e+00
9.737022982978212060e-02
-2.122856751684591536e+00
6.029231742968804042e+00
-1.742380941508516523e+00
7.419760201152998391e-01
-9.737718159884896085e-01
1.297949216973362141e+01
5.716733675757825317e+00
8.057319548770419004e+00
1.561677406561869708e+00
-5.475751669446587977e-02
-4.683648623877074979e-02
2.753311890268128082e+01
-3.607959310451258617e-02
-4.606270187537242933e+00
-3.296331830301661547e+00
-4.214261106762075215e+00
2.605119516056916495e+00
1.691954275320232348e+00
-1.038929783365162862e+01
-6.792949074788181107e+00
-4.532193419739114937e+00
4.177318305856844383e+00
8.016098222390423800e+00
-7.101074035647274130e+00
5.870911878658872318e+00
1.693385582093868358e+00
3.207885050829040186e+00
-6.248619933126113857e+00
2.705675875745192371e+01
-8.191288341960029085e-02
-3.397043622419845255e-01
1.928790712531872398e+00
-9.918280350729224981e-01
-2.496220405776672369e+00
5.249813748805194358e+00
-4.206614257185828265e+00
2.362883576765578031e+00
-2.236771064375859375e+00
2.746692650067962482e+00
-1.446159928581355780e+00
2.929989688024729588e+00
-3.241884371476966287e+00
7.024975717391837016e+00
1.768622585591489216e+00
7.168203983301156823e-01
9.522969817252141311e+00
-2.260547458423469713e+00
1.147379172334980524e+01
1.292362191989089970e+00
1.373319029029168981e+01
5.121752458988907186e+00
-4.697330895647343851e+00
3.067798587305696323e+00
-8.862370085298182376e-01
-2.576274391597381808e+00
-2.328494752304659077e+00
5.601477223579071074e-01
-1.103223982658906865e-01
5.609548798945581005e+00
3.550014875790600044e+00
-2.604443203652646144e+00
6.093797527209044773e+00
2.529602859556439043e+00
-2.477482910956044115e+00
9.481721190184870807e+00
4.526841736370402103e+00
-1.243046908622478242e+00
4.910394432735984971e+00
9.020819106135757437e+00
4.837754305551644762e+00
3.556413173341884004e+00
-6.859496899064276398e+00
-2.540759020597880280e+00
-3.666002233563927959e+00
-3.670698723619752357e+00
2.577440730170023730e+00
-2.418921268810652503e+00
-2.110428156771498642e+00
3.344325599311686464e-02
-7.383283395015192596e+00
6.250747781647691959e+00
-2.702360801960593251e-02
2.404987694461057757e+00
-2.986075246312170695e+00
-3.979870606452145410e+00
7.036189838050058931e+00
-1.161138480022647856e+00
6.286981290383462984e+00
3.074416821609741168e-01
-1.137365587834480163e+00
4.085543743375126269e+00
6.036796299083118988e+00
8.119130498317617128e-01
-3.298234771416127309e+00
1.101315574275674170e+00
-1.093567119545677535e+00
-9.354335170210249517e-01
-1.226889729931117223e+00
-4.425518580026454707e+00
4.400577930560504725e-01
-9.508910546699574917e-01
3.543580579881525416e+00
-7.450642505375526525e+00
9.936839278667276565e-01
-7.325201128243817861e-01
-3.766270826808542527e+00
1.622532303554627076e+00
8.355470448281627327e+00
4.050086815868618295e+00
-2.949440395718584185e+00
-4.461469415464125454e-01
-2.929463668655180264e+00
-4.592514049334655901e+00
-2.343201943140404975e+00
-1.453073029163240326e+00
5.770125806258909584e+00
-2.350360525180660076e+00
5.044827262224604869e-01
6.939333412625612318e-01
1.267128873974800118e+00
9.624012489303495954e+00
-1.602060330427809598e+00
1.227610016735719789e+01
2.828475318512010617e+00
-3.931378278987769370e+00
1.882851410385238111e+01
-1.588457665557608367e+00
-5.386149868307035682e+00
-5.286067365255318506e+00
7.319156962105722641e+00
-6.820799453960850744e-01
5.799662643031339826e+00
-5.623390113121698453e-03
-1.471470316373421516e+00
4.252052798616797524e+00
1.779013138999388843e+00
2.326937822235795039e+00
7.230878039531940082e+00
8.755636843606040998e+00
1.053260395209442635e+01
-2.622061256709978139e+00
7.214599195689234357e+00
-3.456413483001397502e+00
3.507432216962862448e-01
2.156898903088760733e+01
1.809909629967784150e+00
-1.909648396070405374e+00
3.376534775377068254e+00
2.151691744490402414e+01
2.983777427909998003e+00
6.268448939942480536e+00
-2.677904274704546062e+00
2.218472215964448324e+00
-1.602857865695378026e+00
4.296911363456614730e+00
3.242995424185354914e+00
3.132488539221204515e+00
4.325768079780881514e+00
-3.806725137310410290e+00
1.844765513474766250e+00
-2.554541059230145628e+00
5.223529459015643361e-01
-3.612871329507134188e+00
1.658733518880600166e-01
6.702692186370720506e+00
1.775659035078295034e+00
1.692120273682219889e+01
5.129998520283874264e+00
7.576044963929650322e+00
3.519474682946740707e+00
-5.102173712139883577e-01
-1.949314790914585815e+00
1.851375977642222725e+00
1.222571113602637594e+00
2.165901852068544908e+00
8.076199424424002071e-03
-4.669896376126822624e+00
-1.236315781732747920e+00
3.100798308134034897e+00
1.797553351596149707e+00
1.365971082814304438e+01
2.791768418847175859e+00
-5.420955940023024944e+00
3.850245793715640907e-01
-1.123025233386094435e+01
1.202037982011701622e+01
2.646905090258898863e+00
-3.510008013741777511e+00
-7.262905911562649308e+00
-3.033226188430771852e+00
-4.467297946573034473e+00
7.812780018582050623e+00
-2.237992375985896398e+00
2.723148594147614343e+00
6.636990930795741761e+00
-4.597922788001189254e+00
1.764561910999193239e+00
2.445623671352605832e+00
7.359787322129385245e-01
7.104593820167654172e+00
2.462438788250328248e+00
-1.102458443551425304e+00
1.189088455696285429e+01
-4.179420689446991410e+00
-4.224507063584353794e+00
-4.211161656437004019e+00
2.878041537608595934e+00
-1.109044325910540962e+01
-2.950309140228027704e+00
2.505506145826368325e+00
1.957111021866164702e+00
-5.850574352505702791e+00
4.423753099483730189e+00
-1.565961524778401781e+00
2.093726792572971895e+00
-5.015664141403600729e-01
-3.198576137133248842e+00
6.874090515913676924e+00
6.611869807273291322e+00
2.121015750534616551e+00
7.931495150893981716e+00
-2.218932430412817514e+00
-2.882863811057946535e+00
-5.681105774347991577e+00
-5.565538347493237392e-01
7.370466178262721435e+00
2.707024562262235534e+00
5.421337288097165583e+02
2.657052351871932956e+02
1.137507364536445564e+01
7.032078368417084846e+01
5.733536018956465341e+02
1.084975944530566920e+02
5.634342108263186333e+01
3.591713915982915495e+01
9.107272934815644305e+01
6.773491916117252742e+01
2.563443425121252872e+01
-4.114031197175255983e+01
1.292204408128389437e+00
-2.078552047167135086e+01
5.380883785243278794e+01
1.731993507767892027e+01
1.605803290723232521e+02
2.797986765993051961e+01
2.853128335587166120e+01
3.629940552823451583e+01
1.565121825590050975e+01
-6.273791773421441675e+00
-2.121706866871367936e+01
2.402264847575975892e+01
2.919519493385742521e+02
-1.723500645483770555e+01
2.198020404928980724e+02
7.183880522797795720e+01
2.885895659928140162e+02
5.063493331611402937e+01
1.781239786793429758e+01
3.756787254203373294e+01
6.854762508684898137e+01
3.534519828353369064e+01
9.264838717891954900e+01
7.288910932217017091e+01
9.828546944120422779e+01
2.014891448416783533e+02
1.059939031205960873e+02
9.908035277423500986e+01
4.172803049198826670e+02
4.700648069492122971e+01
3.553048558343355126e+02
9.710525015829651920e+02
4.495662984536272120e+02
2.447661410328490774e+02
3.163333083709276252e+02
2.195642602453756922e+02
2.963755543935987475e+02
1.938246167805030211e+02
2.669409616164256249e+02
3.619641683238355085e+02
3.783316571424571748e+02
2.778110752255051921e+02
2.921204045330104577e+02
2.954286565635469515e+02
1.062978348796015950e+02
5.913351319784690929e+01
3.422508599558232163e+02
1.794932678104087529e+02
2.110491152622182938e+02
1.159070898727254075e+02
2.186202989516921775e+02
6.952717335323552561e+01
8.328205834384574402e+00
5.214710670617365196e+01
3.030522116863471069e+02
2.469498629114539767e+02
3.058839800480196800e+02
2.201157868162328555e+02
3.714168085373927966e+02
2.842726195587916322e+02
3.115488145404258944e+02
3.500253456796976934e+02
4.529500602768214890e+02
2.699487628832340036e+01
3.268749305247640109e+02
2.475182651887683107e+02
2.964582034271376756e+02
2.811838872033839607e+02
2.594981245906070058e+02
6.709483207007361116e+00
2.852548650220956006e+02
3.581704574403991046e+02
2.480885182595710319e+02
3.946958323814477581e+02
2.633065737798939949e+02
6.755969747353572075e+01
3.755226436580014138e+02
3.632238425284132290e+02
3.659074607418319260e+02
4.176743427888573024e+02
3.789420872310164441e+02
8.391215395448270442e+00
3.000095614416632657e+02
4.553444031747908980e+02
2.744284239076299059e+02
2.691295803618552327e+02
2.303132395810752655e+02
3.487414784839590425e+02
1.539006909511969639e+02
3.013755258946687832e+02
1.742805198433216276e+02
5.725096727035069080e+02
3.974261298178411295e+01
2.295649296091667679e+02
1.831951733364620623e+02
2.276742933149115089e+01
2.990348131102768434e+02
2.888452017069115527e+02
1.023514453353945868e+02
2.102779088672834007e+01
3.527120124707701621e+02
3.408149872992050859e+02
2.026400905697080077e+02
2.751095552202996828e+02
1.610531816087377592e+02
6.768169767756324973e+02
2.514318179486577662e+02
3.629465384946626045e+02
2.119694424469282126e+02
1.616983379503705578e+02
2.649077149241218194e+02
3.835142055155216667e+02
2.673528328873339888e+02
3.386925277653840283e+01
1.021140436848666297e+02
3.051552866139654725e+02
1.429871000679050610e+02
1.425153411340720027e+02
2.090589381911973135e+02
1.365242896904811118e+02
2.524394913069839674e+02
1.553098066350226532e+02
3.933916890080175222e+02
1.350694397409167777e+02
3.218752028834337011e+02
2.709833931285113522e+02
3.569567936410742846e+02
1.368211832585380527e+01
2.478335602932031634e+02
2.883004515618428627e+02
1.119639043927004849e+02
3.054910843935891762e+02
1.892492061509555583e+02
2.030447661677946769e+02
1.573427356639775780e+02
1.969891741757523107e+02
1.071936814366113744e+01
4.531444174371223994e+02
2.324908383234673579e+02
1.831707790621849767e+02
2.175156946443789252e+02
2.172047465163552715e+02
2.055984124920335034e+02
2.089331118843133197e+02
3.693889234247116633e+02
1.928035066998427851e+02
5.452932856567377939e+02
2.358643336961286252e+02
2.613748792628668411e+02
1.719665682040283912e+02
2.490800272419009502e+02
1.310993259464788991e+02
2.306835948656836308e+02
1.906068846825265837e+02
2.388224661820505546e+01
1.743658012836565092e+02
1.917213775064852541e+02
2.367050352576010255e+02
2.500683378248751012e+02
2.539668625606214505e+02
1.078067273312215946e+02
2.571770027988624179e+02
1.823364056641837010e+02
9.782784700350001117e+01
2.576927044604889829e+02
2.597057438361450181e+02
2.414649972680331018e+02
1.801087340840840909e+02
3.128111615227720677e+02
2.762388324615504871e+02
1.606240098168807151e+02
4.872678302377111415e+00
2.490595304885428334e+02
1.424197029960672864e+02
2.099381510284052013e+02
1.221302214506355170e+02
2.623293277581350935e+02
1.902195585576073142e+02
2.054628331846072342e+02
2.212199041585507473e+02
4.880847214227385678e+01
2.657530747479055435e+02
4.695464755402757078e+02
2.614133479877070272e+02
1.710313874955497226e+02
2.687696210189776593e+02
2.373767296329400551e+02
5.121049121095485646e+01
1.801182993700101633e+02
2.674948235932007492e+02
3.241535262218740172e+02
1.749589869141439067e+02
5.444107972740148398e+02
1.544566593727202246e+02
1.366346587519163620e+02
5.547645865758862982e+00
1.808383044502996597e+02
3.382689324345529371e+02
1.624302149625987113e+02
6.563573286214374320e+02
1.142203198967556830e+02
2.540503049924194841e+02
7.786915202258776958e+01
1.223724087126744990e+02
1.970566342835482772e+02
1.864295552663044191e+02
2.548763400438246833e+02
1.937859867317635576e+02
7.545996387434782093e+01
2.131321662520538780e+02
1.168215134130097539e+02
1.171255384827991719e+02
1.497784462264144167e+02
4.901834742648231327e+02
3.029694567543722314e+02
3.416934618567080975e+02
3.056761491293062249e+02
6.723365636273287294e+01
3.219627059743869495e+02
6.863873579167002958e+01
1.132758201925785642e+02
3.248268038699563363e+02
3.952190295556994784e+02
2.229224441339214025e+02
3.679781821116505398e+02
3.435495063393637452e+02
2.911403451907017939e+02
2.595638122530857572e+02
4.355388898764816759e+02
1.200439730730311680e+02
1.359254035659967599e+02
3.567209131651749772e+02
3.809318805548834348e+02
3.467650645143721277e+01
3.596842949370026759e+02
3.996093757734818723e+02
3.325500653250000482e+01
4.387389409341548685e+02
4.351489434335159103e+02
3.292196714602508791e+02
1.291305358600853310e+02
2.956254271308916941e+02
4.020242406697202000e+02
3.588694123700053069e+02
4.424334333512749140e+02
2.759021478776631398e+02
3.184916451294715785e+02
2.759182345309555444e+02
2.924482031773387121e+02
2.169785119453046605e+02
5.031521857320555569e+02
4.011460848352900257e+02
2.597512293595106598e+02
2.582015176859314209e+01
3.835156374793916711e+02
4.222918359053957715e+02
2.657427238633984530e+02
4.879508109652991834e+02
7.081356457082047484e+01
3.224302064544241944e+02
3.221668563343624214e+02
3.918844114419674156e+02
4.739367751002259297e+02
1.283170426695350557e+02
3.476328323472091029e+02
4.213959385974401783e+01
2.281540549553025983e+02
4.508228830592284453e+02
4.219024374130067940e+02
2.949740439176276823e+02
2.563017095337993396e+02
2.013762559537333345e+02
6.431392288329109306e+02
6.689402679395986979e+02
3.781196403337724519e+02
1.431859745712737997e+01
4.925686562351816065e+02
2.877490677796948262e+02
3.876973284512754390e+02
1.796881401578750399e+02
2.823670691141745124e+02
7.233946540765417410e+01
2.477084441424860870e+02
6.213198404965139616e+02
4.043619039627080269e+02
3.719187412468170919e+02
1.992976200551356101e+02
3.408657417506907450e+02
2.838883976737701005e+02
5.836913108898397695e+01
3.037454198575466080e+02
3.580581203989094661e+02
3.695662930979486873e+02
1.609140848723837962e+02
3.264560677586022734e+02
5.560180739501702192e+02
2.828726803499537823e+02
4.663897783472919514e+02
3.057252441461404260e+02
1.458529138236758982e+01
6.339077808454272827e+02
5.259372597998768697e+02
7.253914933790397868e+01
4.069175852686219486e+01
6.407553742904616456e+02
6.775660229480327246e+01
2.242784140182396015e+02
8.918036817311294939e+00
9.807249288450438485e+01
1.547010301794702514e+02
8.302374908425628064e+01
4.864950917103533357e+02
1.107639415228735515e+02
4.355928049636560218e+02
6.331138436901165960e+02
3.632100191632015935e+02
1.908469226900637352e+02
1.788716478453660841e+02
5.830789514400773896e+02
7.273480086310484012e+02
1.213970593608718218e+02
4.382793095402543031e+02
3.363971183508407989e+02
3.370474103552901965e+02
2.168498011626997197e+02
2.776150860313869089e+02
4.920914374358800387e+02
5.209640330674548068e+02
3.996981267774511934e+02
5.033925173502406203e+00
3.957943761009580044e+02
4.464198875118988781e+02
4.670135260963599535e+02
3.383147210362033661e+02
1.234221475875526153e+02
4.094172795074397868e+02
8.722944818052714027e+02
3.136658638221632600e+02
2.369933969162063363e+02
1.717326542761121573e+02
6.741545596320686400e+02
2.870503557496384133e+02
2.783274642255220783e+02
1.695839640090403861e+02
5.660176914393456400e+02
4.736531929293690268e+02
2.161990063747052773e+02
3.470462094990587048e+02
3.885806103906967905e+02
4.899611495120679479e+02
5.626214901390595742e+02
5.642645180672905099e+02
3.752196228582920980e+02
1.978544559515233345e+02
2.555267848796416956e+02
3.961578322818837137e+02
5.307520451318721371e+02
4.584703703382976983e+02
5.940922142759739017e+02
5.878761351251000633e+00
4.594025347072352474e+02
6.296924489413477204e+02
2.507359998304546878e+02
3.030943080636234868e+02
1.899495979311633107e+02
2.942560932857576859e+02
4.056703783945857822e+02
4.653721975862038107e+02
6.798645834440123963e+02
4.717326157608082440e+02
3.448960527725323573e+02
4.233291060966056421e+02
4.861785637366523360e+02
2.783252984737894167e+02
3.054218351629328367e+02
1.849072334782179325e+02
2.790876027568077689e+02
3.024074969157198325e+02
3.509079125823278673e+02
1.600825207955834060e+02
2.041746523729178762e+02
2.325101408144584525e+02
2.256639718227752951e+02
3.547647226994095035e+02
4.350489313912847251e+02
4.019320924162566371e+02
5.043692810115888960e+02
2.808901375948558439e+02
2.255949601528517405e+02
9.986574115014221320e+01
5.988401293715866132e+02
2.853923603138618432e+02
2.708595182589169781e+02
2.391748076671300680e+02
4.798056099683070670e+02
5.318433391668839931e+02
7.775634278319822670e+02
9.100235822922546731e+02
9.024483923642012542e+02
3.317686702902116735e+02
6.552734075081640412e+02
2.004171779435445160e+02
2.956416524346138885e+02
3.826343191535913775e+02
3.505631472431034013e+02
3.645457986671306116e+02
6.042145616156135475e+02
5.677495798962029312e+02
3.950184479000428155e+02
2.520018069638476277e+02
6.905573327483095909e+02
3.974774048914233617e+02
3.995117967694298500e+02
9.795384088905736917e+02
7.983419257738199803e+02
5.469288577884914275e+02
1.266771528913965916e+01
3.653378424974748668e+02
3.016645403329384862e+02
7.265433155777380989e+02
5.915596844000989449e+02
2.471930295166252165e+02
1.564216140746267740e+02
7.310752509101060923e+02
2.896082319647277359e+02
4.497143195876131472e+02
2.282472241934930537e+02
4.883516547025326986e+02
1.463913831901478716e+03
7.243296127564600795e+01
4.247199866541329243e+02
4.529433368299122549e+02
5.744774447455615700e+02
8.461751381480673899e+02
2.324096164570739802e+02
2.295067860464043861e+02
4.810882554950637200e+02
2.696292445894191587e+02
4.696226646692527424e+02
6.805586014706583455e+02
3.057038622385201165e+02
2.673448418056580635e+02
2.049408450551584622e+02
6.670100447699893493e+02
6.554256800594855576e+02
3.632807302149851694e+02
2.515905898012883313e+02
8.301583664888679550e+02
2.369593490437205503e+02
8.591594816457452453e+02
2.436050118557590736e+02
2.947789097305928294e+02
4.571192876039472139e+02
1.011170961146658783e+03
4.398768943154511817e+02
3.647556144952030621e+01
2.763506996501370736e+02
6.896821017349578824e+02
1.428135652909189162e+02
4.547362463516178082e+02
5.505040689563744536e+02
2.422888412260389543e+02
9.303106935594334459e+01
5.831532186569073701e+02
3.435676193325653571e+02
1.868114828457301542e+02
1.058612319139795090e+03
2.474015495569474581e+02
1.104704292576677972e+03
4.252984966791916577e+02
1.003481030773111343e+03
1.682731851170863635e+01
7.893402059658241114e+02
4.504825651960200616e+02
9.102268341566220897e+02
3.241696237404610770e+02
2.208503356027607367e+02
5.816302342536099559e+02
1.453809561871148617e+02
7.427267369609800198e+02
1.776041317719252106e+02
5.683136423462796927e+01
1.788813228854371289e+02
6.896237282079213173e+02
6.413801771856965388e+02
7.447950341720434153e+02
1.112010120640716195e+03
6.449100980483981402e+02
2.615285434907103195e+02
2.252203216742714460e+02
2.769582386144974748e+02
5.621851593815002843e+02
1.095254195692715484e+03
8.568348910231862874e+02
1.291374219683460069e+03
4.288366824804706994e+02
8.594593412030621948e+02
2.062005423512361446e+01
7.228381672246636072e+02
2.588007775506330290e+02
8.443089928675011606e+02
4.199343984128768170e+02
2.342468080879537808e+02
9.115023211694433485e+02
9.432259518105204279e+02
3.372797886944333641e+02
2.226587148219057610e+01
3.214175408990842016e+02
3.339570747268999753e+02
7.262185020924780474e+02
3.824877583204118423e+02
3.564700439709238253e+02
4.816171247671796607e+01
4.004518070187776857e+02
1.996543184932566248e+02
6.184557922034978219e+02
6.626081783381961259e+02
2.708527479586124400e+02
5.847531060309524946e+02
3.222089190587739154e+02
7.049900550716436101e+02
3.293659491058906497e+02
2.416149768868980630e+02
3.925966180664693184e+02
2.697645378128156608e+02
3.416011304617114774e+02
6.180525103017116635e+02
3.072843311811639637e+02
7.360257521251450044e+02
1.030655863061665741e+03
3.246667389782961664e+02
3.714547069984240011e+02
2.303757340011866717e+00
2.095646922726935202e+02
1.056337309799936293e+03
8.203076558039730344e+02
5.764289527562939384e+02
6.993194561489598300e+02
2.766318923776636325e+02
6.407588926876198911e+02
8.339890873950023433e+02
1.087019719217148435e+02
5.973590676513290418e+02
4.922357883242781895e+02
4.678745746529812664e+02
1.846362026526581417e+02
2.803279765124422624e+02
1.352725024238981462e+02
6.091951373109637871e+02
2.670752126830432189e+02
7.492276590547049864e+02
7.737259369104003781e+02
1.733761529166801267e+02
7.294317285408947100e+02
7.237808203417134791e+02
8.112585539717687197e+02
3.042776513210518488e+02
2.731089482274034026e+02
1.049155043726072108e+03
1.842231315683649200e+02
1.110166514217013855e+03
7.958619636570218745e+02
1.207178137238884347e+03
7.627625579280037300e+02
2.223641385771004764e+02
7.835498470692492674e+02
8.789706423972055518e+02
6.100927358230113668e+02
1.761038193788568549e+02
7.802757175378399097e+02
1.725722310794956456e+03
1.212977787778688281e+02
1.070094358294227959e+03
1.670936671228083924e+03
1.649130597880599680e+02
1.185922435014292660e+03
6.294396213285663180e+02
6.604355671760177984e+02
1.723566441495329684e+02
1.781470196084615509e+03
1.089435517869704881e+03
4.134222091464225741e+02
7.326264232284656828e+02
1.749324989272285165e+03
9.682148636970921416e+02
9.658897290459217402e+02
9.352018671110781725e+02
9.115367796579536730e+01
1.453192439941305452e+02
8.571579426628729834e+02
7.706380233018409172e+02
7.174976165625331532e+02
2.608565235113862286e+02
7.173606531341245045e+02
6.877363275933546447e+02
7.627450202141915270e+02
5.604004341920468732e+02
7.332079895834610852e+02
7.256875398127641574e+02
3.045869943382105589e+02
7.380054974155301579e+02
2.043957339664978008e+02
6.888477522912580753e+02
6.003162068271798262e+02
1.637999225815188765e+03
2.046836280565112702e+03
6.554850778868088810e+02
4.284183259677208184e+02
5.010872219997314119e+02
2.185882305852116588e+03
2.459194778525157119e+02
5.114832592905316915e+02
9.835012704088247801e+02
7.277844413589023134e+02
7.009997896036201155e+02
2.160945473041145306e+03
8.268726515413928837e+02
1.507655988151271913e+03
4.234010536521726067e+02
5.649687213174547651e+02
1.232342658999775011e+02
1.407252193181503799e+03
4.733583112576794747e+02
6.965881289065259807e+02
1.761379266188041299e+02
1.115446722025638564e+03
1.450810169143326448e+03
1.852241790120474718e+01
1.564666239988019470e+03
1.422848264000203017e+03
5.129076378570407257e+01
2.537021702534780616e+03
1.241156047156182922e+03
1.748149291743824961e+03
7.458172122923438963e+01
3.305661358071937229e+03
1.446698778548508017e+03
1.451882833277591089e+03
1.298393067975164058e+03
1.848705417128413046e+03
1.783939357935871158e+03
1.409020348499773263e+03
1.616517250873139119e+03
8.550906036483983144e+02
4.867365971814905379e+02
1.070628138432801279e+03
1.365959403630382440e+03
2.965771161248076737e+02
1.556236345893612224e+03
1.668989597071511525e+03
1.452969386933826627e+03
1.714961684532505842e+03
1.297061535893534938e+03
1.741779977447619785e+03
2.057426355195297774e+01
1.758099081833448963e+03
1.515557031006055013e+03
8.957099337826932128e+00
5.163029412115745345e+02
2.042301538699575758e+03
3.189548724961351240e+02
1.691098476360586801e+03
9.143787825589116665e+02
1.837673405838966687e+02
1.008373259559189705e+02
1.132542688839874700e+03
2.016369689075479755e+03
1.292938989130725957e+01
2.352651118099513951e+03
8.787144880622256551e+02
1.143144763209866142e+03
5.793035806940829389e+02
1.131941174826296901e+03
1.398134207757905415e+03
1.736956345553699975e+03
8.404438017264748169e+02
2.580943110986695501e+03
1.500343310823949878e+03
1.642956763193030838e+03
9.426919442809054317e+01
1.351322439683865923e+03
1.273729871332216590e+03
4.280878616299534656e+02
1.284787550544591113e+03
1.514683774786786898e+02
7.983266136773113431e+02
6.495284413786358755e+02
8.827193283089208080e+02
1.683204913523918322e+03
5.314044014307447696e+02
1.776790644090638409e+02
6.307139944920114658e+02
1.628952268129548656e+03
4.056741380191957091e+02
1.887460945232285667e+03
1.443698746297885691e+03
9.617904431532756462e+02
9.941898814020697728e+02
1.647152242045990249e+02
9.437055320820853694e+02
1.464637951222439824e+03
4.713063498579023189e+02
1.169012194645449426e+03
3.053902932423417951e+03
5.308393479919575384e+02
2.131658601860958697e+03
6.325920136773607965e+02
4.079438802763345393e+02
2.378275855994159883e+03
1.054730321249469853e+03
1.304864463807635275e+03
1.944843620991108992e+03
8.130715934302302230e+02
2.718774850323585270e+03
1.012740987109489410e+01
1.891840761719946386e+03
1.289963512596193141e+03
1.840154670592426669e+02
9.494662310575870379e+02
1.793381992804467700e+03
5.588592360162299428e+02
3.379568749639954603e+03
1.077344323133924462e+02
1.421589271285689620e+03
1.919082033444028866e+03
1.511264412771331536e+03
1.739940293975591430e+03
1.861843503210928020e+03
1.611153804447370021e+03
1.282107328230038092e+03
1.352572910857473744e+03
2.950043611734914180e+02
1.352024131389536024e+03
7.908776053896081066e+02
1.001237370835610818e+03
2.265632138100092106e+03
1.126758479682901452e+03
9.070425017889886021e+02
1.667692681973984691e+03
4.872953812403206371e+02
1.912317054389320901e+03
1.310806352912808507e+03
8.659063206780722055e+01
3.733440140051117169e+02
6.544580114404575397e+02
1.414643569238918644e+03
1.654280932123433786e+03
1.472632435796492246e+03
2.074596304779186084e+03
1.922463518897536119e+02
7.608991330361899372e+02
1.561740679493631433e+03
1.285272915443493957e+03
1.930065136734428961e+02
5.238261496108008259e+02
2.275801264082881517e+03
4.812143839529813363e+02
3.688222912489467035e+03
1.696561284730574471e+03
1.659874259511814898e+03
1.616151688239299062e+02
3.021113797356049872e+03
9.630205534711228665e+01
1.897462287567939939e+03
1.150054719994345760e+03
1.494979970417853110e+02
8.231716160883216844e+02
8.191216605343096262e+02
1.599970050551849681e+03
1.330636674045916607e+03
2.171868349498949556e+03
3.140101183192106873e+03
4.230647901129098045e+02
1.806198672779058825e+03
1.634227779361735429e+03
3.485225757965224602e+03
2.448623721823338201e+03
1.100567539659320801e+03
2.544438123309125331e+03
1.111793628494931681e+03
2.366399548331926326e+03
1.162169830508731593e+03
1.008617217174351822e+03
2.264107396779171268e+03
2.308196429698111558e+02
1.401458741900895575e+03
2.087420141068796966e+03
2.654348589622229156e+03
7.479241052778482981e+02
1.977722810121578959e+03
1.196826628247632016e+03
3.745437853532606368e+03
3.727313577249166428e+03
1.485471977156254653e+01
1.644172798322321796e+03
1.591319501085938327e+03
1.852320174339114828e+03
9.942812589092312692e+02
2.493024775192616573e+02
3.551160700142087535e+03
1.933959923905160167e+03
4.798346048799991337e+01
1.187398445033143389e+03
1.338152155498307593e+03
2.062395859446038685e+03
2.306697703765769802e+03
1.022707694659279241e+03
3.687126000506420496e+03
2.580354399506597019e+03
8.726072375346670924e+02
3.577480578488277843e+03
3.695900278802083903e+03
2.423568113273053314e+03
5.679191870963604742e+02
2.516386947591047374e+03
1.105149895688855850e+03
3.528063528646795021e+03
6.824469869988396908e+01
1.723271699541730186e+03
1.572330759086443095e+03
1.075848587131477871e+03
2.266453997689656717e+03
1.406558043706872013e+03
2.172293346982635285e+03
8.384305608340135905e+02
2.357815734703473026e+03
3.717964995244519287e+03
8.626737345043593450e+02
2.734822902880936454e+03
3.594669527629218919e+03
3.792486009885023122e+03
3.715713619230990844e+03
2.184698507022201738e+03
6.655453363704292542e+02
3.354687668487321730e+02
3.497038320324281358e+03
1.407020420082947965e+02
1.466918411139936097e+03
1.994814350895478810e+03
2.375744886382395180e+03
1.447001834874888573e+02
5.628817299439491535e+02
3.815564599569937855e+03
1.953473495915594413e+03
1.599843901151687078e+03
3.339251367765215036e+03
2.986655233566325478e+02
3.748392447487673053e+03
2.416023688089415373e+03
9.638808186267001474e+02
3.802360712437262009e+03
3.665280093966496679e+03
3.640942463528415374e+03
3.805364342267750999e+03
5.615392092593313400e+00
1.656960610280816013e+02
1.327357877188261682e+03
1.633948283108663418e+03
3.708196016655722815e+03
3.725493477846600399e+03
3.269094444881979143e+03
2.558465704946444816e+02
2.238289308166324361e+02
2.958585206667747116e+03
1.335528018503936210e+02
3.823410811167922020e+03
2.424930965044254663e+03
1.138859114112759016e+03
3.010599890438995772e+03
4.716116913691647028e+02
3.728386062203710935e+03
1.759227830871811193e+03
1.664010542800103849e+03
3.645272995538487521e+03
3.801380804912045278e+03
3.667378983809708188e+03
2.098749412269137338e+01
2.154613248679671415e+03
1.292365647901805005e+03
1.398725340367205263e+03
2.175544208637450993e+03
3.711922369588584843e+03
3.784330154596977081e+03
3.096895465016521939e+03
3.909612682627453069e+02
3.773129799856877071e+03
1.801769229208289289e+03
1.644708168965499453e+03
3.654295381087678379e+03
3.663069458452697745e+03
3.688185672155116663e+03
3.696556986544814208e+03
3.661098677788632813e+03
3.657309438397563099e+03
3.660400753698088465e+03
3.710646495653080365e+03
3.644597477143712240e+03
3.628085646094662934e+03
3.636720852427824866e+03
3.757120736844308340e+03
3.840052459598365658e+03
3.768882039109284506e+03
3.803921394206688092e+03
3.748378568569375147e+03
3.744713167012704616e+03
3.670603577606190356e+03
3.617084707775130482e+03
3.665494026505698912e+03
3.684238123818402528e+03
3.751842869562533451e+03
3.709361289566198138e+03
3.723050981823907478e+03
3.690448063111482952e+03
3.708208447635201082e+03
3.800673299095140464e+03
3.760814575666729525e+03
3.741243581090907810e+03
3.772126739182496749e+03
3.779161267163515276e+03
3.804807235656065586e+03
3.797821400531052859e+03
3.776386704456034749e+03
3.726938945035976303e+03
3.717396477015911387e+03
3.724618841454485391e+03
3.815704827761161596e+03
3.705066226300190465e+03
3.802312450298903059e+03
3.843277928780721140e+03
3.802313162236361677e+03
3.751204541958030404e+03
3.689230161767623031e+03
3.828917893934315998e+03
3.891151455953413006e+03
3.851301594146972548e+03
3.890772284967966698e+03
3.795066038526928423e+03
1.631902386503228115e+02
8.543982613717628283e+02
2.371102519497498179e+03
3.831328317476360098e+03
3.881991847528707240e+03
3.850006236681583232e+03
3.842688766964000024e+03
3.797189882769741871e+03
3.851414508300550096e+03
3.868937776850981663e+03
6.734776667307735352e+02
2.926863512938482472e+03
3.838415579558423360e+03
3.833418599255391655e+03
3.777143399379194761e+03
3.735180227079029464e+03
3.830537886515475293e+03
3.856257773597521918e+03
3.839577969561174541e+03
3.835714565545394635e+03
3.824884080310577247e+03
3.812113189875321495e+03
3.791070627265532949e+03
3.863420254053848566e+03
3.836039158151947504e+03
3.860995510038483644e+03
3.853960679133897429e+03
3.901876500171108546e+03
3.924363053721587221e+03
2.578195668520657819e+03
1.082405736619303070e+03
3.923070327506213744e+03
3.976657535153293338e+03
3.908039697178654023e+03
1.173119863284245412e+03
2.324300064634426690e+03
3.908062492913194092e+03
3.840302021959500053e+03
3.930638263993035707e+03
3.984177799659475568e+03
3.967543146960407284e+03
4.094016452238156489e+03
4.029355432950631439e+03
3.992057401057509196e+03
3.927989295048825625e+03
3.998714752797543952e+03
3.938388584519002961e+03
4.012349792784894817e+03
3.930246900820638075e+03
3.928938151117222333e+03
3.916180263488926357e+03
3.916437410936076958e+03
3.979430657551032709e+03
3.997998557305351824e+03
3.761477220312798636e+03
1.960173550025782333e+03
5.799182707822086513e+02
7.437698526058471771e+02
4.058290878484355744e+03
3.838294439541771681e+03
1.063022963820007405e+01
7.725930674335467074e+02
9.424215012879290754e+00
2.662425288457366605e+03
4.094883494780075580e+03
2.754989988265953116e+02
3.526654728317129411e+03
1.543630189313469430e+02
1.905953112234534785e+01
2.426001128874957047e+01
2.899450009584483610e+02
1.939999091270787403e+03
1.700306863602631438e+03
1.799744943485007070e+03
4.040298729455956618e+03
4.014225749444920439e+03
3.909329434727617354e+03
3.799742006379058239e+03
3.933682248769307989e+03
3.973847471724617208e+03
3.966309903848323756e+03
3.888185803257023053e+03
4.044488691412317166e+03
4.047131759002548733e+03
4.009466020115935862e+03
3.981579643630549072e+03
4.071557874422329860e+03
4.063735100458738543e+03
4.030712564621493129e+03
1.148897270311588500e+03
2.568452926898050464e+03
4.051057206527620110e+03
4.138992402151489841e+03
4.127689263175666383e+03
4.141448697255425031e+03
4.248931229999568131e+03
4.163354857676503343e+03
4.012314460235295428e+03
4.122594303948668312e+03
4.119497359057999347e+03
4.113858642329262693e+03
4.070293953482640063e+03
3.995643001085948072e+03
4.204123681284037957e+03
4.165151234076229230e+03
4.252237787639194721e+03
4.154722777604160001e+03
4.204820456837896927e+03
4.176047643564448663e+03
4.236809245112807730e+03
4.266632497274930756e+03
4.224389811531523264e+03
4.222289235325191839e+03
4.264993303209009355e+03
4.204836059000528621e+03
2.918946109573474587e+03
