1.241516473365847695e+01
1.240096811253328113e+01
1.253618929468589727e+01
1.244043019007569129e+01
1.220567648406705530e+01
1.221935126599256805e+01
1.235262241416306672e+01
1.252016750984708082e+01
1.231531961659229957e+01
8.986358153475530344e+02
8.467634020752047945e+02
5.054324848098492851e+01
7.325048342118518008e+01
1.281103817562335223e+02
8.258408081123106115e+01
2.958379109144782433e+02
2.970876440045523736e+02
6.402670932164207898e+02
2.564918103537993943e+02
2.148877700260155166e+02
2.882890953279103314e+02
3.025067217213990034e+02
1.854504077016162000e+02
4.198333937309653265e+02
3.093655597737208041e+02
3.893151721486771635e+02
2.898365886816064290e+02
3.745242460658951131e+02
3.050472029547564716e+02
2.302129293460457973e+02
2.087972080631175231e+02
3.431645627201797879e+02
3.031651869630924807e+02
3.166501419235738695e+02
3.892007316925715372e+02
3.066535165507692682e+02
2.364527864572224587e+02
3.909600278179169095e+02
2.664694892409687554e+02
2.271433532315067225e+02
2.976228285666460351e+02
2.677117517322785147e+02
2.336501817870072557e+02
2.523827714538882390e+02
2.245037582088349950e+02
2.663739983760360701e+02
1.805059344555029952e+02
2.369812295469443200e+02
3.057615288550201740e+02
2.816989601228342508e+02
2.630820180106085218e+02
3.028830513279650631e+02
4.935893016921426124e+02
4.449583647234223349e+02
4.910132618201332662e+02
3.611749770895009988e+02
4.379014062998606960e+02
4.019027591372138772e+02
3.447699028558701002e+02
3.463506053550694332e+02
5.685674512909006353e+02
4.173946810340436855e+02
3.651844248709638805e+02
3.195778802930011580e+02
2.490951288354990538e+02
5.189164046308216030e+02
3.664751055852398167e+02
3.755833785435820573e+02
3.345243885995327560e+02
3.196332821108844655e+02
3.281472540262743109e+02
3.632087646591734824e+02
7.152702581904229646e+02
4.892288946160327896e+02
4.159145464945426056e+02
4.928438521745136427e+02
4.306931717767714076e+02
3.543239546329831455e+02
3.864436205892661746e+02
4.130434208929457895e+02
4.853942608734798227e+02
4.814787334377560910e+02
4.394083120916631628e+02
4.495472486086620165e+02
6.904455018529384915e+02
6.117482802137901672e+02
8.474842090869658477e+02
3.444730586991740893e+02
3.584271475879213540e+02
1.009073966827018921e+03
8.894875270141204737e+02
9.709855671964330668e+02
6.210395383282491366e+02
5.065851885264921179e+02
8.996936215671357786e+02
5.740738329263431297e+02
4.618526120165055318e+02
1.480483042372350155e+03
7.101700183594402915e+02
8.004581062031295460e+02
1.190000483508428715e+03
1.324118348823571068e+03
5.077597932897765531e+02
8.796692193062166325e+02
3.927311310236550526e+02
4.112907165544185091e+02
4.230293684530087148e+02
4.543299800266051420e+02
5.382085042803216766e+02
5.528672020557495443e+02
4.446419498757563815e+02
4.621942770491441479e+02
6.273921519163767471e+02
5.423251638378206962e+02
5.348838880805691360e+02
8.974524761404733226e+02
6.372770421435468506e+02
7.509349042393024547e+02
7.192659311543347940e+02
1.448628534711039720e+03
9.626079654069960725e+02
1.215205688567984225e+03
9.819880551257687102e+02
5.881424905012999034e+02
6.962660928665724214e+02
1.085428631021653473e+03
1.525302488003130975e+03
2.852759178301346765e+03
1.351001712434102274e+03
3.063937410803427611e+03
5.990286103239083104e+02
8.412269663403276354e+02
2.764759356699677483e+03
2.363662494516107472e+03
1.654223820453653389e+03
1.186587222846915893e+03
1.910403245311057162e+03
2.254572998330965675e+03
1.528103659464871271e+03
2.169014090769332142e+03
2.528962285836621049e+03
3.175781191182702059e+03
1.455196642311657115e+03
1.714119730007099406e+03
1.274108942454761291e+03
1.203446007821816693e+03
2.289086988823334195e+03
1.304761853443213340e+03
6.419724521833911695e+02
1.023717140764024066e+03
1.781396104085307798e+03
1.910950400498915315e+03
2.618860527790438482e+03
1.600704682670145530e+03
1.600807847549388498e+03
2.087047659282393852e+03
2.314818998371231828e+03
2.685291851072342524e+03
1.105077029180979935e+03
1.907455189441337552e+03
1.610760900156624984e+03
2.954630343278542114e+03
2.891516753929276547e+03
2.248119363235427500e+03
3.168282070275477508e+03
3.424350979189829559e+03
2.665048551977270108e+03
1.442288769050961037e+03
2.570288691589153132e+03
1.953731746764301761e+03
3.209860320829432567e+03
3.251483651581262166e+03
2.072844744336386157e+03
3.053851222880076875e+03
1.649736206655952174e+03
1.434975145352732625e+03
1.559668742578665388e+03
2.940668033187670517e+03
1.680033657317413599e+03
1.889368761998134914e+03
1.422530092702465026e+03
1.771535991498545627e+03
2.557162919629873613e+03
3.069154732413967849e+03
1.758205918234960336e+03
2.270073449670554510e+03
2.739884061631993063e+03
3.057057578217595619e+03
2.464334763376956289e+03
1.855349713686855011e+03
2.555297290797556798e+03
3.428721297729047365e+03
3.208083091081452039e+03
3.360266670983614404e+03
2.058737046751995877e+03
3.171233891012680033e+03
1.929200171258085902e+03
3.575737383243630575e+03
1.623049449016116796e+03
2.520038746583118154e+03
1.611090997726503474e+03
3.542932900023681668e+03
2.953378441722134539e+03
3.554897134695453133e+03
3.332383577791086282e+03
3.685028128238139288e+03
3.245710026138910507e+03
2.432432871688943578e+03
3.516145874540264231e+03
3.304654064567614114e+03
3.188660344788330349e+03
2.947034894758391601e+03
3.483384256551836188e+03
2.691606424716884248e+03
1.225690993072549873e+03
3.351486356545156923e+03
1.977669749677423169e+03
3.422100204680656134e+03
3.335117145096786317e+03
2.364016994942196561e+03
3.742263935164036866e+03
2.305909174317888301e+03
3.358512650618885345e+03
2.131492804727583461e+03
3.455100459532607601e+03
3.575616563545726876e+03
3.732221347562755000e+03
2.789117100777517408e+03
3.535979895077407946e+03
3.827194588647864293e+03
3.664798167756274779e+03
3.284772762706734738e+03
3.602205365333934424e+03
3.149907416521667074e+03
3.655124432490041272e+03
3.611844163014053720e+03
3.448620934202329408e+03
3.404168188652679419e+03
3.716219421732348565e+03
2.127213085576646336e+03
3.854523811590866444e+03
3.521745827667677077e+03
3.486523008360791664e+03
3.650236776084638223e+03
3.434833156711155425e+03
3.626406318125108555e+03
3.610197661163933844e+03
3.607130468588893564e+03
3.678177706481236328e+03
3.533105496415070320e+03
3.738302316260475436e+03
3.604875529493594513e+03
3.288445665499704774e+03
3.623352541456456493e+03
3.514030489257019326e+03
3.594927805780886501e+03
3.541982254002455193e+03
3.620290905522028879e+03
3.630280814322556580e+03
3.654760427292240820e+03
3.612427838653071376e+03
3.670634031615423737e+03
3.645699601409064599e+03
3.566662075648183873e+03
3.573334720374027711e+03
3.677803745495085423e+03
3.668109402650147331e+03
3.451401133249432405e+03
3.599263193998605857e+03
3.481011038557318443e+03
3.662997846198819843e+03
2.729007458902352937e+03
3.722779808181914177e+03
3.676317522097552683e+03
3.547122949810949649e+03
1.825484258680377479e+03
3.653281322812473718e+03
3.487560478450252958e+03
3.724317106464116478e+03
3.555138887322452319e+03
3.648306511050484005e+03
3.609511965913120548e+03
3.709433856274073150e+03
3.629492737058052626e+03
3.749711363559637448e+03
3.639945687024846848e+03
3.776283909686083462e+03
3.817846195561395234e+03
3.815112056360907445e+03
3.594626459154444547e+03
3.704405948918496051e+03
3.781437068043012005e+03
3.708755472221992477e+03
3.656018314850481602e+03
3.649427865400798964e+03
3.647684377868273259e+03
3.712568007709393896e+03
3.661596854183776941e+03
3.656363605463238400e+03
3.741430202043336521e+03
2.755642141842462479e+03
3.717406692497304903e+03
2.376403506704193660e+03
3.832523401741286307e+03
3.646349809621614895e+03
3.830851005892446665e+03
3.455121031393176054e+03
3.445294284686166975e+03
3.689516835674035974e+03
3.717967603270142718e+03
3.722880824871824188e+03
3.855144144702012909e+03
3.670732503631862983e+03
3.791482981391011890e+03
3.816339829182242283e+03
3.812101547124805620e+03
3.370002894655859563e+03
3.850713719843060971e+03
3.757007474458093839e+03
3.710770242268495167e+03
3.808447019668160465e+03
3.612932871992768014e+03
3.818747200105206048e+03
2.375024509775702427e+03
3.674771886406438625e+03
3.813630942492667145e+03
3.775406465949577068e+03
3.724419296702983956e+03
3.852828687614735827e+03
3.845099913209653550e+03
3.781906212461629821e+03
4.019590014006223100e+03
3.942666114376550922e+03
3.829760829541336534e+03
2.701303396775095734e+03
3.971475544989170885e+03
3.937056717086748449e+03
3.723482280084567265e+03
4.092603906199721678e+03
3.769224566314409458e+03
3.790194241140875420e+03
4.133969215550897388e+03
3.933489582065993545e+03
3.679479425617388188e+03
3.559149106405077418e+03
3.154351543549341841e+03
2.613608362113021030e+03
3.931506708896110467e+03
3.844338510231055807e+03
4.052081448265955260e+03
3.398415115186132425e+03
4.015232839903063905e+03
3.948239604735938883e+03
3.835196523851590428e+03
3.797052579694622636e+03
4.044833600504647620e+03
1.901347437058517542e+01
4.032956828346266320e+02
2.919065932705885189e+03
3.286364347082262157e+03
3.276976117761229943e+03
3.545046109370562590e+03
3.528996440940636148e+03
3.178140655521548069e+03
3.680729250569738269e+03
3.943052310774516172e+03
3.503847677078700599e+03
3.873649098276097902e+03
3.816419370488495133e+03
3.323302306112150291e+03
3.886503890403309924e+03
4.034195076978652651e+03
3.881916574545119602e+03
3.953765615215026628e+03
3.955924914629270006e+03
3.988097275046023242e+03
4.146526030024027023e+03
4.117857022570415211e+03
4.040694253547747394e+03
3.979289720789489365e+03
4.063150512949061522e+03
4.029151640724453955e+03
4.047522978226507803e+03
4.201478472572996907e+03
4.067745367624273058e+03
4.114640506982708757e+03
3.924452593910980795e+03
3.664083230779456244e+03
4.188281210205977914e+03
3.708826062460011599e+03
3.963421183700847905e+03
4.130025760612336853e+03
3.956478527095924164e+03
4.039370910574479240e+03
4.119990281143653192e+03
4.161918182983687075e+03
4.229239353458604455e+03
4.177358677705985428e+03
4.278265450427345058e+03
4.197306564700975287e+03
4.183657997200033606e+03
4.320639975283104832e+03
4.111349811395810320e+03
4.198780546831740139e+03
4.178548073062343974e+03
4.010885328873846447e+03
