-1.794453111591045854e+03
-1.482611706085810283e+03
-1.303667296565333572e+03
-1.809687925485707865e+03
-1.121210814144918913e+03
-1.171246505878815697e+03
-1.580266279618101635e+03
-1.184896431076362433e+03
-1.330177851728671385e+03
-9.893539751994849212e+02
-1.080376213895073988e+03
-1.087426713877730435e+03
-1.451267640234245164e+03
-1.102395702186409608e+03
-1.033126561200419246e+03
-9.764921914838432713e+02
-6.187201833097617509e+02
-7.652925066021291514e+02
-2.530038467929195747e+02
-7.506920862791840818e+02
-9.784228443364883105e+02
-9.849970723396891117e+02
-5.037420356727758985e+02
-7.258220020224697464e+02
-5.953704378951816807e+02
-5.012582678137217727e+02
-8.485677616912579424e+02
-5.030221656876760790e+02
-5.186737918201245066e+02
-5.021163748197036512e+02
-5.387673651585495236e+02
-6.154561007831013058e+02
-4.928136154009729353e+02
-6.260661607476540667e+02
-6.009997727918041619e+02
-3.810757208471563899e+02
-3.718396055548503227e+02
-3.692218195546336119e+02
-4.943060827157283370e+02
-5.007252994230075842e+02
-1.316390007252992120e+02
-1.333015983725962030e+02
-2.481952840703670233e+02
-2.580476033353965022e+02
-2.486896172806847005e+02
-3.682683756532275652e+02
-1.278666071541307190e+02
-3.755728185649793431e+02
-3.800402384135331317e+02
-3.782413149998557174e+02
-4.800181288575245162e+02
-2.517396501019611890e+02
-2.585203230054493702e+02
-3.776698185771683143e+02
-2.551736740875463738e+02
-2.511031914236644411e+02
-2.436164989133171730e+02
-1.343041578255589741e+02
-2.534415297575058617e+02
-1.345762104939683468e+02
-1.346890523767116008e+02
-2.486263573024824325e+02
-1.325863710542795957e+02
-3.750543323348606464e+02
-2.559744660638575056e+02
-2.512795280067449539e+02
-3.654851287575735910e+02
-3.731737486276134064e+02
-2.544425015208112768e+02
-1.308038057322022496e+02
-4.602144533900960823e+02
-4.908846586831776904e+02
-5.012098472466331032e+02
-1.656330078202402944e+02
-2.520474818146207667e+02
-2.547831991184029619e+02
-3.752132090893592249e+02
-6.016129954271359566e+02
-3.752216136754628906e+02
-3.777062462557405524e+02
-3.738591612594561866e+02
-3.982850624491857729e+02
-3.809516353567252054e+02
-3.631734360254009175e+02
-3.732445395935583861e+02
-5.027015252415567375e+02
-4.929122885816619828e+02
-3.837087231109699133e+02
-1.284923301694331315e+02
-2.579988875388499423e+02
-3.702155582479824716e+02
-2.618663466924794534e+02
-2.593538823387820003e+02
-5.134489912614415061e+02
-3.833426207745347369e+02
-4.972430999328517487e+02
-4.598240862597490946e+02
-4.861710055170103715e+02
-4.906925429245550845e+02
-2.619993053775027079e+02
-6.203018682389538299e+02
-2.599048128928308188e+02
-4.336605581654220600e+02
-3.834582142056187308e+02
-3.737750720869784686e+02
-5.006025193789598120e+02
-3.919093263994608378e+02
-2.623263345657259151e+02
-2.555749499447986466e+02
-4.868770695908871176e+02
-2.513528924657714185e+02
-6.319789837317197225e+02
-3.853462302993738717e+02
-3.858144508849819090e+02
-4.942774884934726174e+02
-3.838447807657634598e+02
-4.791568297613178515e+02
-3.865864658138955292e+02
-5.412526733997348174e+02
-5.014290803927822253e+02
-5.004393085432400312e+02
-3.873375260661088078e+02
-3.795823366015155216e+02
-5.026352643011470036e+02
-4.886800974004087266e+02
-5.097674506295978745e+02
-3.769323578789493467e+02
-3.873221452433114109e+02
-5.035382910764878375e+02
-4.906339814045856542e+02
-3.862953908257408102e+02
-3.922726708146066130e+02
-5.541368599176294083e+02
-4.947057392536457883e+02
-3.775727028342247422e+02
-3.840586624473556867e+02
-5.852099939816112055e+02
-5.876424633104560371e+02
-6.165753247188799833e+02
-3.885436014127648150e+02
-6.130697511182956987e+02
-6.225218821809556857e+02
-5.055845433979246195e+02
-3.832421484396832057e+02
-5.074970390563900651e+02
-3.781253688345746014e+02
-3.883635028424391180e+02
-3.863207683057487429e+02
-4.940094344217912408e+02
-4.546918433544956315e+02
-6.190846460608210009e+02
-6.165585433847832064e+02
-5.011697729257192009e+02
-5.099857630754053730e+02
-6.066417467256216014e+02
-5.042104871333291953e+02
-5.136918309317869671e+02
-5.472420693893809585e+02
-5.023057664203911372e+02
-5.808541095153092328e+02
-5.065799742145053983e+02
-5.087186800607524901e+02
-5.033366389503138407e+02
-5.113809775799459771e+02
-6.231704757322784189e+02
-2.638866300576272579e+02
-5.113339187884255921e+02
-5.042673404334256588e+02
-3.902057349082270434e+02
-5.082095106816384487e+02
-5.937720313294353218e+02
-3.892875987228637769e+02
-3.813362483599798338e+02
-5.462928980522598295e+02
-4.996941596220156043e+02
-3.793794812194959718e+02
-6.076655473851321858e+02
-2.658214373339074541e+02
-3.896117837373948873e+02
-7.282001978392233923e+02
-5.122357604671841500e+02
-6.285980141252350677e+02
-5.018264660298654576e+02
-4.973332154091606299e+02
-5.145303661967083144e+02
-5.077109197706089390e+02
-4.976906610120627192e+02
-6.080388498171672609e+02
-7.029708045848479969e+02
-5.090511478812231303e+02
-5.205900372205870781e+02
-5.082240949028321779e+02
-4.939972044692698319e+02
-4.980477103654955044e+02
-6.084295707875786547e+02
-5.456445745004652963e+02
-4.379126623261097961e+02
-6.737015763378337851e+02
-3.965182211359824578e+02
-5.175085388778022661e+02
-5.327950254443342146e+02
-3.875395884541554778e+02
-5.087527170413724775e+02
-3.964562466750655290e+02
-5.017897827265784372e+02
-5.052420812429251669e+02
-6.149408155723523350e+02
-2.629206866022649365e+02
-5.064887901214459589e+02
-6.271567130220751096e+02
-5.142712638157875062e+02
-3.906970914899686704e+02
-3.901119585500978815e+02
-6.242625972993680534e+02
-6.241318382868034860e+02
-6.295210027418501113e+02
-5.109722250905194301e+02
-5.127934006629151327e+02
-7.605146497965472463e+02
-5.071125513658019486e+02
-6.208576789925020876e+02
-5.151006436243295639e+02
-3.635360158565949291e+02
-5.247279177290968164e+02
-5.681408958015769031e+02
-6.365948101335574165e+02
-6.218019279221736042e+02
-3.930303991306466855e+02
-5.081581698997816261e+02
-5.114667712527629533e+02
-7.386808866487440355e+02
-5.072046000525975273e+02
-5.108174015561169767e+02
-5.829963050213290217e+02
-5.172095526380204547e+02
-6.161344541287550101e+02
-6.187963083725284150e+02
-6.786259208510862209e+02
-5.144283859736927980e+02
-5.846830117271091467e+02
-3.931982495287223287e+02
-5.157746170521177191e+02
-5.148961651854425554e+02
-6.647061466237122431e+02
-2.542330953912462803e+02
-5.942206958730817945e+00
-3.533770844060124432e+02
-1.240921668986539430e+02
-1.184393985539292373e+02
-1.309561943723527122e+02
-1.222079468858616593e+02
-3.251068196222084907e+02
-1.295245772604437775e+02
-2.320865946685674430e+02
-2.252980685002528105e+02
-1.231661167266139358e+02
-2.470224143924618545e+02
-2.474405629720066884e+02
-2.375327538954961142e+02
-1.201108700742208981e+02
-3.665985621731011861e+02
-2.556380264524377424e+02
-1.218216909660317953e+02
-1.366107542905184289e+02
-2.457776768851533973e+02
-3.824496234643946764e+02
-1.258672807754071101e+02
-3.939767242298495376e+02
-1.278465054202802165e+01
-1.328834945652685064e+02
-1.599043612879129341e+02
-1.347431753087787740e+02
-1.424384531087854384e+02
-2.593317151637402844e+02
-2.589012881814247180e+02
-3.580203951103911209e+02
-3.737430672037877457e+02
-3.804639407652794034e+02
-2.396683144872624212e+02
-2.392444633297551206e+02
-1.237070179306073925e+02
-2.575915893560038512e+02
-2.354113388038997812e+02
-3.651994067414387359e+02
-2.420580294116852542e+02
-3.240152171140022119e+02
-2.575360800929671541e+02
-3.871351576114013824e+02
-2.489547344402301405e+02
-2.392001122213652025e+02
-3.638598746877931944e+02
-2.271046618418145613e+02
-2.655657076582293143e+02
-2.491683576895724741e+02
-2.607708167897077374e+02
-4.831702533107219892e+02
-2.431136089258911852e+02
-4.382882938348673747e+02
-3.866367173957590353e+02
-3.733196977841669195e+02
-2.547255995765813736e+02
-3.300162612492677567e+02
-2.546314704073125768e+02
-3.800552344745322557e+02
-2.376375808717416191e+02
-3.773816379648438328e+02
-5.126936532477609489e+02
-2.531926704002561621e+02
-6.165316041854331388e+02
-3.713694571888855762e+02
-3.841800214026238791e+02
-4.737402820302987720e+02
-3.875461919937857829e+02
-2.512410884152403980e+02
-2.707071468812724788e+02
-2.409546468607996417e+02
-1.290687497502190411e+02
-2.622965522380580410e+02
-3.582527546305365149e+02
-5.518008302020753035e+02
-2.608367489061487845e+02
-2.303416870984779621e+02
-2.572792870159805148e+02
-3.697626622185204610e+02
-5.348611641883255743e+02
-1.320228673734893619e+02
-2.606815977038717733e+02
-2.572084490113799120e+02
-2.625821084603231839e+02
-4.448953503594945573e+02
-3.872432898878295759e+02
-4.708475382590274307e+02
-4.956120560465369067e+02
-3.735685504882113719e+02
-6.236663896599137615e+02
-2.665525581475826584e+02
-2.387274324351152757e+02
-1.340144688405308102e+02
-1.299599910166922143e+02
-2.384603274630086958e+02
-2.581268893448917083e+02
-3.913416907551729764e+02
-3.627184514217659057e+02
-6.167452248075522903e+02
-3.866216699694289218e+02
-2.539218648721331988e+02
-1.349691115004785900e+02
-3.845311501075173624e+02
-2.618837849476141173e+02
-2.384870540830034145e+02
-4.736373499218927918e+02
-3.773794458208097922e+02
-1.257695444210194040e+02
-3.679547359708976160e+02
-1.354939882562540561e+02
-3.573019456508264398e+02
-3.825674764696072430e+02
-3.940178505875941823e+02
-1.280694319950579541e+02
-2.903587288323270172e+02
-1.497935090515362049e+02
-4.013247201082867832e+02
-2.624855766300611322e+02
-2.565765586811469348e+02
-5.593137333363376911e+02
-3.829445411054258557e+02
-4.728322538491939326e+02
-2.546888554858579994e+02
-2.512196062460975554e+02
-3.791701725363157038e+02
-3.857575899328232367e+02
-2.549770598690675740e+02
-3.815491768914842510e+02
-4.925290319193666164e+02
-3.828007612549700980e+02
-3.466378410405800423e+02
-2.614762699567957043e+02
-4.890997467151658498e+02
-3.808376788842039105e+02
-2.573517878148467730e+02
-4.850570481400324638e+02
-4.922343848085164382e+02
-1.272966033787453313e+02
-3.754441432382428161e+02
-1.780720203570748197e+02
-3.811278313774456592e+02
-2.560997901220668496e+02
-2.638490331768347232e+02
-2.531667372432255263e+02
-2.641000249211217010e+02
-5.082148602768795058e+02
-3.795177447879960937e+02
-5.048413550999965764e+02
-3.674061696101181269e+02
-1.177661400734405994e+01
-3.687133564517476430e+02
-1.396799678748638769e+02
-4.849428397054455786e+02
-5.038328859112931468e+02
-3.707643959549804435e+02
-2.623125145164057130e+02
-3.764959516900694894e+02
-2.322042097678298376e+02
-1.357639457402500511e+02
-3.741222650621810430e+02
-3.141026084637366012e+02
-3.811563376734055737e+02
-1.314837791057014442e+02
-1.275124592081014043e+02
-1.334298411268522102e+02
-5.106727304691777931e+02
-2.563005539026212318e+02
-1.262773207300458722e+02
-4.871204447342649928e+02
-3.732729309117687535e+02
-2.540532949452036178e+02
-4.918665272047741723e+02
-2.559472490362564372e+02
-4.929911668944312169e+02
-3.849154192807281447e+02
-1.309825603837614381e+02
-3.652277752082559346e+02
-3.802603217556329014e+02
-3.780391466993244762e+02
-2.579322654324049608e+02
-6.088929807852247222e+02
-2.614980385307970892e+02
-3.681997091086964815e+02
-4.978960834582019288e+02
-1.371976181634553029e+02
-5.006569860692529232e+02
-2.403215864106608706e+02
-4.881353591432578014e+02
-3.914757374401444849e+02
-3.608785202164772841e+02
-4.841179863882722998e+02
-3.796816047978161350e+02
-2.517389885001929599e+02
-3.814046522237099452e+02
-2.432357050424435272e+02
-2.622395555274442245e+02
-1.300846271747322191e+02
-1.371124110348366685e+02
-5.735137982636210836e+02
-3.273868425584934698e+02
-4.870366235687440621e+02
-2.571093847402871688e+02
-3.885913797497819928e+02
-3.734080922588262865e+02
-3.395865164230289110e+02
-1.344953825009219770e+02
-3.864537600403924671e+02
-2.586101735497374534e+02
-5.062313083968255683e+02
-3.779248268535320108e+02
-5.040132011509373910e+02
-5.690838669556454761e+02
-3.810460936712379976e+02
-3.991034665194966919e+02
-2.559846484679368359e+02
-2.658594375959673926e+02
-5.196605717238878697e+02
-3.903953030887699924e+02
-1.394584611698486185e+02
-2.627096984134617514e+02
-2.638687621852152461e+02
-1.378804847901159008e+02
-1.371847561373689643e+02
-5.012632922461234557e+02
-2.198300386751879216e+02
-3.785821841669863943e+02
-1.395971162474654648e+02
-3.771482185398886031e+02
-3.860585625472812126e+02
-5.090961997208410139e+02
-4.946224810280849056e+02
-4.908226624106463873e+02
-3.717641877402180057e+02
-5.058275928063306992e+02
-3.568301762601928431e+02
-3.870847346023331852e+02
-1.362834636126816292e+02
-3.848965064363479200e+02
-1.303586659077130037e+02
-5.859492347237211334e+02
-1.342434572489164566e+02
-2.558176177528276014e+02
-2.423698629740685817e+02
-1.381497763409413437e+02
-3.580941814206561844e+02
-3.719093762434392829e+02
-2.360820799435375648e+02
-4.173715180387259238e+02
-2.692508567442839080e+02
-1.215043308808249662e+02
-4.960696696007101991e+02
-5.062871384024424515e+02
-1.009633636259581202e+01
-1.247477607657131955e+02
-3.600587014574789464e+02
-3.481306252415246263e+02
-3.878557614886580609e+02
-4.773921897115086495e+02
-2.591867980564902609e+02
-3.594407693137387696e+02
-1.301241728176163406e+02
-2.336543960376653786e+02
-1.280687831789020095e+02
-3.874065473574175371e+02
-2.478855439255753765e+02
-3.608037987612009374e+02
-2.623941315574799091e+02
-6.062108308046518914e+02
-9.242077064016315902e+00
-2.547210284600986654e+02
-2.586121198676758013e+02
-1.021782449266058457e+01
-1.393403817090282928e+02
-3.331171915925432359e+02
-1.265893003419824936e+02
-1.407746858854471554e+02
-3.883428830783651051e+02
-2.618669340352997779e+02
-1.260759398796925552e+02
-3.528003865419768772e+02
-2.350359594933505321e+02
-3.861144135281834906e+02
-1.371278346320775086e+02
-4.970934432605025108e+02
-2.369509731918557804e+02
-1.251057974117581892e+02
-1.286498825254410576e+02
-2.471160907991512374e+02
-2.494428900956739028e+02
-2.493371808585002611e+02
-2.529558964126183014e+02
-2.309922642586068662e+02
-4.072328539170903241e+02
-3.838991387597106382e+02
-3.780685122894469714e+02
-2.373198616354366663e+02
-1.339140543950607594e+02
-1.348845788893864608e+02
-2.523401715073473497e+02
-2.325707401108172121e+02
-1.043240617809781590e+01
-2.578628206987070257e+02
-1.346736329024902545e+02
-2.318667554251778995e+02
-2.319647586044046648e+02
-2.526868242517602710e+02
-1.361149499402056904e+02
-1.300411895851511588e+02
-1.387868239213746335e+02
-3.544990818899554483e+02
-2.383227897815789049e+02
-3.721484469333026368e+02
-2.335852108450764035e+02
-1.239203994536179181e+02
-2.516964241536908276e+02
-6.974754923380062976e+00
-1.118882442417574907e+01
-3.784020001869613452e+02
-1.255918783708655582e+02
-2.612318441099909592e+02
-2.348662558366922326e+02
-4.882571298727300473e+02
-2.499349947804586805e+02
-2.581177879020502246e+02
-4.754318419991016640e+02
-2.374821596400470867e+02
-3.462255273735009951e+02
-1.335921575576873295e+02
-1.347956143916016458e+02
-1.341254044286799001e+02
-3.759111143302502001e+02
-2.390412951081524682e+02
-2.534698902555892062e+02
-3.554626873043434898e+02
-2.328211570792179828e+02
-2.507985411620127820e+02
-7.474240555999047686e+00
-1.327279849455998146e+02
-2.433159269362012083e+02
-2.516514701663070639e+02
-1.238178536066903774e+02
-1.202351168555485685e+02
-1.321491475697226008e+02
-1.316036203800138367e+02
-2.368659043697781215e+02
-1.207907775000749382e+02
-1.232837428980352286e+02
-1.236311585564584874e+02
-1.224757310311837983e+02
-3.484156968519168913e+02
-2.467119546519418805e+02
-2.511752896224502365e+02
-1.263150122202637249e+02
-2.582954792303798399e+02
-3.723978112738539608e+02
-3.747685156272576705e+02
-4.651878506747699475e+02
-3.679432606779249681e+02
-2.520074147159636766e+02
-2.384546036696083604e+02
-1.241771718749612177e+02
-1.232925740856600640e+02
-7.655738913986253280e+00
-1.238157868612506576e+02
-1.294062611553079307e+02
-3.653914757435637171e+02
-2.524075995777104424e+02
-3.574274934945618156e+02
-1.263223118760734280e+02
-1.313539640386476322e+02
-5.785761757273379047e+00
-2.398585669909362537e+02
-4.327702536290534141e+00
-2.411148279939732504e+02
-2.274798004930305240e+02
-3.574715834123418858e+02
-1.226461159525174054e+02
-2.342406762160819653e+02
-4.048385006435342603e+00
-1.240408991534330170e+02
-1.232250725027882652e+02
-2.518220973584851379e+02
-1.192459331366824955e+02
-2.463259802083904333e+02
-2.537649191701393079e+02
-2.371149745378131399e+02
-3.797790988738009332e+02
-2.592225892996739276e+02
-1.268625702146728287e+02
-1.286964549512284179e+02
-1.230742840270482645e+02
-1.272687099372603399e+02
-2.335967370168447417e+02
-1.274663234632347866e+02
-3.247756384067143927e+02
-1.281233431244540668e+02
-2.309575003650980420e+02
-1.219963184404927716e+02
-1.208611589237515602e+02
-1.306881022554181300e+02
-1.192797915152742263e+02
-1.253291668503495373e+02
-1.244347234242746794e+02
-2.377039735218408794e+02
-1.311677690196666788e+02
-3.419770080734734847e+02
-2.412656227999278258e+02
-1.227633666945060327e+02
-1.215356535227968919e+02
-1.206715410608656072e+02
-1.178556392580564705e+02
-1.248637462945068819e+02
-2.356536390858700827e+02
-2.538021381584799201e+02
-1.247336266649263052e+02
-3.613741885042902595e+02
-1.240874913311868681e+02
-5.862370047938441076e+00
-3.398689535427249666e+02
-2.119526585119181448e+02
-3.755947839881699224e+02
-5.969153194666738216e+00
-3.563634876785867505e+02
-1.232028866096652280e+02
-5.087021985154545511e+00
-1.273385056249222345e+02
-2.497484756704385518e+02
-1.255584875877625706e+02
-1.191363568065035707e+02
-4.554583387685775087e+00
-2.319509414071257822e+02
