-1.483502844407187695e+03
-9.111604906793054397e+02
-4.700688548718741799e+02
-1.837209772364736580e+02
-1.620120188050795775e+02
-1.895792470316905280e+02
-2.063564655984797298e+02
-1.682507604757757917e+02
-1.386079601694870576e+02
-2.652189614348651503e+02
-1.283659634947057384e+02
-1.749370395787765915e+02
-1.972570744021836333e+02
-1.438492013803600287e+02
-1.622698104960966248e+02
-1.944100216468756912e+02
-1.161717822824055020e+02
-1.817658340654649294e+02
-1.401565061238044336e+02
-1.437291002603249126e+02
-1.627028354197293822e+02
-1.654725129626319529e+02
-1.326610615689938584e+02
-1.572847220531237156e+02
-9.684797644970424813e+01
-1.658316941187303541e+02
-1.345978592158147080e+02
-1.589086938269768723e+02
-1.681368650315258151e+02
-1.808904460177358544e+02
-1.663668519557168395e+02
-1.451355305580170238e+02
-1.498476154552688513e+02
-1.608160641675079034e+02
-1.455534778406590135e+02
-1.716197423189866242e+02
-1.797810309630060033e+02
-1.822677128025270861e+02
-1.146733602882082295e+02
-1.512477325179046659e+02
-1.751162415746638032e+02
-1.981015729862086232e+02
-1.642144569636012648e+02
-2.098011318885286016e+02
-1.391258183104422130e+02
-1.876650055406204558e+02
-1.613112153146936407e+02
-2.051936636677806689e+02
-1.473052254277257873e+02
-1.902921379384508782e+02
-1.707372981026473440e+02
-1.755203653194972162e+02
-1.367474899348977431e+02
-1.377035872151833757e+02
-1.036664697349447835e+02
-1.359319978937735982e+02
-1.842126911482939136e+02
-2.002450648112559861e+02
-1.556747174723902276e+02
-1.614415181561002441e+02
-1.277966475968578663e+02
-1.374418387186123880e+02
-1.484893220778240561e+02
-1.664888893246264274e+02
-1.795536833554299392e+02
-1.510432592594864900e+02
-1.067467648125029172e+02
-1.671350237886998400e+02
-1.614192601075806124e+02
-1.843203580811095321e+02
-1.206240397121879369e+02
-1.251080777967985398e+02
-1.870076936870410975e+02
-1.451417410835690021e+02
-1.442952586955422305e+02
-1.761793806931167410e+02
-1.994470960220529037e+02
-1.596333660864065962e+02
-1.580076727269303092e+02
-1.824253957522015526e+02
-1.195769844186097970e+02
-1.316305305242668737e+02
-9.628778766322227511e+01
-1.610907922390751992e+02
-1.303248055800086718e+02
-1.486159541489283242e+02
-1.522660869127238925e+02
-1.613811306490259483e+02
-1.962449396702246815e+02
-1.662828036958809435e+02
-1.505319318518706098e+02
-1.326223103466198268e+02
-1.500829860239194318e+02
-8.634486082479671154e+01
-1.592963864222518566e+02
-1.758614978772845916e+02
-1.398921654284626470e+02
-1.525296946169577836e+02
-1.526432325220170583e+02
-1.602874014620516050e+02
-1.409418717592938890e+02
-1.508029233385038310e+02
-1.787303903525498470e+02
-1.496804519298861464e+02
-1.798551955032022533e+02
-1.831801848324296884e+02
-1.739856901323362877e+02
-1.219357196703299167e+02
-1.196830459446603072e+02
-1.604601131242695828e+02
-1.362719640940877639e+02
-1.406903958080257837e+02
-2.218690993240147691e+02
-1.736404985466268727e+02
-1.130047443019185494e+02
-1.606577293498849599e+02
-1.110921097324507372e+02
-1.205075865747441668e+02
-1.253927754633961769e+02
-1.596251344007043258e+02
-1.135602664077734119e+02
-1.005590702150955167e+02
-1.708925910642784913e+02
-1.370334545605243193e+02
-2.106714976536737538e+02
-1.452726069296937794e+02
-1.568982283971546110e+02
-1.327966100715474909e+02
-1.800598741912423293e+02
-1.914765156322641246e+02
-1.333513700193423688e+02
-1.630616145913344610e+02
-1.132337405526945275e+02
-1.540624323448703308e+02
-1.794732245036503286e+02
