-7.052123972488535397e-01
1.284068485983525143e+01
6.813725393930711860e-01
5.940578438778905401e-02
3.966509206691286593e+00
-9.640203720111085728e-01
5.806676913768904491e-01
-2.920320993242308205e+00
-1.095021602704551622e+00
6.115021780432790877e+00
1.765694459788857973e-02
1.998733156123726040e+00
1.040442240102689375e+01
3.533782531291754236e-01
1.316868529155551082e+00
-1.585142220411162928e+00
-5.222665774002598127e+00
1.987849229075365987e+00
1.646645649511980025e+01
-3.984070520787430514e+00
1.777189818312936254e+01
-4.668164025085491886e+00
-4.126285062279396065e+00
4.513304522141524444e+00
-2.603126862561450316e+00
1.210014277269961269e+01
-1.694777902968738204e+00
-2.970518709980626948e+00
-4.222853159435604020e+00
-9.562650747853156386e-01
-2.725289435083073641e+00
-6.077883306305897904e+00
-5.068604866997438174e-01
2.256999490278519538e+00
-2.435847329694445840e+00
-2.172580379493885161e+00
-3.770663992813541476e+00
-2.701457221817226362e+00
1.529348071997969516e+00
-3.875309596225894992e+00
-1.116059278517944620e-01
-5.787652452202332931e+00
6.926913548061155446e+00
-6.460672806866644136e-01
5.215327630117325697e+00
5.302204106062712974e+00
3.756635398404462034e+00
-7.158663055503805550e-02
-5.412029581363533293e-01
9.813377776859349977e-01
2.503904299879676998e+00
1.236717369954649426e+00
5.254404986027569890e+00
2.872457703257687456e+00
-2.655057995721453068e+00
7.191189482343500750e+00
3.772752144712087086e-01
4.428403943991311209e+00
2.354351770070493011e-01
3.217479673929667605e+00
6.756111821190584621e+00
6.166111917288664479e+00
2.389884277091125053e+00
4.480490333611802711e+00
2.167990075856529586e+00
-6.989217359035501786e+00
1.096247751888513200e+00
-7.111190944082430576e+00
-6.348832262963806095e+00
-8.426101632555464960e-01
-9.545444198486682907e+00
-1.708026944039235939e-01
9.855115756645592029e+00
3.031959604408160036e+00
1.919596066877182206e-01
7.524183274192464133e-03
4.222423749270261262e-02
-2.159168855584733482e+00
1.403069227048754719e+01
-6.317694054079693977e+00
-3.352483162844142939e+00
2.592564963390320898e+01
6.762639635202487121e+00
1.055566423923542274e+00
-6.580504465960885341e+00
-1.185481508453116284e+00
-7.345561568573433675e+00
-3.018545164141877013e+00
1.319943537787166443e+00
-1.059053016673072500e+00
8.347328090004001666e+00
5.808529369104106443e+00
-2.715464028437518884e+00
4.462406247755027699e+00
-5.428093953139713435e+00
-1.340246073286240236e+00
3.074232552945590946e+00
-7.093431090074437950e-01
-2.428774978293708919e+00
-6.277697077032450501e+00
-8.747520479613967836e+00
-4.339819469592447021e+00
-8.913086373022268694e-01
2.402586023855200814e+00
-3.301685436845926525e+00
3.529021663711172430e+00
-1.451897865933804432e-01
-4.490617144263298499e+00
-1.343376923067182149e-01
-4.969717271624308097e+00
-3.182853685008773859e+00
5.427696967942896578e-01
8.200067593427473156e+00
-9.234113685210274980e+00
-2.257948980181465171e+00
1.922962589849308568e-03
-3.349461426402509101e+00
-4.133741068889406733e+00
-1.594128806320941560e+00
6.743726469741035956e-01
-7.967127818416835927e-02
-2.915338877909442683e+00
6.394016503535606688e+00
2.928234514269769218e+00
2.133462052381630780e+00
6.543235764999852933e-01
3.626523709626008785e+00
-8.211367706260448429e-01
2.469762631627027805e+00
-1.045940595174896348e+00
-9.300556595588934883e+00
9.263073614282328450e+00
5.352703031844327164e+00
-2.999463987079338700e+00
6.188030796482690832e+00
4.739784210833481559e+00
-1.177559388848622657e+00
-1.090766871459100340e+00
-2.419044330777098128e-02
-4.381679043076621483e+00
7.208978136831974304e+00
-3.254085867181951031e+00
4.057167686375991178e-02
1.300370359496070716e+00
3.974321927962385814e+00
5.679611805776202615e+00
2.294080703779318942e+00
-6.541661925528454269e+00
1.432073351873041389e+01
5.148331251122502117e+00
-5.661219881912030738e-01
-2.510188297770122645e+00
2.499309474599911596e+00
7.443984881730734138e-01
8.084116971565373788e+00
8.112555775554961546e-01
3.940188608634437983e+00
6.762918980269021496e+00
1.462379617562863832e+00
1.979844414054377832e+00
-7.870388766713909412e-02
-4.969312537484572023e-01
7.845044802378442483e+00
2.333608111971782417e+00
2.982793745534546570e-01
4.323863586810686499e+00
4.914567820528985109e+00
-3.841252863002435181e+00
-5.423594138166178524e+00
3.604630585537358378e-01
3.403026499266184612e-02
-1.220116095749470109e+00
1.034405814971748505e+01
9.994643656525827424e+00
2.764224132019245328e+00
8.817567923028772015e+00
7.013127690073701626e-01
-1.136335033190092991e+00
-1.765495193797317119e+00
1.850975051469487376e+00
-7.339352130631437987e-01
3.604165452179883378e+00
7.121568530647826023e+00
4.600765519607136200e-01
4.271499888571232084e+00
5.316922228452815702e+00
-4.611311884269177597e+00
3.062431944795750205e+00
-3.058578026823401963e-01
4.783194397885500493e+00
8.751728244009381541e+00
-2.392971696757340005e+00
-3.686758493583222496e+00
1.439974695068026334e+00
4.927562448208174573e+00
1.909412737789196512e+00
-5.102040067856047578e+00
1.889883644258782969e-01
-5.385947740394965155e-01
4.326543145314689198e+00
3.583256268629968488e+00
5.196710244631510989e+00
5.818939363905762718e+00
-1.938253465379112805e+00
1.143163587920903002e+00
1.064549016943876936e+00
1.488861924822322180e+01
-2.066187556008188597e+00
-5.632506947587789803e-01
3.464394415274422823e+00
-1.882864608074365176e+00
-2.322126522208749488e+00
-6.668533023526014292e-01
-5.951150608676057940e-01
-5.571078989077121735e-02
2.659906112836299297e+00
3.859572608680500672e+00
7.003834197278374640e-01
5.060061531478292629e+00
-3.965109950031518338e+00
5.477554832749517821e+00
9.641031790833160642e+00
-4.045287728657359083e-01
-2.230359163511362652e+00
-1.153307077430267169e+00
1.623831348308725708e+01
-4.234461205361430003e-01
6.456668913039258051e+00
2.150682945859708539e+00
3.265083746054570080e-01
-4.266533552758123626e+00
1.126281502630134490e+01
-1.086285966722856600e+00
3.577447354418548109e+00
-1.474293258164405040e+00
-1.091118403352699717e+00
2.494345159847734550e+01
1.677205465655166483e+00
3.999521320087488618e+00
2.734959795706267904e+00
2.216434158541755295e+00
-2.111165409006087401e+00
3.003630224919151992e+00
-3.549147001148834857e+00
-3.300876941075582494e+00
1.677812828234382048e+00
1.604535910821606182e+00
1.745180298168899213e+01
7.027925625670734533e+00
-1.470079306809223496e+00
-1.839674519866872471e+00
-2.745096049160887119e+00
-1.186853552802494272e-01
-2.382012306617173447e+00
1.593760369887153416e+00
-1.731972984410883321e+00
-4.673078831527774923e+00
5.573332407002936861e+00
-7.081416419283245167e-01
-7.627057999044284387e+00
3.370100339055295269e+00
7.885976213572867266e-01
8.563574786407194273e-01
-7.678748908443761678e+00
3.007235833340325293e+00
4.822035949571862545e+00
-2.219433299958131212e+00
-9.742948675521102331e+00
-4.533540059978743209e+00
7.779125496197591971e+00
1.544380966026725055e+01
4.515807093168352715e+00
-3.279461826614156195e-01
1.102810527097538351e+00
-1.392591172792311704e+00
-9.461500891187361872e-02
-2.256961159522778981e+00
5.996166531255540555e+00
-3.767391361774980574e+00
5.053681321910894475e+00
4.451111027848951629e+00
7.292977500401192970e+00
1.183945807322519350e+01
3.236952142860026971e+00
3.113596233820853154e+00
3.200374898619143593e+00
-4.378647297066117439e+00
1.737836450757765760e+01
1.208965555840892048e+00
-3.678639465986705215e+00
1.928503753729203574e+00
-2.648489359833778867e-01
-1.423323845922461195e-01
-5.030864085467634084e+00
-9.716909645759251646e+00
-6.017684136565581099e+00
-3.108885358579015712e+00
4.642098988192120856e+00
8.117854517098125555e+00
-6.688653173294838439e+00
6.139915877881367834e+00
1.450715954364723226e+00
2.100509797896225717e+00
-5.183969311157400561e+00
1.815856375878362883e+01
6.384199428432957291e-01
-6.249144080047513983e-01
5.740107405503463989e-01
-1.508070990686734891e+00
-2.555719304898695476e+00
6.052489278224017610e+00
-4.435801646251601227e+00
2.568369202623440817e+00
-2.400377556634859300e+00
3.718182229508752101e+00
-1.108377680701625456e-01
3.200105598078799130e+00
-6.200044382332709603e+00
1.947297336073372076e+00
3.194352772553152864e+00
7.296360326641483374e-01
9.411790798792212698e+00
-2.041609953981116554e+00
1.025534599642551115e+01
-2.038925372266920388e-01
3.819345425042174114e+00
1.742823248961776628e+01
1.662878931023034301e+00
-3.199203394811137802e+00
3.132423877062301187e+00
6.952273636512008581e-01
2.353346845051166980e+00
1.722761788633533353e+00
9.372348794909107994e+00
5.536424885017897424e+00
5.124276641094136053e+00
-2.012820883969289376e+00
4.885397926382610834e+00
2.734681399138040092e+00
-1.363118713407815097e+00
8.948485816721639452e+00
-1.403098697922063320e-01
1.304104386162074913e-02
5.828063648782954687e+00
9.203295600313941449e+00
6.168447345864839448e+00
3.199020481064521970e+00
-6.814312004850387794e+00
-2.387258085739941027e+00
-3.478570924971850165e+00
-3.182979201650192103e+00
2.664485978985736470e+00
-3.405444918351076211e+00
-1.711383329592483182e+00
-1.733453210829721591e+00
-1.699684743189326053e+00
9.406920525830347657e+00
-2.332578579294152799e-01
2.180427183186704809e+00
-3.129525407823267713e+00
-3.347516942638565585e+00
5.695826975410342996e+00
-8.040041203818555360e-01
3.867430113463805164e+00
4.878677087438671123e+00
3.140873825181939027e-01
-7.642963610945269215e-01
5.687596522497218032e+00
3.953442295362133763e+00
2.356108173077612111e+00
-3.844142586224769342e+00
1.046411135117632396e+00
-1.934490019982301412e+00
-1.197362579274788397e+00
-1.367838537878656613e+00
-3.464868241419770456e+00
1.818264024140177071e+00
-9.412802816873778733e-01
1.283736272689862901e+00
1.917744549692623313e+00
4.483624892923505634e+00
-6.725988337181336707e-01
1.689129521377890519e+00
4.726477613472710892e+00
-2.275348541785409573e+00
9.435283843683338389e+00
-5.763147897554972143e-01
-2.740063951358736372e+00
-4.868747232004627890e+00
-2.386938616393337931e+00
-1.108901647244487476e+00
7.936716173636453320e+00
-6.252271837786448572e+00
-1.503973184089091308e+00
-4.341306097340835279e+00
2.821567506461015729e-01
7.588551282453514624e+00
-2.364759220223838554e+00
1.208228925071522930e+01
2.087429018838125039e+00
-4.847779093289483754e+00
1.887537003376551326e+01
-1.745646867783304801e+00
-5.860262696210305045e+00
-4.870921866353970842e+00
6.905128010727947796e+00
2.394345410693889065e+00
9.355019127271708257e+00
-2.190280852136116674e-01
-1.431169826906838916e+00
4.199829887175002163e+00
1.940907693205194962e+00
3.662457185962707529e-01
9.182436850187675859e+00
9.563711257345177685e+00
4.530384459186061363e+00
1.392831431923747587e+00
1.166605524035014518e+01
2.875759031680864553e+00
1.664684428029657326e+01
4.076906061287660421e+00
-4.702102096403727671e+00
1.313734363919811798e+00
2.577241486785639779e+01
2.409817746887833678e+00
5.720993281115616114e+00
-1.035083807300605008e+00
2.325818149173584537e+00
-1.417935021736746792e+00
4.736282882221884982e+00
3.212643097806333614e+00
2.926174131721142935e+00
3.788063454193080215e+00
-4.735527573723445016e+00
2.024449570161097611e+00
-2.571558203653557584e+00
7.600427176457786871e-01
-4.037427224157161376e+00
1.500008415857012056e-01
3.954130924109757306e+00
-1.534871945697758422e+00
1.352137551640487212e+00
-3.418089902921162881e+00
7.099582452204716176e+00
1.030625599670696957e+01
4.421550708410071806e+00
-2.353821851630672590e+00
-2.915573818275994267e+00
1.261724978727872148e+00
8.652799395187276144e-01
1.354786975148830619e+00
-2.070666456800299149e-02
-4.694182274049206072e+00
-1.292068374405808573e+00
3.016997136422643777e+00
-7.836423420413574092e-03
1.334218096666599607e+01
2.208295863870096909e+00
-4.143544239465036583e+00
-2.655378868510885670e+00
-7.763670646606108505e+00
8.403816400630937267e+00
3.258337154970470273e+00
7.180843452873337807e-01
-1.918408906650165058e+00
-1.071050389661550639e+01
3.518061234621412403e+00
-4.520585499367443028e+00
7.401203202940623171e+00
3.146717016835412384e+00
8.453947654358376695e+00
-6.535048265154892455e-01
-1.328845312766841591e+00
4.254993007102138236e+00
1.632973549335016372e+01
-3.241558174704898043e+00
1.626853717356621232e+01
-1.051809803549024869e+00
-6.751086248292428316e+00
9.787086136619935317e+00
-7.289721150511344616e-01
-4.341626977366265905e+00
-4.377823666953827519e+00
3.034022816209870133e+00
-1.115933124832194778e+01
-2.908233092779270557e+00
8.673152751426904672e-01
2.110341999619835818e+00
-2.859035841549981694e+00
2.758470656469730997e+00
-1.702525971905041846e+00
1.886977712373474114e+00
-5.928573959098711876e-01
-3.974535222656109035e+00
2.507225617159266395e+00
7.079835832312427968e+00
1.512647624970814730e+00
1.176566461984202050e+01
-2.394722382824140183e+00
-2.192649137646271562e+00
-3.431007541303039421e+00
1.809628638329463257e+01
2.586525174111626484e+02
2.829116891682784853e+02
3.569093067916227824e+02
3.650100829642419740e+02
2.822721543131815451e+02
1.825408290260920197e+01
7.689810987107927076e+01
4.849329346197591661e+01
-1.358149562331011140e+01
3.099106887409805609e+02
3.136128008492622712e+02
4.435416354829980037e+02
6.162136346334366266e+01
6.199619394912425463e+01
3.622174745745718951e+02
4.940593409624974441e+01
1.859333802416766730e+02
4.375550722642476558e+02
6.466503398434203120e+01
2.514441506435726410e+02
2.955406387459993880e+02
1.766760764238788113e+02
8.420732267728199361e+01
3.239241147780212486e+02
2.407937903911457909e+02
1.311319012753570803e+02
3.098464770727348991e+02
1.641298450713088357e+02
1.168751485838709527e+02
5.401259533590926765e+01
3.218136888103238391e+01
3.634138181826636469e+02
3.924410633558380255e+02
3.649495995227504608e+01
8.166755081610681088e+00
4.533817112835380385e+02
2.807179348141311692e+01
1.234981087795334815e+02
2.590740379059405427e+02
2.635371340667735467e+02
2.826852856397264873e+02
2.741461944705130236e+02
2.617681445906389968e+02
3.020810037045660010e+02
2.531591201739942960e+02
8.153010302144349453e+01
2.756671903241299333e+02
3.470402040244372301e+02
3.781544168599104978e+02
2.898367905855701565e+02
2.139841007210094688e+02
8.845512039440536967e+01
2.559054747063739228e+02
2.479280426538448410e+02
2.581397253576380990e+02
2.448577359527444059e+02
4.028555176493860017e+02
2.037855656849578452e+02
6.868648965834240983e+01
2.657301714653137310e+02
4.521762132874688973e+02
2.738299072645775141e+02
2.470182052116897466e+02
3.520186475940204787e+02
1.108251800662852915e+01
3.686280389546238894e+02
3.030938409200539354e+02
3.054809779246702988e+02
3.479507995017868325e+02
2.245289114707880742e+02
2.652196865481922714e+02
5.051647927914576144e+02
2.306831307671030231e+02
1.916891379230226846e+02
1.857166834982281785e+02
2.008785386943218327e+02
3.854174605011389758e+02
3.611907691786724399e+02
3.777828251709633491e+02
7.891798464748966069e+01
4.695768479314111232e+02
2.584739924745003918e+02
1.001153755030655361e+03
1.655072431608177510e+02
5.120692393197019783e+02
6.063109702147136204e+02
4.649330151762543437e+02
2.188658197737767068e+02
5.236920394235283993e+02
2.052203928503215593e+02
6.230596898337439598e+02
8.239674320124080964e+01
4.276623899712583352e+02
4.434157734205890620e+02
5.351054455212743051e+02
4.071356832546962892e+02
1.080869946437552045e+02
4.746573868228696824e+02
6.097432118176353697e+02
4.027019539017649095e+02
3.076455750379998335e+02
3.113240333288458928e+01
4.257316204452795887e+02
4.028870927556455968e+02
4.974279649778053454e+02
4.890879742740050915e+02
1.037426283800835307e+02
8.489173677058875001e+02
3.883600726132597742e+02
3.642849536337862446e+02
4.465679643100554017e+02
6.258783215156274764e+02
3.978762234390219987e+02
1.298296925836490345e+02
2.804429676118079442e+02
3.552512919304578531e+02
2.949563595616522207e+02
3.952111233306183067e+02
6.202463505683500244e+01
3.708050675436400070e+02
4.299673653306076631e+02
3.374708135686693709e+02
4.563099862397399988e+02
2.140369483720862220e+01
1.062525184839329739e+01
3.627446330312828877e+02
3.769462939915301831e+02
4.542494823816483063e+02
2.749389219671038518e+02
2.891630178185748150e+02
3.073245719008589276e+02
6.641976190763321597e+01
3.233221054084441448e+02
2.210703824748222814e+02
3.493801773214485706e+02
4.434862752839766245e+02
3.127909234806953123e+02
2.606446995629567027e+02
3.999655363742029408e+02
3.788239161475154901e+02
2.474723899462770191e+02
3.230539679925651626e+02
3.445686334502033219e+02
1.666111360685442548e+02
2.668050521892159281e+02
3.594948769393433849e+02
2.421962127210617837e+02
2.690836210325222169e+02
2.498207985568915888e+02
2.992216034935381686e+02
2.847211553766651377e+02
4.334051711178396431e+02
5.035238654691455054e+02
3.498319622525424961e+02
3.651771980792364616e+02
1.217778327432396992e+02
2.862852480170807326e+02
3.591389229381627501e+02
3.528597257194623467e+02
3.666690301935022944e+02
2.880111410589669845e+02
9.690755875781623274e+01
3.000094825803186609e+02
3.155534160636832439e+02
2.533954005265401577e+02
2.832950276177708702e+02
3.740371003097239821e+01
2.046898787044497112e+02
3.387568213168034390e+02
3.135881495706573219e+02
2.927718734563161433e+02
3.048757510289560742e+02
3.110255417846955197e+02
1.094690453857857335e+02
3.113577871811176010e+02
3.814133790168419864e+02
3.017644048446405804e+02
3.015198828958310742e+02
2.825884400214690118e+02
8.546973713518652005e+01
2.324821559483767146e+02
4.155332702316975428e+02
2.267182632480889311e+02
2.786321797929688842e+02
8.168994077161926270e+01
2.373785240385342945e+02
3.755734441065711735e+02
3.020695830204016943e+02
3.677506446494447090e+01
3.861400135424733548e+02
2.124319657567133390e+02
5.302247058708383065e+02
5.164735051505506362e+02
3.834651559520222008e+02
1.382843462493594302e+02
2.723672160661329258e+02
4.903356763999788654e+02
3.510619219972331848e+02
6.106134286460199974e+02
2.259302826585075508e+01
3.808127713561694918e+02
2.329403351209250559e+02
3.864252533831894993e+02
3.130358150958028887e+02
5.423852297503616455e+02
2.782791230951978179e+01
3.340273799265765433e+02
6.251771806805074903e+02
4.486370631264767326e+02
5.899129545525825051e+02
1.579405020040721013e+02
4.193200011475396423e+02
7.142982566938627542e+02
4.454077865516318866e+02
4.327050314700080662e+02
4.567179426708776759e+02
4.539325932356527460e+02
3.573725934325090066e+02
5.443092124788172441e+02
5.485292564773992297e+01
3.380121449050081992e+02
4.393453864295314588e+02
4.091917705915067813e+02
4.552595112465854186e+02
2.105209668897990127e+02
5.167524077694165499e+02
4.413395720137502849e+02
3.987972974466183018e+02
4.819992701830423698e+02
1.317036201593311375e+02
4.506303376050851170e+02
4.889856157612186394e+02
4.569355545791653412e+02
4.111056061911043003e+02
1.186513681840643670e+02
4.794104501130213976e+02
4.506277814364345886e+02
4.511706376924914252e+02
3.577083181468360635e+02
3.048215043194131013e+01
3.668884763763059595e+02
4.924793267412740647e+02
5.149502023322377227e+02
5.112470318763566866e+02
9.990689596857775712e+01
3.490776004543749309e+02
5.174027760959095303e+02
4.066724154428496831e+02
4.118443973335381543e+02
2.161136624608407715e+02
4.325244253236565442e+02
5.060611875201689713e+02
3.633412805971394164e+02
4.321724840982054161e+02
1.568609049098531329e+02
3.797580752940332331e+02
3.418301487352796926e+02
3.430289234529146825e+02
4.865665969299980702e+02
3.396419724636714363e+02
2.691433977308859085e+02
4.497581596675698847e+02
3.996154724010748396e+02
5.477963096205429565e+02
4.147152616613306009e+02
3.710606135240853121e+01
4.788402933581012917e+02
8.210879390064969812e+02
2.543973329895766540e+02
8.168704519424965156e+02
7.488695731031989453e+02
5.423195023689912659e+02
6.669354403279539838e+02
3.025245613722489679e+02
5.917665768359496496e+02
6.364439215992250638e+02
8.757457923204306098e+02
1.374593866703196170e+02
6.894610352321427627e+02
1.061408053810624551e+03
7.475225393814487234e+02
6.089729695747025744e+02
1.254048574050386605e+03
9.373960785995254810e+02
1.827582392753241436e+02
1.200438019077574126e+02
2.275825366886786014e+02
3.174511241139284152e+02
1.794980619541588567e+02
4.069864305515643537e+02
3.109317280145900781e+02
6.259080701325583505e+02
2.818805351391046088e+02
3.579688802394088487e+00
7.540443410210596085e+02
8.632727377766808559e+02
1.924874589842620765e+02
8.155720904145531449e+02
8.764621849182520918e+02
3.366572451471739100e+02
7.722551011287681604e+02
5.038053717293639124e+02
6.622161729328560114e+02
3.878341169776776383e+02
6.341286478629432395e+02
6.801052008469739576e+02
9.329916393100857022e+02
1.857693456892951076e+02
6.255337220539545342e+02
5.922822926503167764e+02
4.353894523847462779e+02
6.665940216624511550e+02
1.945310962735972851e+02
4.506003052389190202e+02
8.844645811687394144e+02
5.025807480397836571e+02
8.315084716543188961e+02
1.662312019108651739e+01
7.672965383398243375e+02
6.917877881646015794e+02
5.879550317879948125e+02
6.383093726792744746e+02
7.196461727530610233e+02
4.989352519681322065e+02
8.257013649488839064e+02
1.539503185160534144e+02
8.644548273418079134e+02
8.313464188465037523e+02
6.611087391225247529e+02
2.409459104597256101e+02
9.025373623302979240e+02
2.589248491034989570e+02
8.320820010058740763e+02
7.823444281587763953e+02
7.561121531647802385e+02
7.694935090257347383e+02
7.099677327097483612e+02
2.824873959932958769e+02
8.321880320261818724e+02
8.436667470037524481e+02
8.577716492707261295e+02
2.484253773729657553e+02
8.788601291059777623e+02
1.071896746842402081e+03
5.280867527053469530e+02
1.479972366122096901e+02
8.293796489397176401e+02
7.990296447229112573e+02
4.866057576627665640e+02
5.445385419644022704e+02
6.669698313604485520e+02
8.620608504682312514e+02
5.867862953334364420e+02
2.336192445840011374e+02
7.007307837661965095e+02
5.860368342251027798e+02
4.900269562271574841e+02
3.641698196444983182e+02
5.919433962595733334e+01
9.438539420113045253e+02
1.135805887507215459e+02
8.627465301408124105e+02
4.557936737330432493e+02
6.070586324120168911e+02
5.548986573324291385e+02
8.039872143710978207e+02
6.666096507662182375e+02
3.218882551030819172e+01
6.598372222900135284e+02
7.827487734025736472e+02
7.471312856850665867e+02
2.814716151110559963e+02
5.430880066788662361e+02
7.227253036785500626e+02
5.422487948027455786e+02
4.384281097872185455e+02
8.613626275964237493e+02
7.972600340430279857e+02
7.174899881279293368e+02
3.672329808970848148e+02
6.416740109529614529e+02
7.056210846830209675e+02
9.008683610240558437e+02
3.339516512351321467e+02
9.093851652623683322e+02
4.003254291778439438e+02
9.871160541122817449e+02
2.823301252947533158e+02
9.572956036115238021e+01
8.112053915435811859e+02
1.057708194662948699e+03
8.947541514913727951e+02
1.927364742923902270e+02
9.254385745735916089e+02
6.846479944462313370e+02
1.515000254161186604e+02
3.219733581924743362e+02
5.673463176535323100e+02
9.945828248858304050e+02
9.346843764959494365e+02
1.302381951305835344e+02
7.747319612429045037e+02
6.092440861093739386e+02
8.692522773550022066e+02
3.019483098770140828e+02
1.103324769367315412e+03
8.496320023180018097e+02
7.713732972762865074e+02
2.824970692689289464e+01
1.347221134597800528e+03
8.527112648852159964e+02
3.904863941756037207e+02
7.468463737479472684e+02
6.385976020630545236e+02
1.030137597113336597e+03
1.121989392474682745e+01
7.122904772105836173e+02
8.271370452852138442e+02
9.631601665760307469e+02
1.792874139282496344e+02
7.931032467479922161e+02
9.318327192616402499e+02
1.050176097027707328e+03
5.093369195621921364e+01
8.192166919490671262e+02
1.101717768283266878e+03
9.406181887073150847e+02
4.074951282785886519e+01
8.279852630311875146e+02
8.025081214897912787e+02
8.196625912740659032e+02
2.206189211529603540e+02
1.029317882755343362e+03
8.543992737118786636e+02
7.970765110222047269e+02
1.759163438535161106e+01
7.666565884513009905e+02
7.436958911381573216e+02
7.124758785424805865e+02
3.971877130340213284e+02
9.993863910283461109e+02
7.983259869741708599e+02
1.120747389617419458e+03
9.571127409875875856e+02
7.408112806785275097e+02
6.518659297959925425e+02
1.382131907948569278e+02
9.928936684820766914e+02
1.025912162653892892e+03
7.646242522496569336e+02
8.928090760386395459e+02
8.079208276214517355e+02
8.623955678633785737e+02
1.908865491649647481e+02
7.171655691213486534e+02
1.554380959997194395e+03
7.416723475163466901e+02
1.215579210773910063e+03
9.290200946623459686e+02
7.472806012391163222e+02
4.012942720823343024e+01
1.055097735556308635e+03
1.439005004093947264e+03
8.047231294119703762e+02
1.221025408129450852e+03
7.104177995249850710e+02
9.314942849073288471e+02
1.209515072824012577e+03
6.071861146376691067e+02
7.676154442054344145e+02
1.756414251011479791e+03
1.437139820780669652e+03
6.725692303171482536e+02
2.945803341274586273e+02
5.533782117183515084e+02
8.086238955664795185e+02
8.328497203895855137e+02
3.295603452392505233e+02
8.230587096659204462e+02
7.603683084932250722e+02
1.181262308785924915e+03
7.539780338078446675e+01
9.052306920111462887e+02
1.289048431076609859e+03
6.628809559060173342e+02
1.528256434581188159e+03
9.714112840678691327e+02
5.877975267127909547e+02
1.247647355560335200e+03
6.970934567955754346e+02
6.272479981491129593e+02
1.467743856526306217e+03
1.258704007971914507e+03
1.839663900506184859e+02
8.036471179642984453e+02
1.374782136264222345e+03
6.056205881426234328e+02
1.153226377588055811e+03
3.235160902466135440e+02
1.167470876972956376e+03
9.708513525379112252e+02
1.136251544496150245e+03
8.368028395564696211e+02
4.497242528161036148e+02
1.642549710605413111e+03
7.221635617715922990e+02
1.456136044645743368e+03
1.449469607185908899e+03
1.748045696822745469e+02
1.751775615095196827e+03
1.133157274204760824e+03
3.222869305942731444e+02
1.549998140745530918e+03
7.823496154953489850e+02
1.854650903282895115e+03
1.260051752547329897e+03
1.389321481963043880e+03
1.359246518565792712e+03
2.424266858512845602e+02
1.203925750184835351e+03
1.934076796520656217e+03
1.313036885656862069e+03
1.268882475027525970e+03
-2.830837808582719006e+01
1.048155525269092010e+02
2.201587974933886926e+03
1.010381865281620549e+03
1.476835587256387953e+03
1.171558053883888306e+03
1.245388154233462501e+03
1.267970087809767392e+03
1.192184938902246131e+03
1.438631675264278329e+03
1.433365542644608240e+03
1.216699733413355489e+03
3.040022748912521138e+02
1.598812751749408562e+03
1.346481344574185869e+03
6.287495219789457224e+01
1.568540121331380533e+03
1.245916364528569829e+03
9.914394731514511250e+01
1.016554808296835404e+03
1.895462037975692510e+03
7.841975652880424263e+01
9.190257605434313746e+02
9.311848062326179161e+02
8.949839207984553013e+02
5.740542149624813106e+01
1.198726752265431514e+02
9.446390265337787469e+02
1.238501592559873870e+03
1.934402444120432847e+02
2.652967933815173637e+03
5.517025356490634067e+02
1.522872362050905167e+03
1.482277258781603223e+03
7.544562994130966160e+01
1.194388368785781040e+03
1.049951114259605447e+03
6.045911955038989163e+02
1.117435788064054350e+03
2.228463573922079831e+03
1.716072787239810168e+03
9.163923994285964909e+02
3.951149342783178326e+02
1.766224542795144771e+03
1.116042506502216611e+03
1.205265548523138648e+02
3.224163751946653974e+03
9.820964242801200044e+02
1.692421872920076794e+03
2.578432099993500515e+02
9.011287316167730523e+02
1.150442261748263718e+03
9.798495362629120109e+02
1.269048239626406485e+03
8.670341858566035853e+02
8.920777359980664869e+02
3.171710661700734818e+03
1.615498833019322774e+03
1.085575715891807022e+03
2.942137064149497405e+02
1.039413991970400957e+03
1.048403209677372615e+03
9.317276957399994899e+02
4.802973596923703070e+01
1.022894467379387265e+03
1.752015661794091102e+03
1.615227510651217528e+02
5.717025681625830202e+02
1.247876040427953967e+03
6.369434852348985032e+02
4.365563120824245971e+02
1.026842013420396142e+03
8.123725882065400583e+02
1.114383853713082090e+03
1.413349483843025610e+03
1.382081128568777785e+03
4.265084717958883971e+02
1.451570053254610684e+03
1.066066682089171309e+03
5.802172530772908203e+02
3.409196384511792530e+03
3.606180970247394725e+03
1.205180995797863943e+03
2.177845218460647629e+03
3.490794232914173790e+03
1.438102186571468565e+03
8.865709498999261768e+02
9.007152316466673483e+02
3.408860962786275195e+03
4.734722115280182919e+01
3.800799490417616653e+03
1.028984680162695668e+03
2.406543937599258243e+03
3.713516796819556475e+03
3.540499490115357275e+03
4.520318047569367081e+01
1.448127174753961299e+03
1.812169816593184578e+03
1.116122852539856012e+03
1.312592434189465394e+03
4.111474003523742340e+02
8.467564238425194389e+02
2.495890075264844654e+03
2.638053981160224794e+03
8.277654938311769683e+02
1.540462336564409497e+03
1.311215705377568156e+03
5.231837751497505451e+02
1.828711217400892792e+03
1.387879585094075992e+03
1.080069273974661286e+02
1.536453774188003081e+03
1.158177613639384617e+03
7.473042821535672147e+02
1.690692361706191605e+03
1.731606758748688890e+03
1.776010043854628975e+03
1.836221235203136303e+03
3.693946093977396231e+03
1.668117711009168715e+03
1.017515088985304146e+03
6.357641730266258264e+02
1.773244848734443849e+03
1.691874486361622758e+03
2.326980590022826334e+01
1.373891480806166555e+03
1.501661680675465277e+03
5.353107729165396904e+02
2.498018389423288681e+03
7.029631259172450655e+02
8.750936164732083000e+01
1.643017062409065147e+03
1.089110260449557700e+03
4.235009082668001952e+02
8.126390139731760200e+02
1.347877884795442014e+03
1.310970068259706068e+03
3.344730208788545497e+03
3.376396493913021004e+02
2.154038932452267545e+03
1.234953196347385756e+03
1.053520531292024771e+03
2.408827380906022427e+03
8.438236019975641966e+02
2.497318556580358290e+03
2.579585824174718255e+03
8.940278828291314994e+02
3.622162225523010875e+03
3.579680247938975299e+03
3.546050934438422701e+03
2.741680707155463551e+03
7.381395180869383239e+02
3.643947524879167759e+03
3.494888896361646403e+03
2.755575244934906095e+03
6.938633252212104026e+02
3.510052645841648427e+03
2.725013333396492271e+03
8.692428040829081510e+02
3.737886617460567322e+03
3.676121382274693588e+03
6.669365383077307570e+02
2.314345789544088348e+03
5.584481523287059872e+02
2.131697428923119332e+03
1.425002590641356846e+03
3.563209508240338437e+03
1.185662170636258423e+02
1.109657564650418180e+03
1.727011429711430537e+03
5.593645052637479012e+02
3.707545430814441715e+03
3.572707857191332550e+03
3.590307667170584864e+03
2.257964665467840405e+03
1.209479179151208882e+03
3.587328462397764724e+03
3.748116001861920267e+03
2.297498287985170919e+03
1.181665132102697271e+03
3.663586527910687437e+03
3.754335517374287065e+03
2.989330205344131627e+03
6.076885407601574798e+02
2.125514620400618696e+03
1.467249389596702940e+03
2.329369639224721595e+03
1.344944586639508316e+03
3.663926844871595222e+03
3.923934460650668825e+03
3.790432524119189111e+03
1.683296462519668466e+03
1.980865503221902145e+03
1.307074395056471076e+03
2.307748500745560705e+03
2.286688369097886152e+03
1.325533776160017851e+03
1.536478962175446668e+03
2.192487967491510972e+03
3.809208103505739928e+03
1.660028204969732542e+03
2.068242067725022935e+03
4.014817872181414714e+03
3.138580625134116872e+03
4.441070715002238671e+02
3.887970666269317917e+03
3.676422014531721743e+03
3.821599090875060938e+03
3.729648527193187419e+03
3.925465575912776785e+03
3.838441899321485835e+03
3.815107356268626972e+03
4.029447641143903184e+03
1.405531407368177952e+03
2.160704220203181649e+03
3.520469553588278359e+03
3.914267384215750553e+03
3.687372526693598957e+03
1.145729777639335225e+02
3.862920143214445943e+03
3.971707122792126938e+03
3.833741315105939975e+03
9.490064313734777102e+00
4.012112026222787335e+03
1.614491764756192183e+01
1.210428941617318976e+01
3.786663687872740866e+03
4.102340480197473880e+03
4.029349829181233417e+03
4.077304049366913659e+03
1.918355447113506784e+01
3.928804091916951165e+03
4.031317908343901308e+03
3.976007602596010202e+03
4.029360851554370129e+03
4.107148935574606185e+03
3.981700472402358173e+03
4.110798954243291519e+03
4.354957412459636544e+03
4.033905240788040828e+03
4.103743400640038089e+03
4.039509246007671663e+03
4.067748467385830281e+03
4.030621198620680389e+03
2.246165483918105110e+03
1.855866542436167492e+03
4.074110280866720586e+03
4.097410931321632233e+03
4.282783784827341151e+03
4.159558800837321542e+03
3.952653317281728505e+03
3.598050234035378026e+01
4.116699428440215343e+03
4.151879770888297571e+03
4.146948699372931515e+03
4.241083370007639132e+03
4.120844701065407207e+03
4.141873166847033644e+03
4.046300822755282297e+03
2.156067375674410414e+03
1.546569759949992886e+03
4.210033146396291158e+03
4.349772837152362627e+03
3.138651303105281841e+03
8.499393163593687177e+02
4.293982613327279978e+03
2.000961258600208112e+03
1.812961792698475847e+03
4.220936964368507688e+03
4.163877547129895902e+03
4.256261426337192461e+03
4.083176785973631468e+03
4.294659004262376584e+03
4.221004525975115030e+03
4.173274602676689938e+03
2.539375801787541150e+03
1.258933412787629777e+03
3.484047732486738369e+03
4.402567385853304245e+02
3.980572113887023079e+03
4.100003665727804218e+03
4.181636783667568125e+03
4.076693725185501535e+03
4.311333418877689837e+03
4.162764902782085301e+03
4.251328812991860104e+03
4.250499221592577669e+03
4.256867002917614627e+03
4.156346731473840009e+03
4.161049174726884303e+03
4.255230328822567571e+03
1.762578916458396179e+03
2.163672487580214238e+03
4.085961332852613850e+03
4.242743754732084199e+03
3.938067993302127434e+03
7.469832226256696117e+01
4.129946525082465087e+03
4.197386274762833636e+03
3.086232992813778765e+03
9.170501568510716197e+02
4.208250823084570584e+03
4.027152512746660705e+03
4.252892766204934560e+03
4.337758210779294131e+03
2.465328956057055166e+03
1.531632844372490354e+03
4.081646734302712048e+03
4.199401572148758532e+03
2.404972358739123592e+03
1.367767393777728785e+03
4.193009451427050408e+03
4.242606942844354307e+03
4.320205568856036734e+03
4.299349405405820107e+03
4.378963241937033672e+03
3.571231654863310467e+01
1.114796532134087528e+02
1.142263120189559942e+02
2.954706644043014421e+03
4.154938753270801499e+03
1.032170327622047580e+03
2.635538381789880987e+03
1.433355412862232185e+02
6.532297717672713944e+00
3.862056855307820570e+03
4.848107315001594486e+01
2.764467425979948416e+02
2.995399106488450343e+03
1.205449440559203538e+02
2.895675843750800560e+00
7.996094103935698172e+01
2.142008364413170085e+01
3.184193266016093730e+03
4.318819127625624787e+03
4.178866955193769172e+03
3.996251424656242307e+03
-1.000996565231334046e+01
3.567064006957569745e+03
4.392336149961199226e+03
4.434754410884295794e+03
4.245214852812559002e+03
4.296809687360628232e+03
4.238435405082085708e+03
4.270345898020660570e+03
4.238970160235170624e+03
4.337634458798768719e+03
4.326074185316864714e+03
1.740086058142798947e+03
2.387987371299225742e+03
2.646763968347808714e+03
1.511126375039814093e+03
4.360861229449071288e+03
4.236865469131588725e+03
4.305365439629779758e+03
3.519321253875097682e+03
4.888713619150485101e+02
4.369158652119946964e+03
4.337508967993617262e+03
4.344765562664069876e+03
2.074250661797187604e+03
2.066208044112182051e+03
4.405499745543055724e+03
4.380493455244299184e+03
3.246301456296657307e+03
9.102807077933014170e+02
4.397688080958168030e+03
4.388108722193447647e+03
4.563363965200678649e+03
4.283463504174320406e+03
4.342646705597720938e+03
4.676907732895906520e+03
4.383804965414924482e+03
4.448747078574609077e+03
4.094875580024994633e+03
1.080999538747714155e+02
2.032708921106811658e+03
2.125302169034364397e+03
3.176113642461797554e+03
8.103566968403264354e+02
4.529048414686833894e+03
4.485734188684943547e+03
4.510340078463087593e+03
4.515261945795449719e+03
4.424416692699376654e+03
4.595967323993881109e+03
2.255831838813601735e+03
1.818574939306383385e+03
4.590845771252263148e+03
1.596519790690334503e+03
2.538735708413329121e+03
4.581366539742703026e+03
4.581630899315530769e+03
1.634794143004259922e+03
2.594110541849073343e+03
4.634201244707008300e+03
4.691674486743665511e+03
4.746358601329993689e+03
1.686701212679652144e+03
2.490766424748870577e+03
4.445157148411950402e+03
4.697204744206855139e+03
4.587143512567534344e+03
4.697194314692796979e+03
6.728241440714424471e+02
3.582078305304868991e+03
4.757335160115935651e+03
1.759925006033160116e+03
2.562580884951535154e+03
4.720561085740812814e+03
4.745969613779047904e+03
4.722923653441445822e+03
4.816804808789242088e+03
4.792492426687473198e+03
4.570057581348218264e+03
4.668831073959295281e+03
4.720944017801820337e+03
4.542852891256987277e+03
4.857848459754241958e+03
4.746691154328015728e+03
4.765558865917228104e+03
3.901088580385363457e+03
3.963276731868799061e+02
4.842284265738861905e+03
4.658357626970903766e+03
4.771594974702226864e+03
4.628569066602833118e+03
4.824897836488882604e+03
4.792087713011253982e+03
4.778177375436195689e+03
4.762860317883872085e+03
4.631809322562572561e+03
4.818605815174268173e+03
4.706429867868620022e+03
3.834345474162219034e+03
5.924145901921125414e+02
4.805819600068812179e+03
4.763385226432744275e+03
4.829319858456637121e+03
4.686483490885972969e+03
4.907415512328109799e+03
4.712154448201452396e+03
4.948847885024256357e+03
4.821679899671133171e+03
4.790271970468615109e+03
4.916373356197871544e+03
4.854063758346226678e+03
4.865294805275347244e+03
4.897182406012035244e+03
4.857670421580105540e+03
4.252778029201062964e+03
2.771109631400366879e+02
8.086865592833335086e+02
3.626136012825073522e+03
4.719666279980483523e+03
6.187342961831568573e+02
3.773151404055477542e+03
4.941376251377981134e+03
5.013046803367929897e+03
4.886913671374545629e+03
5.031591457246982827e+03
4.951147850451428894e+03
5.036770712338540761e+03
5.087688843652843389e+03
4.927872853293447406e+03
3.210319458180647700e+01
5.036592699163601537e+03
4.856386361336689333e+03
3.008033646553792195e+01
2.112816649955433604e+03
2.428693395641975258e+03
5.026463880704191979e+03
5.046657421267925201e+03
5.046746079533742886e+03
4.907102817925343516e+03
4.925684464093994393e+03
4.942388467043499986e+03
6.095989469824514799e+02
3.918065617667177776e+03
3.025225120784089995e+03
1.349272942154264229e+03
5.050971669682126048e+03
3.280606797835230736e+03
1.263748892567435860e+03
5.037031906117083054e+03
4.941914810819034756e+03
4.542185331999517075e+03
9.133498116635207609e+00
5.690750554502503888e+00
1.134211696918965195e+01
6.384953796018487004e+00
4.844507017966138562e+01
5.136350079173671475e+03
1.328940513641059908e+02
4.624796985525555101e+03
1.702535023412905844e+02
8.861795055483913757e+02
3.011134920252045958e+03
4.994478051616625635e+03
4.893026202112316128e+02
3.969265906956816252e+03
4.917511900872512342e+03
4.820268522101446251e+03
1.558739300359345314e+01
5.067881020718595209e+03
4.961699783345770811e+03
5.143952522048870378e+03
3.461894939207021253e+03
1.017206925789353477e+03
4.516800902548879094e+03
2.818466163932456539e+02
5.098874944783169667e+03
1.989584233797335401e+03
2.637217879412472030e+03
4.874928194070570498e+03
5.119155967985598181e+03
5.025642646974340096e+03
5.119353906398463550e+03
5.121676465689891302e+03
5.268804230676017141e+03
5.165729970878131098e+03
5.027672672825820882e+03
5.159855543474426668e+03
1.704783348625354847e+03
2.780598601168487221e+03
5.940259104172836260e+02
3.881188086022605603e+03
2.167134877301537443e+01
3.823404259818052196e+03
6.625520918934705605e+02
5.116223647348139821e+03
5.032017651173773629e+03
5.131332031345366886e+03
6.818232487839213718e+02
2.277204906604379630e+03
1.017551066328444335e+03
5.034606920758848901e+03
5.078550655636676311e+03
4.892047518412855425e+03
5.099704873845870679e+03
5.153124076149189932e+03
5.205672575056026290e+03
5.083548811540395036e+03
5.091180090955330343e+03
5.041869869902100618e+03
2.977277852333072587e+03
1.598969254362831634e+03
5.082080806238261175e+03
5.037626640563998990e+03
1.688895177637888764e+03
2.422237826079021488e+03
1.761054039910689255e+02
5.104320529450522372e+03
3.288227072863491685e+03
5.455356045264201157e+02
3.757226406205586500e+02
5.118011858955434946e+03
5.160879666577584430e+03
5.195411102493267208e+03
5.121438229915475858e+03
2.218347573477674814e+03
2.445615079300558136e+03
2.368509064611032954e+03
2.126574441194227802e+03
5.144972268479405102e+03
4.587217935286879765e+03
2.711778552523448980e+02
5.083511121200876914e+03
5.151407037689643403e+03
5.144273981244519746e+03
1.247996473542364555e+02
3.052496376368539131e+03
1.882419173496857354e+02
1.469982741249354490e+02
3.048330679645331998e+02
1.493982630237984210e+02
4.636284358523237643e+03
5.103493491297857872e+03
5.245272289940784503e+03
1.733765321836495730e+02
4.525382263857510225e+03
5.105604772647589016e+03
5.172550041595407492e+03
5.196166511825902489e+03
5.290159039098099129e+03
1.772979592924375538e+02
4.527820079890453599e+03
3.683287136838439437e+03
8.714286832378910503e+02
2.041111985554693320e+03
2.532581455721138809e+03
3.363029723363963058e+03
1.201623505841399492e+03
5.186080879675824690e+03
2.496041601027601700e+03
2.087934082437383495e+03
5.173778745172651725e+03
5.307834569180427025e+03
4.964375508294429892e+03
4.433953859777631806e+03
3.558539188134810729e+02
5.159715385980495739e+03
5.234274730962541980e+03
5.123557472376779515e+03
5.137014073757930419e+03
4.528568668193559461e+03
2.550384286339602227e+02
5.153528598166833035e+03
5.211261818860660242e+03
5.235076517136105394e+03
5.161258086416361948e+03
5.085143244561103529e+03
2.230518118185381809e+03
2.374384568273790137e+03
5.181886498390908855e+03
5.069386693975396156e+03
2.237362622788416957e+03
2.491940449562549475e+03
6.850060336473532061e+02
3.900149842603180332e+03
4.194562315220745404e+03
4.906024344160940700e+02
5.177047676238718850e+03
5.213236083029444671e+03
6.383519838039316710e+03
1.813957882577164810e+03
1.450522517937976772e+03
5.234650860646060210e+03
5.208108401859388323e+03
5.267707063943109461e+03
2.058338524864157534e+03
1.824763984488685310e+03
4.048187280666034553e+02
5.114233624296035487e+03
2.557397688528001709e+03
2.026004534486832881e+03
3.902152167219401235e+03
8.011636991766999927e+02
1.467781326225261409e+03
3.174503843037324259e+03
2.410864573830349855e+03
2.261834956872928160e+03
1.102849868239649822e+03
3.633498174188005578e+03
5.442709106149794025e+03
2.406428690723506861e+03
2.308875292495012673e+03
5.344020080803407836e+03
5.398832062404482713e+03
3.332126360904589092e+03
1.314592523910677528e+03
5.278868867671324551e+03
5.265470580107898058e+03
5.237822750034190904e+03
5.326749697738848226e+03
2.210795925827950668e+03
2.508862966277889882e+03
5.478487369077413859e+03
1.520831737905193449e+03
2.221151346886444571e+03
4.486224207312199042e+02
5.309429492226605362e+03
5.138427182486962920e+03
3.178100776532127014e+01
5.259328419956245853e+03
5.322279479005482244e+03
5.345494097512036205e+03
5.122786781135202546e+03
4.201519721672692498e+01
5.304569280690659980e+03
1.895213530175902633e+03
1.464332045849876522e+03
8.687692635663820511e+02
5.353622048236693445e+03
5.317717806924111756e+03
1.865893611043414012e+03
2.941940184810840037e+03
5.408077950947323188e+03
5.452984169033455146e+03
5.425786660086928350e+03
5.470047107827055697e+03
4.897829053194907829e+03
2.314129813475393007e+02
5.436956624646581986e+03
7.158331139069355586e+00
5.465321910031063453e+03
3.916041221614007100e+03
8.376733718722899766e+02
5.303246389362186164e+03
2.936512532707770973e+01
5.346904595145212625e+03
5.375380899226574002e+03
2.665547499462421911e+03
2.213461388025264114e+03
5.362116515199875721e+03
5.495351300051367616e+03
5.471806084610578182e+03
5.348014049859360966e+03
5.398942922046340755e+03
4.092085198794516145e+03
7.301019403705028026e+02
5.333237359531007314e+03
5.115838515824417300e+03
8.435850036318906575e+01
5.362512680475248089e+03
5.359513629828626108e+03
2.089796114082976601e+03
2.715019804295133781e+03
4.680792120677535422e+03
2.972073209756265442e+02
2.884751403051384386e+03
1.895555233279527101e+03
5.416535910559005060e+03
5.434333950191677104e+03
5.498012304461879467e+03
5.302734980515073403e+03
5.408239942472528128e+03
5.464753542406012457e+03
5.307812167545405828e+03
5.403454956204745031e+03
5.359765660422482142e+03
5.441735361688376543e+03
5.337122584960936365e+03
4.229306690287546189e+03
6.419587657539608472e+02
1.306273892603239574e+03
3.461654629211511292e+03
5.443614423957659710e+03
5.436543195097250646e+03
5.323270355977928375e+03
5.497036693695439681e+03
5.436762768904199220e+03
4.602800822744231482e+03
4.110232109620956180e+02
5.538115296651784774e+03
5.434385932547848824e+03
5.509915868390552532e+03
5.512759276612774556e+03
4.271419560433218066e+03
6.856904648728589109e+02
5.508693601602455601e+03
5.378055808769076975e+03
5.447738644523005860e+03
2.438071058979876852e+03
1.480958601576026695e+03
3.681935736342001064e+02
5.540696067381091780e+03
2.983964654883329786e+03
1.962265144430363534e+03
5.551198879862591639e+03
1.528804106730929334e+03
3.326363538843531842e+03
4.315207588575884984e+03
6.689356394419248772e+02
5.070281413321687069e+03
1.447072227202586987e+02
5.582359274655459558e+03
1.282558449063259786e+03
3.559210747325683769e+03
1.729952486110913014e+03
3.224663573662973704e+03
4.312375098865512882e+03
6.743647332968356523e+02
4.523354918034844559e+03
3.705629456309117700e+02
2.568855268083259034e+03
2.200559636150092047e+03
5.217068363579028301e+03
2.377112493955805803e+03
2.443179683164164089e+03
3.069278029026018885e+03
1.760195578165042434e+03
4.453808441215765015e+03
4.198291544709612140e+02
5.566018078988216985e+03
5.569860660791637201e+03
5.138085608440201213e+03
1.326877942339299068e+02
3.713842715698684970e+03
1.114419536055812159e+03
5.517094973206169925e+03
3.513272380574625004e+03
1.333351476444724995e+03
4.828984381998790013e+03
2.927439289086717622e+02
4.246705342438274783e+03
6.270989637807831514e+02
5.627090382924177902e+03
5.456279525037103667e+03
5.601915330811473723e+03
5.550074792553623411e+03
5.564727194849355328e+03
5.451585008702393679e+03
5.558697584543919220e+03
5.532133973390936262e+03
5.591945523115998185e+03
3.329565450000444798e+03
1.616686416882705998e+03
2.795648544553479041e+03
2.006026772546035772e+03
5.593378057312996134e+03
5.504923527037634813e+03
5.624360091775834917e+03
5.535210151408881757e+03
5.595756203717235621e+03
5.453126955231567081e+03
5.680302805113570685e+03
5.564646387374916230e+03
5.630508745690497562e+03
5.651533682289014905e+03
2.253827949571352747e+03
2.693580171112124845e+03
5.612856752224000957e+03
5.471548290936753801e+03
5.099456079063731522e+03
1.380467809734903142e+02
5.667639886947034938e+03
5.689936585044805724e+03
5.531382018753033663e+03
5.606676771570642813e+03
3.647556207379770058e+03
5.074756504286929726e+02
2.900462558025121780e+02
5.612252571489114416e+03
5.494433777212994755e+03
5.639101114284072537e+03
5.748361223985602010e+03
5.622984704714372128e+03
5.760784010731907074e+03
5.682363574714983770e+03
5.722669088795658354e+03
5.628825267927996720e+03
5.594537478806703803e+03
5.681417355829958979e+03
5.730857221660825417e+03
5.686736421486121799e+03
3.486139564040584446e+03
1.409750707137101472e+03
1.695106631689883898e+03
3.409827435585428702e+03
5.661538074893116573e+03
2.660789979439723993e+03
2.385974532860180261e+03
1.051941964742177788e+03
4.118751737771750413e+03
5.757333570166571008e+03
5.783770768884578501e+03
5.649144569010598389e+03
5.608676013851682910e+03
5.578510682365642424e+03
4.386209633891964586e+03
6.135479980805629339e+02
5.810675136375464717e+03
5.676774117523013956e+03
5.817999814451280145e+03
5.489471569083759277e+03
5.756876138956143222e+03
5.799178862094915530e+03
4.316631339945426589e+03
8.127429070633469337e+02
5.765313392037200174e+03
5.860696357991057084e+03
4.873419134711703009e+03
3.343298765801802688e+02
4.298991283835447575e+03
8.272394772584664224e+02
5.239947703912013822e+03
1.174160707663147463e+02
5.570993712444779703e+03
5.713058129563792136e+03
2.857020152512689037e+03
2.218658837426236005e+03
5.764678503226334215e+03
3.830271801087514632e+03
1.183692872757085297e+03
5.306282942717775768e+03
1.799787315082622570e+02
5.693332889629906276e+03
1.732791464851371984e+03
3.478941800484187752e+03
5.821561859156115133e+03
6.487901828669198039e+03
7.508825990930219632e+03
1.323032841068819380e+03
1.407287263804801114e+03
5.782124783184248372e+03
5.823534893546227067e+03
5.808620821623132542e+03
3.849887251320024916e+03
6.981122653116119636e+02
1.628438831720353619e+02
5.863964118713856806e+03
5.691164983786079574e+03
5.741822735466876111e+03
5.751731805952706964e+03
5.251710663714599832e+03
2.102903347156830307e+02
5.832586064996678942e+03
5.773865175429699775e+03
1.089351956577402689e+03
4.006023236678332978e+03
5.649409757226490910e+03
5.860063016025852448e+03
5.933431540081341154e+03
5.873620482065046417e+03
8.202523145324985308e+02
4.105302064719192458e+03
5.610547280107689403e+03
5.103483431045551910e+00
5.768022351443361913e+03
8.654152635497606525e+02
4.246523346875972493e+03
5.827718565193527866e+03
5.863224260172324648e+03
5.881192559258975052e+03
5.861148695813112681e+03
5.784444749685342686e+03
5.821786895234102303e+03
5.705434253375486151e+03
4.418135368415787525e+03
7.433706417428091981e+02
7.884446769200060317e+02
2.279721928095901148e+03
1.432348698225020144e+03
1.573853147774235595e+03
-1.829115557416819193e+00
3.603026360844740793e+03
5.824547266439510167e+03
5.802380347762173187e+03
5.812022258966855588e+03
5.539682156112958182e+03
4.474572080803999597e+03
7.014062576258589843e+02
2.231790591727524316e+03
2.536710080960678624e+03
5.818333581500716718e+03
5.737325121222667804e+03
5.543561778506794326e+03
5.801045490361906559e+03
5.803818329884930790e+03
1.549579840585079410e+03
3.488350350913492093e+03
5.699275345258092784e+03
-2.225787851991710031e+00
5.722047679446893198e+03
1.209539762492404861e+03
3.894057516474480963e+03
1.851243144913123842e+03
2.677764968770250562e+03
1.407474322530375730e+02
3.388700688074674417e+03
1.656020401044395157e+03
5.840273969064008270e+03
5.846719628492262927e+03
5.902037997383534275e+03
5.865264406061361115e+03
1.327652930175416031e+03
3.693156616233946352e+03
1.727610204740537256e+03
3.322181924986233298e+03
5.717320474085528986e+03
7.023052531310955082e+00
2.178291598567677283e+03
2.764752013847464241e+03
5.744380891741366213e+03
5.862583349654822086e+03
5.296857506477445895e+03
1.377380823776740044e+02
5.803166708190262398e+03
5.847668458155362714e+03
5.869646375766938036e+03
5.823018234599965581e+03
5.912838127558191445e+03
5.695521785390682453e+03
5.855508565980941967e+03
5.802555873386528219e+03
5.454437186718231715e+03
5.867522512158188874e+03
5.886293318407478182e+03
5.842797410540776582e+03
5.907104021726489009e+03
5.697867519145421284e+03
5.876249281280563991e+03
3.320832867514872760e+03
1.707405083111242448e+03
5.841728757736561420e+03
5.913930018496299454e+03
5.861218553877414706e+03
5.883350211393420977e+03
5.163811234330294610e+03
2.414671952077465278e+02
3.960585717598530209e+03
1.176731836556244843e+03
4.735304330335881787e+03
5.015432580564490195e+02
5.652965213031427993e+03
5.874812568607711910e+03
5.955159555428180283e+03
5.911855355356570726e+03
5.701015609646470693e+03
3.967205471792121330e+01
5.940773598623269208e+03
5.909718392142623088e+03
5.931180758092928045e+03
5.915004403616952004e+03
3.743126886894473955e+03
1.465134145930094746e+03
5.948516004880655601e+03
5.278857982797479963e+03
2.754403851267742311e+02
-2.196343053349799401e+00
5.865943826230559353e+03
5.926951558210043913e+03
5.893789880701613583e+03
5.827110218265456751e+03
6.018151898757400886e+03
5.873763691775833649e+03
5.735230145863903090e+03
6.015840317348511235e+03
5.807270023261098686e+03
5.931448079984750620e+03
2.316028945858107363e+03
2.894894865038397711e+03
5.940188595911859920e+03
5.794865194024372613e+03
5.984680861186965558e+03
5.841939848232320401e+03
3.252855014279672105e+03
1.945687435812035801e+03
3.756895351809252134e+03
1.445138599909244022e+03
5.887059884007558139e+03
5.873888933025516963e+03
5.784855937784489470e+03
5.765891529444911612e+03
2.367512518512833594e+03
2.848894769658251789e+03
5.890280538988274202e+03
5.958423207124707915e+03
1.131456758785803061e+02
3.910387586252888468e+03
8.414814864756123143e+02
8.849892526402858550e+01
2.029572464063816710e+02
1.023950901220513430e+02
4.286229227086038918e+03
5.994231282742623080e+03
6.019312516779991711e+03
1.810450703384007056e+02
1.967986234659208264e+02
4.705968162941167975e+03
5.977170103733387805e+03
2.076231910633421194e+02
1.969242027554253411e+02
1.485882340704332876e+02
4.124195324493894077e+03
6.018379987514757886e+03
5.953157451064109409e+03
5.992548116261609721e+03
3.292283430107177537e+03
1.912974315497202269e+03
4.016452391039078975e+03
1.112453317544812535e+03
5.831918947201729679e+03
1.065633836997050032e+01
6.025581581794270278e+03
5.957977996956966308e+03
5.892178695448886174e+03
6.007337636403781289e+03
5.305784560924516882e+03
2.595007094661369251e+02
6.026920871592888034e+03
5.997678107895120775e+03
3.263107109037400733e+03
1.858339736627118782e+03
5.963162256295698171e+03
6.101481249482981184e+03
6.024290759716552202e+03
5.010477009539265964e+03
3.789819984564355195e+02
6.017572203982861538e+03
1.207460892215005060e+03
4.009275988531033363e+03
5.940427817058554865e+03
1.899042023827391176e+03
3.338555780463665997e+03
6.091841933683532261e+03
4.382731126441092783e+03
9.007037471995669193e+02
6.025685479768323603e+03
6.017035392070077251e+03
6.084236541935450077e+03
6.007018524300914578e+03
6.011060758634092963e+03
5.983933739730172420e+03
6.088583256546416123e+03
6.083271203831617640e+03
1.352450634266429233e+03
3.863945647780155014e+03
3.439063935582833437e+03
1.846048078437576578e+03
6.102209105599533359e+03
6.046517410016900612e+03
6.015454798116355960e+03
3.925827499032854121e+03
1.435857775446450432e+03
6.078656085941194760e+03
3.925687230698403255e+03
1.349227617375053114e+03
6.142992928369283618e+03
5.898484998122059551e+03
1.045313400305772333e+01
6.063947845169211178e+03
4.797393043621817014e+03
5.941267879481806631e+02
6.056468250564840673e+03
6.101583016691235571e+03
4.805690851429619215e+03
6.478688964447562739e+02
3.346824585134255358e+03
1.844098795351076888e+03
1.971604435170143432e+01
5.302544958932820009e+03
2.904379982868220509e+02
2.373188059660245017e+03
2.890017114769247200e+03
3.374083403965202706e+03
1.930354371051096450e+03
3.332480605933344123e+03
1.983540297098159272e+03
5.342747925730927818e+03
2.198929032723139869e+02
3.905572687138124820e+03
1.308799091586200348e+03
2.855688444462834468e+03
2.462160191077763102e+03
6.116604246375998628e+03
1.824059647206503769e+03
3.413858974631816181e+03
4.908252361530492635e+03
5.504574659181212155e+02
4.309606308950037601e+03
9.480283601946446197e+02
6.047028444729800867e+03
2.429300951447772604e+03
2.370134819076054555e+03
1.294965632507098405e+02
3.386969181082765772e+03
1.962131444747637488e+03
6.156704016565424354e+03
2.320023902538774564e+03
2.946680513892053114e+03
6.084073824739147312e+03
3.424439130517615922e+03
1.843980711001527652e+03
6.093713166187812931e+03
4.282037260879484165e+03
9.957214011153939737e+02
6.130265248617894940e+03
4.407538026067963983e+03
9.169215873511678865e+02
6.000168792521297291e+03
6.021439266488001522e+03
6.103662230197450299e+03
6.175295747777308861e+03
6.170320896444571190e+03
5.973758499566785758e+03
6.037823184625128306e+03
5.914380737980103731e+03
6.086613487632131182e+03
3.792744506570476915e+03
1.578696426842789151e+03
6.172961083171731843e+03
6.169668579801289525e+03
6.068715670673921522e+03
6.144851233947783840e+03
6.060186730285599879e+03
6.147337286183209471e+03
4.396608345994201954e+03
9.237648517630810829e+02
5.962291773644028581e+03
6.137119869957760784e+03
6.151290585792453385e+03
6.065147667691860988e+03
6.023719491572246625e+03
5.985812474581221977e+03
6.163292835198613830e+03
6.081550154139313236e+03
6.084303846352440814e+03
6.169821978949952609e+03
6.163738724832162916e+03
4.403126256838982954e+03
1.053025764019594590e+03
6.245725331015477423e+03
6.170232974251772248e+03
6.167048914630270701e+03
6.113397384784280803e+03
4.797276640957052223e+03
7.193442849712538418e+02
5.913265858395938267e+03
6.216115335246366158e+03
6.030227574180134070e+03
6.163102757554240270e+03
6.166785188899688364e+03
5.998812370502032536e+03
6.230780747039085327e+03
6.090615472099429098e+03
6.108636956347399973e+03
6.131837585836811741e+03
6.041406157371776317e+03
6.164878240344351070e+03
6.011253176349380738e+03
3.018737511882086437e+03
2.331297559231642026e+03
6.156507768588972795e+03
6.121585878971774036e+03
6.163799550286285012e+03
6.181057169086449903e+03
6.166412669908096177e+03
6.075980121831858014e+03
6.075781955277991074e+03
6.188473994734597909e+03
6.169527359496415556e+03
2.185506239346379061e+03
2.949175299243516292e+03
6.106332137991809759e+03
2.204125439484617800e+03
3.167518880784695739e+03
6.158750420747881435e+03
6.156709666036136696e+03
6.059331769927963251e+03
6.142113533497752542e+03
2.380977994575524463e+03
2.958799011530323241e+03
6.124010669260525901e+03
6.046617449529127953e+03
