2.535131146866758911e+01
6.816761136497477835e+00
3.737614195967933028e+01
8.077309959282658269e+00
1.222715052588523754e+01
6.083448346624836134e+00
1.034223402252071722e+01
1.524226330643306504e+01
2.818556718450966159e+01
7.184071590869296031e+00
1.843994557039730253e+01
2.077130256086968174e+01
5.239488571673106776e+00
1.434519912598223890e+01
1.114643672820418452e+01
4.449946600273086972e+01
1.259856671338099154e+01
1.023575358481227227e+01
1.545651814805620639e+01
3.795840309532113821e+01
8.769982193557937933e+01
1.258791167746153761e+01
1.362251484841415738e+01
4.325704858945680087e+01
1.252632275048281407e+01
2.988587185026293014e+01
9.761738078570910915e+00
2.025685119651298294e+01
9.776840447642170417e+00
2.007689714063532804e+01
1.326225337832207458e+02
7.439047330399245261e+00
2.002484767228748552e+01
2.468950553282979143e+01
3.847577354024883078e+01
1.072463403069356325e+01
7.435718760295655372e+00
8.623603431706541755e+00
9.900830190594980706e+00
2.475617645824093671e+01
1.135100084375723917e+01
3.983563487711589346e+01
1.328896387306859239e+01
6.820008112132843792e+01
1.832596008916650376e+01
1.533186877201293186e+01
7.912435651653000335e+00
1.477622446215274188e+01
1.863313425762257580e+01
7.562874152819046181e+00
1.158463388764385904e+01
7.903507275117347852e+00
9.535019890786420760e+00
5.294193639062318546e+00
9.379019143795868985e+00
1.144633194895550332e+01
1.348826676497795951e+01
5.991754295076263759e+01
9.289873392101343441e+00
5.559507105285964812e+00
3.007221826118889396e+01
1.490020450003625108e+01
1.281841610810194787e+01
7.899693824289163224e+00
1.129135843653320137e+01
7.847381716335736002e+00
5.275616893240322902e+00
3.049556652927685718e+01
1.083360243564628078e+01
1.034101385766696346e+01
9.492644968368630032e+00
2.176349483755961955e+01
7.075395031935523882e+00
1.003685249494521514e+01
1.818075289726109744e+01
3.666071047325382182e+01
1.130695724355432930e+01
1.289789258382850967e+01
1.367121180300467920e+01
3.923759449233561014e+01
1.651480037502938103e+01
1.050943483138997792e+01
3.273172531263696072e+01
8.736550162135726438e+00
8.772657338610137856e+00
1.219000907408197598e+01
1.188299266709383240e+01
1.054250381826280147e+01
9.068802264113969613e+00
7.987669494284814320e+00
9.204749352162995280e+00
3.733869253510513175e+01
1.325776703266675227e+01
1.731585339657256384e+01
1.272020118908922370e+01
9.948253772264413541e+00
8.103791885609531676e+00
9.774787355583576698e+00
1.520032275522617482e+01
9.180098411276327752e+00
9.984725432365888054e+00
1.708282694274498326e+01
6.131390442891666126e+00
1.592884261144622826e+01
1.289886527112201797e+01
2.049107818892671418e+01
1.022998262099605604e+01
1.982518736589629427e+01
3.979794318505953044e+01
9.110236013778850506e+00
1.089671664577963384e+01
1.017472366822025620e+01
1.076121909157453871e+01
9.936450229541531343e+00
1.072676459748768529e+01
9.339190689089756248e+00
1.337846250267339876e+01
8.697033081744343974e+00
1.478592392501517949e+01
8.149263647765447871e+00
1.197160638536778698e+01
1.393437742362979570e+01
1.036143911779029558e+01
1.167581498133404594e+01
7.017749429094378044e+00
1.324543912286476655e+01
8.213557205643571280e+00
1.433054554809292291e+01
3.111315409579790980e+01
7.616528126511925123e+00
1.254083114500031826e+01
1.365058101030323279e+01
1.229035138029132668e+01
1.226603031988179637e+01
2.328874022760518692e+00
1.328743603065490220e+01
1.986525481641156787e+01
9.523769936611191866e+00
2.142905035325279428e+01
5.406598355252455690e+00
7.422637344936033443e+00
1.475805650904541011e+01
8.394646332022231761e+00
5.798462971380519093e+01
1.152828863753026667e+01
8.451325557823521351e+00
1.855320081995308357e+01
1.062823011171879983e+01
4.505134655526622822e+01
2.097410255393799972e+01
1.138993743402345693e+01
2.738237178112432346e+01
6.895068762134803464e+00
2.268682892222010139e+01
1.267285423427153113e+01
1.814809860006531039e+01
8.643872847313049945e+00
8.241947223088189389e+00
1.237816497781989078e+01
1.385542096001207923e+01
1.385445274491400269e+01
1.428847728879960144e+01
8.552817482155926854e+00
6.777077798029818467e+00
1.039592102293296172e+01
1.115100339150660247e+01
5.251884694566769873e+00
1.458350550081278918e+01
7.652458210150118845e+00
1.052092184284959764e+01
1.149831059958690105e+01
1.878514399266120449e+01
5.410953678135269485e+01
1.074908486966384302e+01
1.136173645413941280e+01
7.226094972948017059e+00
1.235470998572273693e+01
1.886130267836307439e+01
7.050658844581340290e+00
2.314633341786120013e+01
1.958525376496804071e+01
2.253236184319732516e+01
1.103851673338067840e+01
3.316864231284031206e+01
6.546673536555236872e+00
1.107936213274438408e+01
1.274533374594961010e+01
1.014108148282718247e+01
2.322243718982604932e+01
1.045520328463709170e+01
1.378173005078700442e+01
1.002883877017128711e+01
1.940674927116755555e+01
5.978770878884572149e+00
1.527915686243019167e+01
2.166554622332808933e+01
1.079690133775018523e+01
8.616069340735181825e+00
8.916201527827213624e+01
1.103909841434893480e+01
1.783251462024573541e+01
1.113346039605658433e+01
2.553372145051960729e+01
8.453920768376685047e+00
6.537530071459202397e+00
8.419805543043839435e+00
1.959210612214694791e+01
1.370875701650426848e+01
2.690714435737843502e+01
1.091453083406127433e+01
2.328179970823254408e+01
2.216291672664961965e+01
1.335724841157935927e+01
1.338265897626117962e+01
1.414163463139624177e+01
1.214376393338169002e+01
1.521625271886649600e+01
1.828695853816277861e+01
1.235875885063170543e+01
1.947847076283177614e+01
5.746073618733213095e+00
8.822610200752745158e+00
8.360897776490880062e+00
1.088997942856516410e+01
8.848259365146224908e+00
1.228313061881694068e+01
1.366677268334112938e+01
1.377918900582816875e+01
1.248835733715489837e+01
2.037317600550563412e+01
1.745064395176201444e+01
7.062138548645849667e+00
1.079336725142685793e+01
1.145442744454737571e+01
2.554257246540823445e+01
5.494950556050924462e+01
4.895393591406345735e+01
5.299258847166048980e+01
4.277161464139485503e+01
5.663508050024902474e+01
1.598610032858592263e+02
2.219040570751854773e+02
2.231270594439623096e+02
2.204308045268186902e+02
2.271056073796414978e+02
2.615975795853789805e+02
2.750180786866014273e+02
2.654578452935306245e+02
2.434388607789772152e+02
2.468156213653984423e+02
2.419190858179971428e+02
2.432485714527370249e+02
2.733402359928919054e+02
3.227455743495144702e+02
3.340980322071807223e+02
4.550638246407436327e+02
3.570075833544152601e+02
3.663489190525867230e+02
2.277678135276747469e+02
1.830527141002061740e+02
1.261958491897790537e+02
1.945234851698005230e+02
3.302684311164862265e+02
3.980233452172043940e+02
2.913616059537734486e+02
3.427317827829288035e+02
3.162279619451530834e+02
2.212970453885406528e+02
3.517356919175838357e+02
3.231769383588884352e+02
3.909776604260837871e+02
2.862447026180528837e+02
4.191607003966312845e+02
5.308344437798797344e+02
3.762310244898902738e+02
3.797632890140864674e+02
5.050788039689584821e+02
4.521774993714088282e+02
6.398436933684821497e+02
3.141217559110933735e+02
4.329189332770624787e+02
3.393986729059847107e+02
4.035962327064139004e+02
3.892131470854135387e+02
4.104925196353494812e+02
5.137798932608696987e+02
4.940631829870652609e+02
4.323307678118152353e+02
5.465614071851053950e+02
4.918269223929872851e+02
5.687137490721245285e+02
5.244664195071235326e+02
3.557029549122971162e+02
6.520239177404369002e+02
5.459944046160032940e+02
2.319287850756877276e+02
3.499073372818027110e+02
5.802709152470094978e+02
2.582429434456032027e+02
3.577728010636199087e+02
7.007411850151687531e+02
6.548241887444227132e+02
6.016372099844589911e+02
5.950722338294148130e+02
6.176162410668636085e+02
6.337748936691194785e+02
6.568505728910022299e+02
5.830546056350410709e+02
6.002675010394608535e+02
5.348455909100314329e+02
5.886394992768548491e+02
4.000702089835611446e+02
6.674957674044455871e+02
6.697987917108337115e+02
6.513109563836906091e+02
3.850097796966092005e+02
7.074811744042414148e+02
6.278291697855896700e+02
3.640507897754155806e+02
6.590656993663009189e+02
6.342528384111043351e+02
6.948732749298849285e+02
6.454830439432928415e+02
6.642936997067299671e+02
6.149686786197542006e+02
3.900342127258959408e+02
6.030896331378236255e+02
2.957774235784348775e+02
7.348643749323100565e+02
6.918521601840261610e+02
6.404204082176780730e+02
3.018862685871025064e+02
8.507217389719517087e+02
7.210509137834800413e+02
7.570939338240168581e+02
5.901945944652825347e+02
7.442293481051884783e+02
8.047514276359601126e+02
7.912701523459886630e+02
7.836195163205924246e+02
5.934609817460524255e+02
8.885269261511763261e+02
7.395473926899308026e+02
6.556666932207152740e+02
6.966262590389803790e+02
6.520183102532948851e+02
7.863023906504536171e+02
7.598926555769231754e+02
1.048990520227719344e+03
1.067895758949405263e+03
9.745695380166099540e+02
8.972585041037317524e+02
8.516612971821525662e+02
8.604504941606319335e+02
6.898684601014333566e+02
8.323112115164559555e+02
8.646593488004642722e+02
8.833806941547449014e+02
8.434380011587355739e+02
9.804698055168240671e+02
9.630626977261620141e+02
1.162615861280470881e+03
8.815932308209918347e+02
1.234464567468980476e+03
1.362465588529353681e+03
1.132177896673650366e+03
1.011172568592212087e+03
9.338217306445819759e+02
1.086878101595880935e+03
1.355187306965211974e+03
3.078675955296292614e+03
2.129178935657815600e+03
3.115402393540326557e+03
3.217761008205642611e+03
3.206929467545776333e+03
3.043641018972045003e+03
3.159419041363581528e+03
