1.863072726529524203e+01
1.856310971142009691e+01
1.860033099201542228e+01
1.856895707953020747e+01
1.851345729523543326e+01
2.345221211288504435e+02
1.674766996886755237e+02
1.010258709102144849e+03
3.148048898928325343e+02
3.027614159314335893e+02
2.763827621924274922e+02
3.525904392132058547e+02
2.968056189537230694e+02
3.133264297864339483e+02
2.446743107804572332e+02
3.187081655611261795e+02
2.202933789620556979e+02
3.876317267552803401e+02
4.049254555556581181e+02
4.387158293372409616e+02
6.112574669358933761e+02
7.005235113504543278e+02
9.672993990638157129e+02
7.052522563733542711e+02
7.290945665416259089e+02
6.880975700608445322e+02
7.245459619097219957e+02
7.210300715981497888e+02
7.518116473548662952e+02
6.825573881327418349e+02
7.157773230200398302e+02
7.130640991219978559e+02
7.442175153394111931e+02
7.034133789598415660e+02
7.139797771905807622e+02
7.235895861707481345e+02
7.455119677979170092e+02
7.691921709640052995e+02
9.290679919214129541e+02
1.291242066552002598e+03
9.480505061480355380e+02
9.023983689983963359e+02
9.859349051925606773e+02
7.407943074180823260e+02
8.887737641021243462e+02
