3.700000000000000000e+01
1.400000000000000000e+01
2.900000000000000000e+01
1.500000000000000000e+01
2.100000000000000000e+01
2.100000000000000000e+01
1.600000000000000000e+01
2.000000000000000000e+01
3.100000000000000000e+01
1.600000000000000000e+01
5.700000000000000000e+01
1.800000000000000000e+01
1.800000000000000000e+01
2.400000000000000000e+01
1.000000000000000000e+01
2.600000000000000000e+01
1.500000000000000000e+01
2.400000000000000000e+01
1.700000000000000000e+01
2.600000000000000000e+01
1.700000000000000000e+01
8.500000000000000000e+01
1.800000000000000000e+01
1.200000000000000000e+01
2.700000000000000000e+01
2.100000000000000000e+01
2.500000000000000000e+01
6.200000000000000000e+01
4.100000000000000000e+01
3.200000000000000000e+01
2.200000000000000000e+01
2.300000000000000000e+01
4.900000000000000000e+01
3.500000000000000000e+01
7.600000000000000000e+01
1.300000000000000000e+01
4.600000000000000000e+01
1.130000000000000000e+02
1.350000000000000000e+02
2.000000000000000000e+02
2.000000000000000000e+02
1.540000000000000000e+02
1.380000000000000000e+02
2.000000000000000000e+02
1.180000000000000000e+02
1.210000000000000000e+02
2.000000000000000000e+02
2.000000000000000000e+02
1.600000000000000000e+02
2.000000000000000000e+02
2.000000000000000000e+02
2.000000000000000000e+02
1.990000000000000000e+02
1.820000000000000000e+02
1.800000000000000000e+01
2.000000000000000000e+02
1.570000000000000000e+02
1.330000000000000000e+02
1.190000000000000000e+02
3.400000000000000000e+01
1.220000000000000000e+02
1.610000000000000000e+02
7.300000000000000000e+01
1.110000000000000000e+02
6.100000000000000000e+01
5.800000000000000000e+01
6.800000000000000000e+01
1.780000000000000000e+02
2.000000000000000000e+02
1.620000000000000000e+02
1.550000000000000000e+02
6.000000000000000000e+00
1.230000000000000000e+02
2.000000000000000000e+02
2.000000000000000000e+02
2.000000000000000000e+02
1.930000000000000000e+02
8.300000000000000000e+01
2.000000000000000000e+02
2.000000000000000000e+02
2.000000000000000000e+02
2.000000000000000000e+02
2.000000000000000000e+02
2.000000000000000000e+02
2.000000000000000000e+02
2.000000000000000000e+02
2.000000000000000000e+02
2.000000000000000000e+02
