1.320999999999999943e+02
1.339000000000000057e+02
1.270000000000000000e+02
1.355999999999999943e+02
1.132999999999999972e+02
1.505999999999999943e+02
1.338000000000000114e+02
1.611999999999999886e+02
1.873000000000000114e+02
1.383000000000000114e+02
1.279000000000000057e+02
1.227999999999999972e+02
1.680999999999999943e+02
1.696999999999999886e+02
1.765000000000000000e+02
2.000000000000000000e+02
2.000000000000000000e+02
1.803000000000000114e+02
2.000000000000000000e+02
1.538000000000000114e+02
1.730999999999999943e+02
1.300000000000000000e+02
1.639000000000000057e+02
8.929999999999999716e+01
1.110999999999999943e+02
9.929999999999999716e+01
1.561999999999999886e+02
2.000000000000000000e+02
2.000000000000000000e+02
2.000000000000000000e+02
