-1.169611372921234988e+03
-1.445381470797027532e+03
-1.522969937642037394e+03
-1.459811596767448464e+03
-9.465042188374770831e+02
-1.555238235274469844e+03
-1.810980287250371248e+03
-1.785824990717974515e+03
-1.307225697055968340e+03
-9.571515514095387971e+02
-1.477984232732550709e+03
-1.389048109750446201e+03
-1.165958819627568118e+03
-1.228544900790092015e+03
-1.157010804073039935e+03
-1.058919174758476629e+03
-8.658457864147860619e+02
-1.225734837242729327e+03
-1.822086605018158025e+03
-1.455206403094127836e+03
-1.200840986866574895e+03
-1.066597903830251198e+03
-1.168309489174749388e+03
-1.834069609809843087e+03
-1.081470440390814019e+03
-1.629350974529579389e+03
-1.489889441276806338e+03
-1.642313295485667595e+03
-1.275866703504057796e+03
-1.357136153878642972e+03
-1.437981804078875484e+03
-1.420599608271053057e+03
-1.232026626785620692e+03
-1.543834051505756179e+03
-1.315590407863422797e+03
-1.334178690789531856e+03
-1.092624596698594360e+03
-1.542315368577088975e+03
-1.220433788354855096e+03
-1.459978298814058689e+03
-1.425025598061232358e+03
-1.263060891044090113e+03
-1.208438036264098400e+03
-1.162627825348967008e+03
-1.294693835422021721e+03
-1.524363914335677009e+03
-1.430262352228663531e+03
-1.430375886044802201e+03
-1.182240339502544657e+03
-1.269445516691197781e+03
-9.866276853960750941e+02
-1.361709804779006618e+03
-1.285658936217990913e+03
-1.188778907175787026e+03
-8.795535925895167111e+02
-1.546479194735659803e+03
-1.296143831715430906e+03
-1.181296883056370689e+03
-1.486138103870557188e+03
-1.424549123845390341e+03
-1.027899649381660538e+03
-1.175174108941583199e+03
-1.621699400718100151e+03
-1.681515437569446021e+03
-1.447003180470757343e+03
-1.535289540042073668e+03
-1.441182610571176838e+03
-1.555152930717390745e+03
-1.292028471467002646e+03
-1.204728500703427471e+03
-1.298897094603582445e+03
-1.258633908042064832e+03
-1.495704203052868479e+03
-1.649434839396893040e+03
-1.618154972956810980e+03
-1.589743906280096098e+03
-1.342244730871660295e+03
-1.771786920699890516e+03
-1.275632173899096188e+03
-1.838404236609352438e+03
-1.132982646689059038e+03
-1.701671654266845053e+03
-1.297404449554876010e+03
-1.810975302188487149e+03
-1.429733969302094010e+03
-1.208095147239830339e+03
-1.603197929710330754e+03
-1.177584228245172199e+03
-1.793538140758503232e+03
-1.147359793671136913e+03
-1.727209059504208881e+03
-1.666270882919268388e+03
-1.210758382164430941e+03
-1.670884793586890510e+03
-1.582624034109730928e+03
-1.320543188619315060e+03
-1.096657598748597820e+03
-1.347802338921447699e+03
-1.322063025039942431e+03
-1.643024963621725419e+03
-1.587586519813677342e+03
-1.636439380896576267e+03
-9.968771378351638077e+02
-1.486199859495120791e+03
-1.251978990174385672e+03
-1.703489060985191827e+03
-1.766266739023742730e+03
-9.857668243460625490e+02
-1.490359552723740762e+03
-8.540010028202663079e+02
-1.270357611448650914e+03
-1.580999417497477452e+03
-1.325130426333506648e+03
-1.669423691974359826e+03
-1.328668174731545378e+03
-1.468388934758823098e+03
-1.063763214285961112e+03
-1.589822132537425887e+03
-1.276434252544652281e+03
-1.804865849175331505e+03
-1.129238072546972489e+03
-1.196576194554561425e+03
-1.182831996777375025e+03
-1.200298151965274883e+03
-1.383616824321534068e+03
-1.403266231585800824e+03
-1.079490776677588201e+03
-1.113732388030143284e+03
-1.153878796812102792e+03
-1.132071542905513979e+03
-1.147321780379990969e+03
-9.957246753385334159e+02
-1.044094126085989274e+03
-1.410694293313510798e+03
-1.204337391237671909e+03
-1.266270777469200539e+03
-1.095656404966986656e+03
-1.518830340271371369e+03
-1.188012156689856965e+03
-1.048220221351693681e+03
-1.174893136105465601e+03
-1.194611357790994361e+03
-1.041386911032303487e+03
-9.757609604257627325e+02
-8.941914212202225372e+02
-1.078795349550264291e+03
-1.238877273493423672e+03
-9.215292085469322956e+02
-1.065850748471325232e+03
-1.102078051515753941e+03
-1.212855580867564413e+03
-1.278128201518693459e+03
-1.210515930453837427e+03
-1.229976120354041768e+03
-1.101294005175038592e+03
-1.206590850990314721e+03
-1.262313444398313095e+03
-1.296072663779078084e+03
-1.150072625178211638e+03
-1.218499071504652193e+03
-1.020011390621246846e+03
-1.130166902669062665e+03
-1.127251816970792561e+03
-1.356329452150144334e+03
-1.051283488962641286e+03
-1.073882940336555748e+03
-9.977716730308874276e+02
-9.795606940454621281e+02
-1.056322395820978045e+03
-1.033894937988269021e+03
-1.188192757340604658e+03
-1.013485441147662982e+03
-1.021695214851867604e+03
-8.736132444116913121e+02
-1.012485156027805033e+03
-1.160661463291100972e+03
-1.269274592756786433e+03
-9.123798679689398341e+02
-8.728745830367060989e+02
-1.007007760890212921e+03
-1.032391800299784336e+03
-9.034111448970119227e+02
-9.839575907777712018e+02
-1.072441796098091118e+03
-9.065248712690935236e+02
-9.914979405547541091e+02
-1.039460651766050205e+03
-1.112352464678162505e+03
-1.371253209698121054e+03
-1.017933625325998378e+03
-1.113162363077889495e+03
-1.209367412780788300e+03
-1.020267435936084325e+03
-8.719667969966154715e+02
-8.642458078229982448e+02
-8.904295871553432562e+02
-9.966503853749154587e+02
-8.774411478113878502e+02
-7.380789262613049004e+02
-7.603345689073357789e+02
-6.398459722541743986e+02
-8.529380494199427858e+02
-9.996222963433508539e+02
-8.373777915652451611e+02
-8.251927953737105099e+02
-6.307790695770096363e+02
-9.927897966909545175e+02
-8.895732060795235157e+02
-8.139078269682643167e+02
-8.796124361096520943e+02
-8.966409592035827245e+02
-7.508348403826798858e+02
-9.989174926693119687e+02
-7.505006942250719248e+02
-7.375727124909825534e+02
-8.732166162722879790e+02
-6.584543412663273330e+02
-7.752814246102701645e+02
-8.976010605285160864e+02
-8.870223198515444665e+02
-5.165393850522873436e+02
-6.304908165141131349e+02
-6.458076151748800839e+02
-6.662148119388767782e+02
-6.280218009669816865e+02
-8.709847654766920186e+02
-7.331980882133376554e+02
-8.675573443456584073e+02
-9.024481164839430676e+02
-7.609535054784104204e+02
-5.123599183655553588e+02
-6.232930013630343637e+02
-8.719182030025335735e+02
-9.685519614973088665e+02
-7.386553528923473095e+02
-8.917066052089716095e+02
-8.878751453262052564e+02
-7.412785491410573968e+02
-7.543674169509279182e+02
-7.547184400855616104e+02
-5.105440001900439597e+02
-5.143784944949164810e+02
-1.012706913633198837e+03
-8.975296179697509160e+02
-6.205128144917787267e+02
-1.087483945453806427e+03
-1.064727743251980428e+03
-5.097457417420799857e+02
-9.026670152524387731e+02
-7.926566195583981198e+02
-7.464582129057029078e+02
-6.400987295585630363e+02
-8.954947060995993979e+02
-5.364977444937655946e+02
-7.548868648254223217e+02
-8.105108723436015907e+02
-7.170907340318397019e+02
-7.517755522691151100e+02
-4.697538793848667638e+02
-8.762324065759202085e+02
-7.782296475885224254e+02
-7.832195037797019950e+02
-9.295007696824014829e+02
-7.795643837274694761e+02
-6.317843192664739718e+02
-3.856351646340463617e+02
-2.611531654061930681e+02
-7.879256966537875542e+02
-7.495369671771350113e+02
-5.095283991177171856e+02
-6.254994663372477817e+02
-2.558902023910873993e+02
-5.406487699035178593e+02
-7.515560880265967398e+02
-6.467872214121084653e+02
-9.139585279852582289e+02
-2.775536436239588056e+02
-2.589089459251852077e+02
-5.162102419246600675e+02
-7.673705269319804074e+02
-7.435167868557874726e+02
-8.480956776460758419e+02
-6.350736838548974674e+02
-4.929523664782489050e+02
-5.168756025178946629e+02
-5.080202650248170926e+02
-3.798147191437076913e+02
-5.002596380061223158e+02
-3.838530646520075038e+02
-4.014215389943529431e+02
-1.311267025768634369e+02
-5.125904611208468395e+02
-3.794109723204323927e+02
-1.305148741682973821e+02
-1.266498223082998038e+02
-4.979443665738402274e+02
-5.065537060888457859e+02
-6.289711482480013274e+02
-2.477778310666524249e+02
-6.576699573635319211e+02
-6.409443378901468122e+02
-2.550461342507749691e+02
-5.118879346654736651e+02
-3.971717227313449143e+02
-1.297497946472109049e+02
-5.063605072012368282e+02
-4.640864126496882136e+02
-8.082630860271461870e+02
-2.679728243335173374e+02
-5.070598356326706835e+02
-1.395003904187273918e+02
-2.490673708870892824e+02
-2.485586667170330486e+02
-2.545448974465970480e+02
-1.290919200988880391e+02
-2.003782018339966164e+00
-2.046707302106064219e+00
-3.815654047520235395e+02
-5.070669921357857106e+02
-8.411643920434783013e+02
-1.275594105842991013e+02
-1.314702882828108272e+02
-1.267877936863205974e+02
-2.560521056302298462e+02
-3.830821211858975630e+02
-1.298188113090967590e+02
-3.787036834561550904e+02
-3.357465333486108872e+00
-1.323356384773333900e+02
-1.780052513576339424e+00
-3.804088971393485963e+02
-1.263894900751120787e+02
-3.864160744092400250e+02
-5.121731263177915707e+02
-2.579693580463436433e+02
-2.567263011795632792e+02
-4.032387953785271861e+02
-9.523659971179533557e+00
-2.643837139524140980e+02
-2.544155040140221899e+02
-3.668027608296067683e+02
-4.660497233405006341e+02
-1.310788217967486275e+02
-1.284479345507483004e+02
-2.501644348088177310e+02
-1.318164301432346974e+02
-2.571841013255045709e+02
-5.963887510204583187e+00
-3.854197270966660085e+02
-2.523998552566839351e+02
-4.047734517679994610e+02
-1.267141000257761476e+02
-3.822012638871973422e+02
-3.906091379590872634e+02
-3.513931133427117715e+00
-1.333507142746096292e+02
-2.566531067430241251e+02
-1.305805591995205930e+02
-2.606952372326863951e+02
-6.846658855883992700e+00
-2.717906821321004713e+02
-3.667100401391213609e+02
-2.486541052527128102e+02
-3.829553273641126907e+02
-2.522750789102970543e+02
-1.301223493089411818e+02
-1.296556013993875638e+02
-1.305539174872671708e+02
-1.262500994030805970e+02
-2.582617683386091585e+02
-1.339060828732522452e+02
-2.527835238852103430e+02
-5.038116284358520147e+02
-3.771180288086511041e+02
-2.551845529373608485e+02
-2.511311036755027715e+02
-2.495261828621656832e+02
-1.296658294070963109e+02
-1.325378477909145261e+02
-2.499081514030933704e+02
-2.525621684117194548e+02
-4.410486545287882336e+02
-3.923434376840926916e+02
-2.566517954921891942e+02
-1.316502723254743330e+02
-2.563899066656600780e+02
-1.341918096391771087e+02
-4.308271056439944573e+02
-3.704643479250598261e+02
-3.870196713924599408e+02
-5.091342178513003773e+02
-3.942406991831875871e+02
-5.103604256026199550e+02
-1.352712195615650330e+02
-3.791376932101383659e+02
-2.455420031343825258e+02
-1.286132889592610127e+02
-2.543115959704089732e+02
-2.628288086245370891e+02
-4.128299902728778079e+02
-2.591883531233827398e+02
-1.341401225201227305e+02
-1.313547879842265047e+02
-1.318100383267936877e+02
-1.279001784027878301e+02
-6.027447879218807429e+02
-1.328787972508698942e+02
-7.976814112274213109e+00
-3.716509243951771282e+02
-1.318631563280971761e+02
-1.302013631941647986e+02
-1.347272369113613593e+02
-1.320649875502796533e+02
-2.539616054245983605e+02
-1.361779957419003040e+02
-1.313696086582083922e+02
-1.326350720111624355e+02
-1.306181532577155835e+01
-2.503084513493194834e+02
-4.377380318776700392e+02
-1.301482701693985007e+02
-1.338234648082675164e+02
-1.310718638644444525e+02
-3.658060742385679873e+02
-1.307574984607049373e+02
-2.529723572353211978e+02
-2.530844140114533900e+02
-1.295735062716571235e+02
-5.277305182607626648e+02
-2.470949172350042886e+02
-1.036868387439680461e+01
-3.870063849460881329e+02
-1.341452351654610879e+02
-1.310627012491339656e+02
-1.261702282430476600e+02
-1.320100407169848040e+02
-3.800042147810343067e+02
-4.279858849414480346e+02
-4.004952253487342659e+02
-2.593679258283253830e+02
-1.377570610217070453e+02
-1.326230500779135468e+02
-3.726393148114530618e+02
-3.689571718322355878e+02
-2.614412046736951538e+02
-1.365803993044304434e+02
-4.245582283887111430e+02
-5.012821319230702102e+02
-2.615146105973963131e+02
-7.807458592903349981e+00
-1.045961241746641157e+01
-4.629433351270462254e+02
-1.352143315328042377e+02
-2.490553703807982515e+02
-3.930177282325952888e+02
-3.967373308416557620e+02
-5.035044584981513367e+02
-1.303510130509736484e+02
-4.389272708103245009e+02
-2.510034947223183508e+02
-8.427125397485459857e+00
-6.391580342646981272e+00
-1.292542049061631815e+02
-1.326717769150478716e+02
-2.523537949242486889e+02
-1.337546607652909358e+02
-2.533904766539154707e+02
-2.466136354333643794e+02
-1.307530789963257689e+02
-3.616377495483195617e+02
-1.347498779948187178e+02
-1.332597804375424744e+02
-1.278537840416904743e+02
-2.557238155816338576e+02
-6.934364582021468770e+00
-1.318504630110145399e+02
-1.345064513797539405e+02
-1.333071761401151321e+02
-1.318516834558470805e+02
-2.895188926786302090e+02
-1.253966810794791655e+02
-5.181724747027050881e+00
