-3.503999343321486322e+02
-2.253742615597165582e+02
-3.153079505830675657e+02
-2.961043749657200124e+02
-2.413978702728813346e+02
-3.541212703291465118e+02
-3.089909240590571358e+02
-3.249053061555584918e+02
-1.968170635971805211e+02
-2.347518956342721594e+02
-3.083861969178343543e+02
-2.701256097274952594e+02
-3.722558750975744601e+02
-6.664045281155761131e+02
-3.677326008210848727e+02
-4.111715581596598099e+02
1.384301279185956446e+03
1.602636658012862654e+03
-4.470455425369460158e+02
2.111862217045930379e+02
1.565241133325786450e+03
1.821383795136419167e+03
1.794301649951581794e+03
1.274884682690954378e+03
3.751765487745925611e+02
2.446684447149682001e+03
2.090298058038879844e+03
8.129264925937865200e+02
2.489144915980653877e+03
2.293424512651169152e+03
2.628833852512746944e+03
1.050601484507063560e+03
2.791540274215204136e+03
2.904161492526877282e+03
2.764452384982466810e+03
4.936438658447854664e+02
2.786506715809630350e+03
2.907026268779594375e+03
2.953290809239471400e+03
2.959159327561847022e+03
2.983964699761546399e+03
3.235106841445510327e+03
3.064531465813803152e+03
3.373701733986935778e+03
3.209593206258706232e+03
3.120708035757249945e+03
3.330343783526650896e+03
3.441306833968843875e+03
3.211666120292022697e+03
3.301419506603967420e+03
1.615595599566614510e+03
3.524730530051691403e+03
3.509212995045224943e+03
3.415375875612050095e+03
3.508098187878489625e+03
3.647477361324688445e+03
1.843105639594326249e+03
1.553164843749402280e+03
3.614572761118552535e+03
3.829995289474984475e+03
3.794499402074903628e+03
3.789663852498445522e+03
1.991807775447833137e+03
3.814096764154194261e+03
4.009631869739234389e+03
8.563110492614507621e+02
3.895514997047312590e+03
4.111511490718398818e+03
3.970208680107439704e+03
4.070406707416890640e+03
4.030446266863364599e+03
4.103795183391222054e+03
4.226504463580791707e+03
1.430219445242844358e+03
4.035245328724829960e+03
4.255251271606885894e+03
1.328733203469947512e+03
4.349273954327327374e+03
4.533322796702449523e+03
4.090820883936788960e+03
4.361846304533663897e+03
4.165508030182377297e+03
4.213918909544395319e+03
4.566076480576690301e+03
4.386638302308789207e+03
4.572565421419632912e+03
4.597086791523895954e+03
4.586418846203730027e+03
4.344628097682586485e+03
4.338278772118505913e+03
4.621936460327501663e+03
4.563234326733622765e+03
4.478289841985705607e+03
4.641954652628932308e+03
4.659285218757380790e+03
4.585052383101692612e+03
4.708897583081567973e+03
4.639662306414830709e+03
4.599648609229611793e+03
4.735702380003889630e+03
4.686427715128837917e+03
4.650341115649343010e+03
4.744375681017623720e+03
4.728355695368193665e+03
4.910068933854705392e+03
4.638362850368079307e+03
4.620492817137418569e+03
4.779631048644650036e+03
3.754545379666053577e+03
4.639878464643411462e+03
4.726013959035791231e+03
4.905276199011880635e+03
4.755737083797366722e+03
4.882536933099463567e+03
4.888825197782700343e+03
4.871632557117602119e+03
4.936628169220894961e+03
4.970776456373821929e+03
4.939257506929469855e+03
4.811661958475879146e+03
4.974035905138500311e+03
4.964197671994674238e+03
5.017814271291015757e+03
4.865168325852173439e+03
5.110730599107876515e+03
4.982981638743856820e+03
5.058490175262062621e+03
4.923206769096930657e+03
4.962869977385983475e+03
4.918997705421338651e+03
4.993915431239998725e+03
4.990636120990580821e+03
5.083323784198736575e+03
5.004830626291630324e+03
4.996261564779824766e+03
5.090158448334606874e+03
5.183437927743551882e+03
4.978356454461107205e+03
5.266222404324324089e+03
5.211052610625509260e+03
5.095804892901230232e+03
5.139038551608962734e+03
5.111359590432282857e+03
5.207288788696380834e+03
5.198231784826368312e+03
5.333818774480108004e+03
5.194425993673218727e+03
5.164317209564859695e+03
5.212327931791918672e+03
5.229105658534761460e+03
5.152719574784074211e+03
5.486672279751490350e+03
5.250660965593415312e+03
5.341362320112963971e+03
5.149164793755766368e+03
5.480750308412331833e+03
5.320855593722629237e+03
5.303742498680671815e+03
5.347893408078976790e+03
5.246602401920417833e+03
5.337836749071216218e+03
5.378909806121294423e+03
5.304656115337007577e+03
5.359010572060046798e+03
5.290090371721460542e+03
5.436417486593316426e+03
5.370976849297157059e+03
5.256531222641719069e+03
5.393628208441728930e+03
5.412438612809660299e+03
5.385025266836260016e+03
5.285291121099684460e+03
5.498566608975130293e+03
5.325455150231995503e+03
5.595396737483812103e+03
5.428758193344907340e+03
5.400345511854210599e+03
5.429719904250875516e+03
5.540301408270462161e+03
5.399017567717625752e+03
5.343690581803974055e+03
5.492564761035237098e+03
5.395053898075364486e+03
5.480683505494984274e+03
5.442738343394958974e+03
5.539285153963963239e+03
5.481991246433156448e+03
5.570493688460018348e+03
5.516137216224607073e+03
5.563137553531852973e+03
5.591627220745706836e+03
5.556439199836827356e+03
5.473315050488899942e+03
5.577548151000398320e+03
5.550739745631710321e+03
5.626066386117188813e+03
5.576482694608956990e+03
5.266522641965193543e+03
5.464071527641815010e+03
5.543962315269799547e+03
5.562395625806806493e+03
5.766406522693366242e+03
5.594026536127753388e+03
5.617107470789328545e+03
5.647303637592048290e+03
5.627183428398248907e+03
5.606029726943996138e+03
5.454313719389478138e+03
5.426754637153590011e+03
5.479996013878228950e+03
5.620485349901750851e+03
5.677848167236962581e+03
5.692799815940396002e+03
5.536336402331685349e+03
5.746223216407057407e+03
5.735971800633926250e+03
5.570804776724562544e+03
5.654243860218875852e+03
5.681453377590720265e+03
5.745199223189570148e+03
5.730223791982194598e+03
5.670723469316559203e+03
5.753994366723823077e+03
5.745840893996168234e+03
4.119777323549305038e+03
5.722760822495334651e+03
5.917650513602216051e+03
5.777710805175975111e+03
5.661814033809345347e+03
5.341772455066706243e+03
5.814636816212504527e+03
5.498175038375953591e+03
5.750112015663945385e+03
5.844504318274534853e+03
5.663496364408591944e+03
5.617245901459334164e+03
5.591812852133054548e+03
5.476441215261938851e+03
5.791240484373158324e+03
5.904124244589185764e+03
5.645244548508180742e+03
5.624964616189568005e+03
5.729996718294667517e+03
5.521615635659267355e+03
5.778461178402638325e+03
5.793907004454663365e+03
5.738965081743162045e+03
5.782656538338058454e+03
5.777776408312525746e+03
5.872133409320210376e+03
5.720302471218417850e+03
5.909038771898297455e+03
5.929639132081753814e+03
5.850056041111461127e+03
5.956517668197639978e+03
5.760080355103342299e+03
5.902443846160258545e+03
5.916808765607813257e+03
5.849265353238657553e+03
5.939032353893239815e+03
5.937886957036604144e+03
5.938567805004005095e+03
5.901743491142422499e+03
5.886068301311514006e+03
5.811179958777374850e+03
5.769991922568037808e+03
5.997837289088950456e+03
5.939886618819392424e+03
8.563489871015804056e+02
-5.975861663856612722e+02
-5.586404217348614338e+02
-5.461692051057807475e+02
-5.327849368580367582e+02
-5.287128220856042162e+02
-5.181353778555875351e+02
-5.477723711550269172e+02
-5.526168534791544289e+02
-3.060407066573651491e+02
-4.389083053875644964e+02
2.644638193601183502e+02
-4.683298370921737046e+02
-3.556196227872647455e+02
1.476738604633512466e+02
-3.324187601185959124e+02
1.712857853585294379e+03
3.064257505021718771e+03
3.685004895674293493e+03
4.429671152500829521e+03
4.596392406198598110e+03
4.745204309488584840e+03
4.538902735288973417e+03
4.823951543897806005e+03
5.305394846726784635e+03
4.953077841986123531e+03
5.143530779183563027e+03
5.240744391374671977e+03
4.851815245825165221e+03
5.343683095533763662e+03
5.114533747696570572e+03
5.236163950155073508e+03
5.172028817040885770e+03
5.082331848171765159e+03
5.409811591474348461e+03
5.155936627806028810e+03
5.141362182759705320e+03
5.427094078484074998e+03
5.374265077161152476e+03
5.561067257835127748e+03
5.497967184674683267e+03
5.377202680766661615e+03
5.291763954363379526e+03
5.399380294354736179e+03
5.554169591580322958e+03
5.629874035056614957e+03
5.541173343788326747e+03
5.478143530621476202e+03
5.544204793794604484e+03
5.618427431494220400e+03
5.697391494186339514e+03
5.795677285408098214e+03
5.768118471249924369e+03
5.634640840944014599e+03
5.463990086863248507e+03
5.799082105871868407e+03
5.583560515262166518e+03
5.934047409070811227e+03
5.710916333420573210e+03
5.802566546802864650e+03
5.608088135000325565e+03
5.809510817107531693e+03
5.680382751084694064e+03
5.893921915942749365e+03
5.902923045293479845e+03
5.822723627965472588e+03
5.713595582931522586e+03
5.905441468555381107e+03
5.819822640359966499e+03
5.572522628700190580e+03
5.778636768670555284e+03
5.899514720028086231e+03
5.956152046834245994e+03
5.972466701322869085e+03
5.849439361261807790e+03
5.941670555240245449e+03
5.952417143164805566e+03
5.823503926936691641e+03
5.955566664722192399e+03
5.850711046969232484e+03
5.881202272123638977e+03
5.876596378241340062e+03
5.917828596378830298e+03
6.066217419235002126e+03
6.047589548323127929e+03
5.831241332642433008e+03
5.881806729551117314e+03
5.815387361411035272e+03
5.990770763013864780e+03
5.901852117696935238e+03
5.870184878248591303e+03
5.891862820443860983e+03
5.893751478486278756e+03
5.910453385983725639e+03
6.043425383474196678e+03
6.104646640485874741e+03
5.841290873302192267e+03
6.018288803501514849e+03
5.852479635274135944e+03
6.078096109922327742e+03
6.112640340878974712e+03
5.927993313715955992e+03
6.029446025762132194e+03
6.006787598139802867e+03
6.074823123980761011e+03
6.157862003655408444e+03
6.126398531765388725e+03
6.115459074011594566e+03
6.254378197147457286e+03
6.171336648946768037e+03
6.160518752380926344e+03
6.155699006566558637e+03
6.157690003621115466e+03
6.189734618395387770e+03
6.223964584056417152e+03
6.010133519058747879e+03
6.261543604145462268e+03
6.251386654995065328e+03
6.418932511245033311e+03
6.235978637314445223e+03
6.143613342283203565e+03
6.211051026132405241e+03
6.147988795401674906e+03
6.307895198150617034e+03
6.080004282997429982e+03
6.353678226068569529e+03
6.209025855877659524e+03
6.245954131992583825e+03
6.364170571917064990e+03
6.147923372280941294e+03
6.337593387650324075e+03
6.410822489954477533e+03
6.299564010796859293e+03
6.248297190651543133e+03
6.148465359820287631e+03
6.293334740272732233e+03
6.385536128353362983e+03
6.287537857995168451e+03
6.211470234167816670e+03
6.420527463800899568e+03
6.570880201958082580e+03
6.390642138964582955e+03
6.290670411009184136e+03
6.413642836925451775e+03
6.422424989706109955e+03
6.460699097950575378e+03
6.497505712256721381e+03
6.411567795329252476e+03
6.341183585619945006e+03
6.434059118381357621e+03
6.381692575223441963e+03
6.510223778847280300e+03
6.501674404716196477e+03
6.508465343457693052e+03
6.536312054373473075e+03
6.522392073871457796e+03
6.362236413316098151e+03
6.556623003505173983e+03
6.679386793154539191e+03
6.440647182927066751e+03
6.465721806471609852e+03
6.555811545492244477e+03
6.484796647548550027e+03
6.447652770102555223e+03
6.708028074308649593e+03
6.670729027620567649e+03
6.680678931849909532e+03
6.498629744528818264e+03
6.602269008082239452e+03
6.616185290502379758e+03
6.627933602880180842e+03
6.496229498004650850e+03
6.658299062425577176e+03
6.714144371308914742e+03
6.637192435529097565e+03
6.567444202859021971e+03
6.587600885640981687e+03
6.568002745105638496e+03
6.671525337473482978e+03
6.452694577602654135e+03
6.703058761538130057e+03
6.570569151851774222e+03
6.609944065010508893e+03
6.548366320591691874e+03
6.706412105971005985e+03
6.463540358143181948e+03
6.513315522120675269e+03
6.404405231613999604e+03
6.589731270983421382e+03
6.496918944332011961e+03
6.742990952466179806e+03
6.567377688115820092e+03
6.723547290235665059e+03
6.588259674995997557e+03
6.622406928700514982e+03
3.995864772203279358e+02
6.543094640417431037e+03
4.308857080172102542e+03
6.516177729705245838e+03
6.593797623542315705e+03
6.297667784327813024e+03
6.601734035331297491e+03
6.578656160265638391e+03
6.716804911501639253e+03
6.471325417665582791e+03
6.517498118876465014e+03
6.558394401646814003e+03
6.538280214868905205e+03
6.700248438304880437e+03
6.639841242947806677e+03
6.536766278678711387e+03
6.429408472035092927e+03
6.687353806350753075e+03
6.634099749141053508e+03
6.661093159640086014e+03
6.568006627745903643e+03
6.561898776825421010e+03
6.646019852450212966e+03
6.399307625021561762e+03
6.597688734169469171e+03
6.582618223258441503e+03
6.482890746317703815e+03
6.634996339043334046e+03
6.487913264701704975e+03
6.710429779180013611e+03
6.627161188809470332e+03
6.734545955898963257e+03
6.693323538004851798e+03
6.665741914120360889e+03
6.700213367023625324e+03
6.783993168002514722e+03
6.635785832514307913e+03
6.682944493901618443e+03
6.727825045293012408e+03
6.606172004143541017e+03
6.719010966131958412e+03
6.692749905690739070e+03
6.877282085477600958e+03
6.683898066481784554e+03
6.653909114623539608e+03
6.723981883904703864e+03
6.785845754293842219e+03
6.906011481388532957e+03
6.749655257214247285e+03
6.764178441230426870e+03
6.799787201991553047e+03
6.843616781382277622e+03
6.856738410512634800e+03
6.754769538751105756e+03
6.741566916256157128e+03
6.571821625987976404e+03
6.857360057531272105e+03
6.658796562928627282e+03
6.878063220616136277e+03
6.811899714069536458e+03
6.755520109161684559e+03
6.505010614084021654e+03
6.612058533812683891e+03
6.873123811360305808e+03
6.778449542758302414e+03
6.732101647703224444e+03
6.575658159930610964e+03
6.730672402665476511e+03
6.489100816614360156e+03
6.690173731287290138e+03
6.928096462220586545e+03
6.678241800545844853e+03
6.876673280452259860e+03
6.805494948213282441e+03
6.815783658325998658e+03
6.498083269478600414e+03
6.706913064031517024e+03
6.502204626009817730e+03
6.748989732381576687e+03
6.735461258901044857e+03
6.464958283881134776e+03
6.625895104729406739e+03
6.787359728231489498e+03
6.778242983494151304e+03
6.792249243837583890e+03
6.747582906652852216e+03
6.564707818452889114e+03
6.656427352638534103e+03
6.728653577163255250e+03
6.952774647113625178e+03
6.883492023372272342e+03
6.714195443476516630e+03
6.572009904568993989e+03
6.637757018853213594e+03
6.893131500408619104e+03
6.858792525068819486e+03
6.698163331965903126e+03
6.672790640751069077e+03
6.852935200369252016e+03
6.729573102665315673e+03
6.697509207146046720e+03
6.658257323857806114e+03
6.874061897354518806e+03
6.798600388218966145e+03
6.803736956847729743e+03
6.724979980048308789e+03
6.795161230005119251e+03
6.646805916640617397e+03
6.755237882195800921e+03
6.776182425469963164e+03
6.754673411341575957e+03
6.793877062520581603e+03
6.924904537136346335e+03
6.893032875586187401e+03
6.799826676443354700e+03
6.770833464023860870e+03
6.728045564418813228e+03
6.558319904980041429e+03
6.807167755922898323e+03
6.776067639383592905e+03
6.861264543894792041e+03
7.057712681394002175e+03
6.693341256710841662e+03
6.799186237091135808e+03
6.823912031389707408e+03
6.814695394659011072e+03
6.795703187712960244e+03
6.724344348260511651e+03
6.826471817588338126e+03
6.886814702081021096e+03
6.913394141580912219e+03
6.771632000031418102e+03
6.851115100094341869e+03
6.948617693993627654e+03
6.687715087233449594e+03
6.947463791940104784e+03
6.852391537801190680e+03
6.721289440249897780e+03
6.739356555293034035e+03
6.837485573404072966e+03
6.685933788395664124e+03
6.777159383011636237e+03
6.661744668698627720e+03
6.729859872348823046e+03
6.791404135580385628e+03
6.868841556002073958e+03
6.815894458365179162e+03
6.821829913790593309e+03
6.796142493273050604e+03
6.817866603288531223e+03
6.714205338761936218e+03
6.826592773058257990e+03
6.762323638408020997e+03
6.815019677514739669e+03
6.636537757150184007e+03
6.688400203571040947e+03
6.786545988979278263e+03
6.607864900727763597e+03
6.934989726748732210e+03
6.868552165648246046e+03
6.879529286283877809e+03
6.832129005617597613e+03
7.060613369916674856e+03
6.730524085727694001e+03
6.861725848297983248e+03
6.845075462455297384e+03
6.816780821577380266e+03
6.842926142816417268e+03
6.760694345816366877e+03
6.763161552783063598e+03
6.333708573361304843e+03
6.659797118587869591e+03
6.813682810942539618e+03
6.625265389102543850e+03
6.895746264413171957e+03
6.653300500632175499e+03
6.696979528210893477e+03
6.965472538675336182e+03
6.713388694491796741e+03
6.819866755301790363e+03
6.940266946631213614e+03
6.786453872610085455e+03
6.721389880995223393e+03
6.749847913590380813e+03
6.866322059809438542e+03
6.658792340006320956e+03
6.875352875062708335e+03
6.768709866718799276e+03
6.734087221791603952e+03
6.835644935866762353e+03
6.844962638122920907e+03
7.020195830594120707e+03
6.893312661457414833e+03
6.778593697962445731e+03
6.862768434581204929e+03
6.965380321093391103e+03
6.890123011866994602e+03
6.833019363134611012e+03
6.911057574228330850e+03
6.793830262413136552e+03
6.967548226405107016e+03
6.961651649935822206e+03
6.657541145610579406e+03
6.804262848294957621e+03
6.953022888070146109e+03
6.485169588458010367e+03
6.687425250675342795e+03
6.798656977927834305e+03
6.730396288309510965e+03
6.759835777297622371e+03
7.027623398805505531e+03
6.829975037787467954e+03
6.925698789842465885e+03
6.940042901032073132e+03
6.886031470414466639e+03
6.928161096034224101e+03
6.888395646113757721e+03
6.927057141290877553e+03
6.683011315345022012e+03
6.818052728911407939e+03
6.744930128979078290e+03
6.791447504728352214e+03
6.644665695752027204e+03
6.836950212502328213e+03
6.888312134850912116e+03
6.728644518698329193e+03
6.981292515024625573e+03
6.809069181930162813e+03
6.834833402571411170e+03
7.021042407139361785e+03
6.965211525214909670e+03
6.124967567792276895e+03
6.715343977665181228e+03
6.883963834635132116e+03
6.835150893473139149e+03
6.756893150376255107e+03
6.989713867591129201e+03
6.845946532208025928e+03
6.954129672956186369e+03
6.816483455389356095e+03
6.821465696178858707e+03
6.933768509322651880e+03
6.803784766205524647e+03
6.700364238132679020e+03
6.836695197675618147e+03
6.624070243691557152e+03
6.875979678456247711e+03
6.793039459808984248e+03
6.782433111929442020e+03
6.611946629046368798e+03
6.482741190837400609e+03
6.501463211455020428e+03
6.851644077212988122e+03
6.817543474315762069e+03
6.798671595421154052e+03
6.548334788735160146e+03
6.926140418282092469e+03
6.915095579452920902e+03
6.890012341837719759e+03
6.738999248821858600e+03
6.910187848035274328e+03
6.486477371649364613e+03
6.847943878202157066e+03
6.863360420052791596e+03
6.647644742717509871e+03
6.887546917453506467e+03
6.801998035412846548e+03
7.082012660680558838e+03
6.718502269031620017e+03
6.965755117489386976e+03
6.786325810179349901e+03
6.918777926831892728e+03
6.827082953950794035e+03
6.818205903196539111e+03
6.720627529299636080e+03
3.373249274230449828e+03
6.647091712360516794e+03
6.822203625340964209e+03
6.793855537241501224e+03
6.721201884111925210e+03
6.818568913188535589e+03
6.886933770131538040e+03
6.576414789824551917e+03
6.864861642793671308e+03
6.793109796168844696e+03
6.886083212314556476e+03
6.674682033968961150e+03
6.723580292791256397e+03
6.651044363855453412e+03
6.885904153813966332e+03
6.902269550564234123e+03
6.900499878595184782e+03
6.932356182016505045e+03
6.720589604006230729e+03
6.782952837052359428e+03
6.779568391784516280e+03
6.786163914089388527e+03
6.847256252355778088e+03
6.915749334710378207e+03
6.931137877522726740e+03
6.819382661994266527e+03
6.877930117819842053e+03
6.776041175012821441e+03
6.792195004691420763e+03
6.682571282281537606e+03
6.812636128185897178e+03
6.665901805388482899e+03
6.784317704645998674e+03
6.786771468444841958e+03
6.909653500505425654e+03
6.946138459253045767e+03
6.684000327655688125e+03
6.839109905741696821e+03
7.011996212008911243e+03
6.914948822374397423e+03
7.011486754330805525e+03
6.909691265887032387e+03
6.997330311398180129e+03
6.902375669784137244e+03
6.902900114941746324e+03
6.867629663079900638e+03
6.759605220541366180e+03
6.905647678198291032e+03
6.905959921705803936e+03
6.706670967182293680e+03
7.021884640843592024e+03
6.882590346966759171e+03
6.906451189695088942e+03
6.895080036905093948e+03
6.867436122137289203e+03
6.915782795689053273e+03
6.924280988104630524e+03
6.964000008466354302e+03
6.943834111062988995e+03
6.905103579763321250e+03
7.002229329655722722e+03
7.010000896508686310e+03
6.749801984052206535e+03
6.848707676668635941e+03
6.815935178148115483e+03
7.011595456328095679e+03
6.671797857859109172e+03
6.808853634778082778e+03
6.929110114688117392e+03
6.961936093569535842e+03
6.951739931132384299e+03
6.819779374276145063e+03
6.935976559494763933e+03
6.886856249563489655e+03
6.933903892616580379e+03
6.859382235257738103e+03
6.857843986103267525e+03
7.117185637880977993e+03
6.942883744655055125e+03
6.593547027833594257e+03
6.900899728781310841e+03
6.810276477602037630e+03
6.897212422246079768e+03
6.727467035709813899e+03
7.035983603083180242e+03
6.967242384366621081e+03
6.976161499040884337e+03
7.037082918513893674e+03
7.021455806984461560e+03
6.956075606317130223e+03
6.786677151713403873e+03
6.690020713269093903e+03
6.895013619364688566e+03
6.777209722165103813e+03
7.006725393260464443e+03
6.954945972255235574e+03
6.859560160756285768e+03
7.108557609089356447e+03
6.916587844959432914e+03
6.997302299106351711e+03
6.945349971892123904e+03
6.899795828392472686e+03
6.723140633285116564e+03
6.855591890109090855e+03
7.002421833117355163e+03
6.957354863762802779e+03
6.858641683544780790e+03
6.996500923613236409e+03
6.922428927645336444e+03
6.747531916909388201e+03
6.789289102196962631e+03
6.872263003612537432e+03
6.806594117330879271e+03
6.707673136051898837e+03
6.814116681067183890e+03
6.863222837548841198e+03
6.746795637431000614e+03
6.890759367449916681e+03
6.903503229545293834e+03
6.963723889559300005e+03
6.908684789291238303e+03
6.854900462296765909e+03
6.710458748748126709e+03
6.954789194922054776e+03
7.008305487685568551e+03
6.844588532539030894e+03
6.893822640669424800e+03
6.754489207252111555e+03
6.990663291960312563e+03
6.783634633525036406e+03
6.891521222817267699e+03
7.031506851529844425e+03
6.858463998203360461e+03
6.879816473023980507e+03
6.850543243619709756e+03
6.902655684580173329e+03
6.960632156802776990e+03
7.004459470032689751e+03
6.983482141217635217e+03
6.731053241914229147e+03
6.876133492685566125e+03
6.835766993555993395e+03
6.903995178476970068e+03
6.717965792324698668e+03
6.862475218655481513e+03
7.049829896491560248e+03
6.534439390974390335e+03
7.012766815309627418e+03
6.993429051582371358e+03
7.010989987140844278e+03
6.941295923345639494e+03
6.895329962852650169e+03
6.930666147571043439e+03
6.870269533740663064e+03
6.762556363925831647e+03
6.837878524927743456e+03
6.930463910843439407e+03
6.942364647617099763e+03
6.892855128013025023e+03
7.026370904437789250e+03
6.831044956702472518e+03
6.853973989336602244e+03
6.923427043876075004e+03
6.935185455013575847e+03
6.952056494970567655e+03
6.973051629195466376e+03
6.899582775171218600e+03
6.947032695900197723e+03
7.030601571747606613e+03
6.908383425875174908e+03
7.024239465423742331e+03
7.038214472202431352e+03
6.925182055573352955e+03
6.918559340330715713e+03
7.000745995474749179e+03
6.961866230370923404e+03
6.857468629170273744e+03
6.894936942779024321e+03
6.839815890111578483e+03
7.014367066297780184e+03
6.788631962528447730e+03
6.874227168403902397e+03
7.020972581908446955e+03
6.851540602411577311e+03
6.966905364419351827e+03
6.920039081567203539e+03
7.067506839014742582e+03
6.964061676898424594e+03
7.043729360979627018e+03
6.844291449670507063e+03
6.823559430662687191e+03
7.035571529436053424e+03
6.978710173265719277e+03
6.923907400050051365e+03
6.874419126679220426e+03
6.988592610174913716e+03
6.894806762828959108e+03
6.953129268810443136e+03
6.879442157017986574e+03
6.946995741511736014e+03
6.770325832659775187e+03
6.988530865720699694e+03
6.890857689453842795e+03
6.942669520764135996e+03
6.885328469309981301e+03
7.007446171953859448e+03
6.765931769527079268e+03
6.983910552465780711e+03
6.724429485030194883e+03
6.770811018449146104e+03
6.987598620425781519e+03
7.035455367692646178e+03
6.822617511449369886e+03
6.762635029761520855e+03
7.199586962496031447e+03
6.896272995055395768e+03
6.945401005173563135e+03
6.943570584888838312e+03
6.931414814686049795e+03
6.788192398284631963e+03
6.850800147726598880e+03
6.950730686429362322e+03
7.033294442598586102e+03
6.941060641635946922e+03
6.931655690471858179e+03
6.712198375979683078e+03
7.028730751207341200e+03
6.806082417740938581e+03
6.710311164272761744e+03
7.025696846754192848e+03
6.953814018098461929e+03
6.861593949868946765e+03
6.897114800488644505e+03
6.737557845702022860e+03
6.898811311115217904e+03
6.954682074382462815e+03
6.906691070477597350e+03
7.027389559023961738e+03
6.743542072288679265e+03
6.978990213744491484e+03
6.975278079907019674e+03
6.978815500894337674e+03
6.979721053806071723e+03
6.799345263097783572e+03
6.792570473331913490e+03
7.060886883038215274e+03
6.872430123093713519e+03
6.954662027246691650e+03
6.973043806752913042e+03
6.921930684257254143e+03
7.018679813381732856e+03
6.993558606811192476e+03
6.959231823478509796e+03
7.035273207789947264e+03
6.833978462893560391e+03
6.956664134822972301e+03
6.962557690858661772e+03
6.931043862542784154e+03
7.018336276050676133e+03
6.945931121441823052e+03
6.811152938196131799e+03
6.802085110435641582e+03
6.969221618622950700e+03
7.001517340000496006e+03
7.043730935309777124e+03
6.795876699838973764e+03
6.950081036753029366e+03
6.963941567987935741e+03
6.884601654074416729e+03
6.983310797102840297e+03
7.074564636006961337e+03
7.012001845235947258e+03
6.848682057435647948e+03
6.956761072376284574e+03
7.014287118050775462e+03
7.093037928553556412e+03
6.801642106267500822e+03
6.940341756449847708e+03
7.010569131517618189e+03
6.840149379974895055e+03
6.821519245961599154e+03
7.017939294287404664e+03
6.999072064778069034e+03
7.067974799374827853e+03
6.894726897595807714e+03
6.907653580930399585e+03
6.956117611932022555e+03
6.981516723274122342e+03
6.730398883936402854e+03
6.851204128678362395e+03
6.971851665946785943e+03
7.032593454858313635e+03
6.995225741270176513e+03
6.986128848503071822e+03
7.004010554693562881e+03
6.870949750884885361e+03
6.961230793207860188e+03
6.919074954841426006e+03
7.066262300137248531e+03
6.777696363427421602e+03
6.863020601005547178e+03
6.936954980741886175e+03
7.060180714669326335e+03
6.906205702415774795e+03
6.999366368625508585e+03
6.897195731199050897e+03
7.050878672395174362e+03
7.136542841877682804e+03
6.872616021207837548e+03
6.595031626150781449e+03
7.022362040645720299e+03
7.121716459713868971e+03
6.996481233149183936e+03
6.866372079045872852e+03
6.616296023954841985e+03
7.056764684033448248e+03
6.850604379510996296e+03
6.995541531439682331e+03
6.915339637803586811e+03
7.005067945988959764e+03
7.036677186079720741e+03
7.013723399511402022e+03
6.739011606808962824e+03
6.845155072559664404e+03
6.979774538027303606e+03
7.063114388985191908e+03
6.859506511576633784e+03
6.091672545446873301e+03
6.997468001200430081e+03
6.969815347792875400e+03
6.910503535529349392e+03
6.942532763253132543e+03
7.071551844419046574e+03
6.929270126041451476e+03
6.989275832388279923e+03
7.130901146733000132e+03
7.034232003264827654e+03
6.926532445716808979e+03
6.966428560707158795e+03
6.704345367061710022e+03
6.798496874029874562e+03
6.986597740193354184e+03
6.807987533596137837e+03
6.894677091754215326e+03
6.847086077290850881e+03
7.167093889735467201e+03
7.168307881568887751e+03
7.100009431909763407e+03
1.888115368917000978e+03
6.944366503517213459e+03
6.943785631598479995e+03
6.957174376566938918e+03
6.757991046475570329e+03
7.006300849440518505e+03
6.952887964908654794e+03
7.130395667996862358e+03
6.959895722880056383e+03
6.967827652694624703e+03
7.049937020011885579e+03
7.033642050291935448e+03
6.850420332602740018e+03
6.916995179512982759e+03
7.039735527788636318e+03
6.962632843273610888e+03
7.096318745429807677e+03
6.794052460201753092e+03
6.882755775675966106e+03
6.953283917240209121e+03
7.067543980047200421e+03
6.829551563339457061e+03
7.086060686877917760e+03
6.997346499422003944e+03
6.988020803690989851e+03
6.868672988537404308e+03
4.740339553122139478e+03
7.044093944717457816e+03
7.005323058347324150e+03
6.919775013023519932e+03
6.897655894363959305e+03
6.798902298612035338e+03
6.960070582685456429e+03
6.914674151841659295e+03
7.062210196224777064e+03
6.957320307378082362e+03
7.015744230545016762e+03
6.849432908799682991e+03
6.934790195592685450e+03
6.902686075822248313e+03
7.101699531359254252e+03
6.991445743528030107e+03
6.966385796034135637e+03
6.973018837288947907e+03
7.142572295894813578e+03
6.920168682699050805e+03
6.838348429875585680e+03
6.953062190635513616e+03
6.863051849781540113e+03
6.902453778049837638e+03
6.904207145247225526e+03
7.021327662195550147e+03
6.925335926880736224e+03
6.974555586897388821e+03
7.024250253419207183e+03
6.914197347901178546e+03
6.954123613212798773e+03
6.935056739890556855e+03
6.964933935346779435e+03
7.002937355325196222e+03
6.895583595701002196e+03
6.917590520185473906e+03
6.874236186056857150e+03
6.906656187817877253e+03
6.996278141523131126e+03
7.110475376323620367e+03
6.827205774188647410e+03
7.101541079879126301e+03
6.983429929539521254e+03
7.060862669838493275e+03
7.038455271443991478e+03
6.962038022901474505e+03
7.089329673934307721e+03
6.820467606208017969e+03
6.963311178413529888e+03
6.831285984945115160e+03
6.652397987054156147e+03
7.052518099605015777e+03
6.926801346799158637e+03
7.002281252623109140e+03
6.954704623061918028e+03
6.855138795591517919e+03
6.980007346086949838e+03
7.100895806151597753e+03
6.939565419870449659e+03
6.919186414435462211e+03
7.067938373668976055e+03
7.042250869073146532e+03
7.071509199421673657e+03
7.002344273136633092e+03
6.962991207039484834e+03
6.948130148214647306e+03
7.001888646227029312e+03
6.786565067733747128e+03
7.115269138954695336e+03
6.848471835518595071e+03
6.879259774774965081e+03
6.835385656032616680e+03
7.133160849726133165e+03
7.137112493994664874e+03
6.104879606469843566e+03
7.021669309041255474e+03
6.854893365339916272e+03
6.995044317987752947e+03
6.930726620432982600e+03
7.017376175575369416e+03
7.072015777803556375e+03
7.071708113857362150e+03
7.061731495114273457e+03
6.940714751807423454e+03
6.994274070402655525e+03
6.970773961607029378e+03
7.013943520492334756e+03
7.052794297693034423e+03
7.136769255142353359e+03
6.845202408547866980e+03
6.986949281074456849e+03
7.079847959149358758e+03
6.883723199376501725e+03
6.929077333612665825e+03
7.003399288411713314e+03
6.897137502263655733e+03
6.988600475987904247e+03
7.026861900769575186e+03
7.168716678560967921e+03
7.020274793816068268e+03
7.044960154117928141e+03
6.872716451572399819e+03
7.052080642410267501e+03
7.092571475159936199e+03
7.155758303179326504e+03
7.014288482382266920e+03
6.957963753395721142e+03
6.778179040245810938e+03
6.971633971427808319e+03
6.944997547179708818e+03
6.898485342581429904e+03
6.883293806359122755e+03
7.058394345564905052e+03
7.011107885525391794e+03
6.988509996654575843e+03
6.973293210837125116e+03
7.142441418565183085e+03
7.119745560757595740e+03
6.804106697139573953e+03
7.140435940984785702e+03
7.118097587040425424e+03
7.109767089069758185e+03
6.937669055403819584e+03
7.081418977722400996e+03
6.928484702488404764e+03
6.795742466861192042e+03
7.046382428754839566e+03
6.985238333569836868e+03
6.847353201744283069e+03
7.050427558291402420e+03
7.071389854593344353e+03
6.743580161064519416e+03
7.038685232352952880e+03
7.063220534356007192e+03
6.971328081164585456e+03
6.990579600962781115e+03
7.096288697719021002e+03
6.906354114677781581e+03
7.216385973822276355e+03
6.924511776124902099e+03
7.163305283332182626e+03
6.999701965473438577e+03
7.078578256623239213e+03
7.032665811227780978e+03
7.058087161329262926e+03
6.957946841736446004e+03
7.029875371916481527e+03
6.750417727509136967e+03
7.021401828058365936e+03
6.971666987414898358e+03
6.867401993037479770e+03
6.909517539066765494e+03
6.957149439457379231e+03
6.967044977277177168e+03
7.006213825050127525e+03
7.044799987330608019e+03
7.015021123395131326e+03
6.898702032476460772e+03
7.035263143602128366e+03
7.113280156259515934e+03
7.082985099504947357e+03
6.958812133082227774e+03
6.974974608487745172e+03
7.044044082463417908e+03
7.175044740092179381e+03
7.057117868756562530e+03
6.972379736868387226e+03
7.048018644911724550e+03
7.023226924745015822e+03
7.145868594974333973e+03
7.249444688114347628e+03
7.038101702813510201e+03
7.230559055552006612e+03
7.217721094109222577e+03
7.092179523913386220e+03
7.046996285727780560e+03
7.093743365339310913e+03
7.040285304162893226e+03
7.095712464330070361e+03
7.026198850792001394e+03
7.040776668063885154e+03
6.977728709526053535e+03
6.931987668977197245e+03
7.188767240505935661e+03
7.155220709295022061e+03
7.068030181090624865e+03
7.297075891703385423e+03
7.113125087588249698e+03
7.101548151498954212e+03
7.153283029599166184e+03
7.213574905385847160e+03
7.069650496795078652e+03
7.163532624392371872e+03
7.235612268409738135e+03
6.897501044830901265e+03
6.967059636629307533e+03
7.176829594782429922e+03
7.055009572144397680e+03
7.125566120787294494e+03
6.930705193753092317e+03
7.057024239746086096e+03
7.326010447775532157e+03
7.142755828765200931e+03
7.119478327125694705e+03
7.127485196180653475e+03
7.222316879818225971e+03
7.104219268455135534e+03
7.146940259064413112e+03
7.239643967035656715e+03
7.274288934577705731e+03
7.169129591862612870e+03
7.269359238002903112e+03
7.077497133747092448e+03
7.265656030425400786e+03
7.345216763512797115e+03
7.215070306705025359e+03
7.150235424032753144e+03
7.245099006095543700e+03
7.128198251147819064e+03
7.131625002223727279e+03
7.262442795683926306e+03
7.256575038469978608e+03
7.138303639890860723e+03
7.147172417500626580e+03
7.268324103191266659e+03
7.210048648444475475e+03
7.304703720539815549e+03
7.183065526234131539e+03
6.937866570675717412e+03
7.175375000684518454e+03
7.239598153736578752e+03
7.238557641800249257e+03
7.298172531848375911e+03
7.257125778827318754e+03
7.171038269804635092e+03
7.132679986570326037e+03
7.229255463682712616e+03
7.214670396219070426e+03
6.989099729658262731e+03
7.243913525087999915e+03
7.092779508908092794e+03
7.176290808869394823e+03
2.750336123373852843e+03
6.998433537701739624e+03
7.126400693789258185e+03
7.074779108758008988e+03
7.119623270963112191e+03
7.084809968055113131e+03
7.248355401363143756e+03
7.286633865174479979e+03
7.148285127931444549e+03
7.253715963107414609e+03
7.165512599265152858e+03
7.382302524959468428e+03
7.362836737969145361e+03
7.139673141984730137e+03
7.258931220884834147e+03
7.090141007712766623e+03
7.238815325396798471e+03
7.090368205719303660e+03
7.232212441327594206e+03
7.173281686700521277e+03
7.191963422459285539e+03
7.296029656718441402e+03
7.195507652120096282e+03
7.251885379561798800e+03
7.041279735753515524e+03
7.256776338232555645e+03
7.284488822352847819e+03
7.054702786346398170e+03
7.269001982162256354e+03
7.228388812994412547e+03
7.184552595559785004e+03
7.226354144156238362e+03
7.402801193475584114e+03
7.191439209189110443e+03
7.140719804704623130e+03
7.365348978780100879e+03
7.238616207218878117e+03
7.293857480154697441e+03
7.199608238650821477e+03
7.202194770665006217e+03
7.173573142774313965e+03
6.904539808951667510e+03
7.244748237439327568e+03
7.147861072235819847e+03
7.418391417352020653e+03
7.089474407004313434e+03
7.256237595434173272e+03
6.949852176268679614e+03
7.228808089816594475e+03
7.425316365918937663e+03
7.223919943332404728e+03
7.349248387941925102e+03
7.142857512726144705e+03
6.978067125783762094e+03
7.297703690878424823e+03
7.081931694221693760e+03
7.052927445110422923e+03
7.270553282578651306e+03
7.165376672833197517e+03
7.188455653450103455e+03
7.064927956639256081e+03
7.263869369198458116e+03
7.235898778688888342e+03
7.351500901754576262e+03
7.355985952811776770e+03
7.044003384509253010e+03
4.094664772343284312e+03
7.332077765482044015e+03
7.277047475017034230e+03
7.245167163035557678e+03
7.362399064693978289e+03
7.337990850913407485e+03
7.082029336251303903e+03
7.202316567408543960e+03
7.340052471309923931e+03
7.312428483577352381e+03
7.051077314742250564e+03
7.315816607194294193e+03
7.379049642642159597e+03
7.296226559392276613e+03
1.601452568615730115e+03
7.066141983002567940e+03
7.013986029543663790e+03
7.198313072844298404e+03
7.319907820238303430e+03
7.369242882259592989e+03
7.283577855426226051e+03
7.058195407817861451e+03
5.765838602906866981e+03
7.143854072012030883e+03
7.152987850060847450e+03
7.401904463201901308e+03
7.184302765599023587e+03
7.029186900525899546e+03
7.271131925331708771e+03
7.308662371745434939e+03
7.440765401218955049e+03
7.214346373234800922e+03
7.097229382249994160e+03
7.230497297574940603e+03
7.044162234379121401e+03
7.270045359734228441e+03
7.421115692437866528e+03
7.263773578062950946e+03
7.420307494676337228e+03
7.336453269449204527e+03
7.367706820670974594e+03
7.332516431543368526e+03
7.357457201614499354e+03
7.392408288730242930e+03
7.238684021368246249e+03
7.331703408751918687e+03
7.253837138406116537e+03
7.280894879006023984e+03
7.367028969872631023e+03
7.365185174417003509e+03
7.277530355456663528e+03
7.317173559776878392e+03
7.258856681287737047e+03
7.270590479875890196e+03
7.328213304060150222e+03
7.222362151231831376e+03
7.417829429232016082e+03
7.326868947851011399e+03
7.291864803499654954e+03
7.158804901212525692e+03
7.268643097770373970e+03
7.115720100136537440e+03
7.276539515045928965e+03
7.411893649734473911e+03
7.252653675505050160e+03
7.072751617887006432e+03
7.377264846730327918e+03
7.102858135957999366e+03
7.358786533590417093e+03
7.174672497457247118e+03
7.155125720957108570e+03
7.284193827224567030e+03
6.852306856962838538e+03
7.277067799878589540e+03
7.426991474739149453e+03
7.373406046075238919e+03
7.351484964561202105e+03
7.154939332131710216e+03
7.363723302398803753e+03
7.332929632521032545e+03
7.283808260087706913e+03
7.285316004584281472e+03
7.328213977957975658e+03
7.399014982567178777e+03
7.221154136023621504e+03
7.305165955726025459e+03
7.429594619996402798e+03
7.257505512840006304e+03
7.505855694273323934e+03
7.416496690382356974e+03
7.065329151957973409e+03
7.180641573382931711e+03
7.343752641912366926e+03
7.309601870863151817e+03
7.382202365831302814e+03
7.331659163967936365e+03
6.887873353167882669e+03
7.329291086140509833e+03
7.336387820606972127e+03
7.342774859728972842e+03
7.111026580411288705e+03
7.337882750081678751e+03
7.142735210605029351e+03
7.370820233970075606e+03
7.242637360037930193e+03
7.298213224292800078e+03
7.245231120305794320e+03
7.352206752646038694e+03
7.337719737820680166e+03
7.130379815013612642e+03
7.277765115993573090e+03
7.432750086316948909e+03
7.314921359463605768e+03
7.259237753828903806e+03
7.396126395080999828e+03
7.201948594713328021e+03
7.406524585506568656e+03
7.234363456915489223e+03
7.330751212142846271e+03
7.381333115493006517e+03
7.347415809258805893e+03
7.342462530923022314e+03
7.305159778777760948e+03
7.281213168016503914e+03
7.345078370495002673e+03
7.347505807928859213e+03
7.340722813557166774e+03
7.238321456347118328e+03
7.305123071919751055e+03
7.472089666932588443e+03
7.224956975050084111e+03
7.066052541380282491e+03
7.207609235556192289e+03
7.120162512221932957e+03
7.341740488344343248e+03
7.332617278851806077e+03
7.155147541777133483e+03
7.299763146933344615e+03
7.223544225691840438e+03
7.185054662214914970e+03
7.162158059431330912e+03
7.064095028043323509e+03
7.294803609095565662e+03
7.169393061617877720e+03
7.242793781937797576e+03
7.382913727841734726e+03
7.340537765887698697e+03
7.196825445061137543e+03
7.351187516993646568e+03
7.420722255782820866e+03
7.513674767584598158e+03
7.404900731564799571e+03
7.457412115436139175e+03
7.296658742039509889e+03
7.387665459542712597e+03
6.834116270576349962e+03
7.423509714130218526e+03
7.285838185825162327e+03
7.489520164219478829e+03
7.358803151612531110e+03
7.208148578355456266e+03
7.523302951167247556e+03
7.345899001508399124e+03
7.299272839242137707e+03
7.329799470125720291e+03
7.388887550639813526e+03
7.145024832190948473e+03
7.264491624643946125e+03
6.920562269152534100e+03
7.359037246940341902e+03
7.266300416671767380e+03
7.398976621266654547e+03
7.329888436809161249e+03
7.226694662005288592e+03
7.403466009344330814e+03
7.291228333016512806e+03
7.319126693853835604e+03
7.208204878498583639e+03
7.316019157574599376e+03
7.340555928731196218e+03
7.094715449360485763e+03
7.377973947471075917e+03
7.191470763817559600e+03
7.367939733341793726e+03
7.375641371346856431e+03
7.351685403695748391e+03
7.212003368380482243e+03
7.019535000231417143e+03
7.355245816043756349e+03
6.877823720406182474e+03
7.482463618936732928e+03
7.298879067723293701e+03
7.217237295641880337e+03
7.047927488029408778e+03
7.414302626679699642e+03
7.411193854682989695e+03
7.451753575940028895e+03
3.524949068421818993e+03
7.220942047497470412e+03
7.121758728820049328e+03
7.172049008628380761e+03
7.321216668475352890e+03
7.273129882281358732e+03
7.111019266458317361e+03
7.465365398397868375e+03
7.292066232414935257e+03
7.315204191652955160e+03
7.376339725688531871e+03
7.514037279417401805e+03
7.212941741869100952e+03
7.338153998151101405e+03
7.363263232431108008e+03
7.298727271865436705e+03
7.369401719404106188e+03
7.225913320223723531e+03
7.397200205616415587e+03
7.019345631107088593e+03
7.236713859000256889e+03
7.221250331018221004e+03
7.284720928177754104e+03
7.510868337213350969e+03
7.275699441171672333e+03
7.453390511219233304e+03
7.479635591962192848e+03
7.444370370078854648e+03
7.218168449450003209e+03
7.148186842853249800e+03
7.409631567373374310e+03
7.351738543376940470e+03
7.435436756106440043e+03
7.489218710889338581e+03
7.572799992613366157e+03
7.367789399075875735e+03
7.498785761965046731e+03
7.197934322382608116e+03
7.342051218320706539e+03
7.453854988208670875e+03
7.185758739172243622e+03
3.509501391636003405e+02
7.344348447853292782e+03
7.488806740957840702e+03
7.230385838631248589e+03
7.225120419076577491e+03
7.345114577357557209e+03
7.462255166917703718e+03
7.583927851885946438e+03
7.323257213473156298e+03
7.478889701577576488e+03
7.335516278427068755e+03
7.099410415783024291e+03
7.567507685539705562e+03
7.563525606296591832e+03
7.455743616140375707e+03
7.301179953853519692e+03
7.362622051938936238e+03
7.228066656124367000e+03
7.409155297410283310e+03
7.449393837546947907e+03
7.273281318348869718e+03
7.077308580400052051e+03
7.598274465176803460e+03
7.256225406188080342e+03
7.457243813705496905e+03
7.460726547376350936e+03
7.381451978386205155e+03
7.394100365083801989e+03
7.108452239533750799e+03
7.129517315929108008e+03
7.659153850940181655e+03
7.246691568478702720e+03
7.325319234426786352e+03
7.406519423316895882e+03
7.568126867999691058e+03
7.410761287178460407e+03
7.352055415501142306e+03
7.061187239011597740e+03
7.387972716765132645e+03
7.584660249534857030e+03
7.093609457372096585e+03
7.384796260448975772e+03
7.363959102431516840e+03
7.203728803313008939e+03
7.542423232611757157e+03
7.584483186886884141e+03
7.245965323243089188e+03
7.561734265556924584e+03
7.443665338062166484e+03
7.415585063353232727e+03
7.497996315225365834e+03
7.468775673155765617e+03
7.437283818104298007e+03
7.081243097280226721e+03
7.713983500096363969e+03
7.627245845196234768e+03
7.484706889749805669e+03
7.428884619807054150e+03
7.519247331113163455e+03
7.465031390717989780e+03
7.495692271452492605e+03
7.527491991310478625e+03
7.410341746395538394e+03
7.506453212704719590e+03
7.683799113031805973e+03
7.517424525693803844e+03
7.518586209384654467e+03
7.703131841370019174e+03
7.494848311993543575e+03
7.605847935969764876e+03
7.543212058483917644e+03
7.726873540855522151e+03
7.741734201861731890e+03
7.483743836775796808e+03
7.693425707962600427e+03
7.494452006497535876e+03
7.679854260507271647e+03
7.535659582304050673e+03
7.724084042893393416e+03
7.477414003542134196e+03
7.518731311628887852e+03
7.584354366032046528e+03
7.489019165500119016e+03
7.557263281725368870e+03
7.804089481568702467e+03
7.481325818099759090e+03
7.526795433939528266e+03
7.635501693365033134e+03
7.337026381549708276e+03
7.722214907902345658e+03
7.618092956605421023e+03
7.601291680570814606e+03
7.639534355987233539e+03
7.687059506659794351e+03
7.759333578584695715e+03
7.661971515055113741e+03
7.750465837086603642e+03
7.415749032914524832e+03
7.545774008092915210e+03
7.554622779614101091e+03
7.656769258630481090e+03
7.540389794591054851e+03
7.856717540667629692e+03
7.502878154052120408e+03
7.625717763756390923e+03
7.588749692184819651e+03
7.575011898885244591e+03
7.490679828250378705e+03
7.713135885704716202e+03
7.439892645015603193e+03
7.615515787042548254e+03
7.714265204142951006e+03
7.562364734219047932e+03
7.688957312298462966e+03
7.691887059639167092e+03
7.326861651263644490e+03
7.798210333137050839e+03
5.645290194000992415e+03
7.845885099816167894e+03
4.309588561574601044e+03
7.679349807151558707e+03
7.586738217358157272e+03
7.691837808919841336e+03
7.638464518294950722e+03
7.749003071576685215e+03
7.699280110666240034e+03
7.731354772778437109e+03
7.710885904935667895e+03
7.744611132199993335e+03
7.556540958527291878e+03
7.695936423003186064e+03
7.680961427300177093e+03
7.765429577075154157e+03
7.432960608614127523e+03
7.742825781546946018e+03
7.781117408781304221e+03
7.501261222604380237e+03
7.794233737165054663e+03
7.866748163061804917e+03
7.717337070121266152e+03
7.823559119834503690e+03
7.796266899061602999e+03
7.743585090810977817e+03
7.480423546788774729e+03
7.769173471970905666e+03
8.006497640438552480e+03
7.830513975541061882e+03
7.830646268066100674e+03
7.632515259222622262e+03
7.712212256329177762e+03
7.802385321658506655e+03
7.608846690527957435e+03
7.623137066153578417e+03
7.746322628934633030e+03
7.546333017950487374e+03
7.774938978235260038e+03
7.750277695232819497e+03
7.930514774070743442e+03
7.736345596207154813e+03
7.781951025140420825e+03
7.819626514737732577e+03
7.702928145563843827e+03
7.494127450413676343e+03
7.682737343859899738e+03
7.758522797839937084e+03
7.841267465947721576e+03
7.735053244415173140e+03
7.719327500555263214e+03
7.393160972572083665e+03
7.422601231778631700e+03
7.956442014554283560e+03
7.888649958856251942e+03
7.929085852529562544e+03
7.581423251425631861e+03
7.622794259749431149e+03
8.120211473392970220e+03
7.963767342104541967e+03
7.834474983868818526e+03
8.007039332327695774e+03
7.784714186585284551e+03
7.825462258548452155e+03
7.794756296530822510e+03
8.101936745008320031e+03
7.863877009376134993e+03
7.746381758638636711e+03
7.670892844584107479e+03
7.689927124377442851e+03
7.595542272338049770e+03
7.659516118056627420e+03
4.300510356158235481e+03
1.524131533770665328e+03
-4.612784934992408239e+02
-6.160707835922593176e+02
-5.937079184653830453e+02
-6.173240303743738195e+02
-5.622765733322596589e+02
-4.663310467295262356e+02
-4.317336808315455983e+02
-4.333464117617009492e+02
-3.466239837855780479e+02
-2.690053939786469641e+02
-3.808382109479923088e+02
-3.670618469899875436e+02
-3.880411360996118901e+02
-4.567839083972383492e+02
-4.778921146444821488e+02
-4.580362073086647001e+02
-2.759026371597416301e+02
-2.661732094006358693e+02
-6.157408214262771935e+02
-3.111319321703898026e+02
-3.701939676116610372e+02
-4.128246795673641145e+02
-2.565677327091954680e+02
1.031035798021535584e+03
-2.699840039738063524e+02
2.174084775700112289e+02
-1.468483339534444383e+02
3.621670694433208837e+02
4.550739209271877371e+03
5.193495886055256960e+03
5.128523074370053109e+03
4.343093987507458223e+03
5.807614338283809957e+03
5.519673426768205900e+03
5.954767462852019889e+03
6.622761609482810854e+03
6.500899860727287887e+03
6.037903099997642130e+03
6.518454183044515048e+03
6.604800311901408350e+03
6.623491451272511767e+03
7.162922238757658306e+03
6.719198251506332781e+03
6.934389839443601886e+03
6.758310112630832009e+03
7.072482967992435078e+03
7.024468416505919777e+03
7.082376642124939281e+03
6.975766253182335277e+03
7.235275557092366398e+03
5.980483938422773463e+03
7.340814686630417782e+03
7.230498474947183240e+03
7.229036707582784402e+03
7.154309466713057191e+03
7.242666216927929781e+03
7.393565901181252229e+03
7.290805893406489304e+03
7.300867757275414078e+03
7.348358764127500763e+03
7.135091639954517632e+03
7.390630750214639193e+03
7.342551869800103304e+03
7.538720605518947195e+03
7.584683439542813176e+03
7.326221036785475917e+03
7.296194225936750627e+03
7.626378839209867692e+03
7.383990778760741705e+03
7.137894766230959249e+03
7.602824788769795305e+03
7.516709037798349527e+03
7.321884644861369452e+03
7.598834011119410206e+03
7.525133708174500498e+03
5.859065032844225243e+03
7.514939427409838572e+03
7.755629025862741400e+03
7.711930688492047921e+03
7.520440851997386744e+03
7.614886321448642775e+03
7.557722885818912800e+03
7.665567719237085839e+03
7.845326999128911666e+03
7.765381593204597266e+03
7.665625059326417613e+03
7.397637991597997825e+03
7.487600119747759891e+03
7.604853777735277617e+03
7.551897769989150220e+03
7.534494313474624505e+03
7.641945000764286306e+03
7.336328417653485303e+03
7.618094982162790984e+03
7.730248210870598996e+03
7.581286099187441323e+03
7.874884874233591290e+03
7.773680661456898633e+03
7.525355477102853001e+03
7.627505119314348121e+03
7.626550755505164489e+03
7.316948034175029534e+03
7.703441375849418364e+03
7.720387777667976479e+03
7.930118757520194777e+03
7.523724601694939338e+03
7.901874064803377223e+03
7.769789744891881128e+03
7.504509015321807055e+03
7.771383726245423532e+03
7.860923366131170042e+03
7.623010489457647054e+03
7.626890234796839650e+03
7.469868290063337554e+03
7.834775549891520313e+03
7.657983571533161921e+03
7.676712054710739721e+03
7.893717602930876637e+03
7.591783066160821363e+03
7.779168056973841885e+03
7.738628290654669399e+03
7.934712618680235209e+03
7.696155832754090625e+03
7.760344103480583726e+03
7.883591504644879933e+03
7.680507141690616663e+03
7.966507364977963334e+03
7.661576158979433785e+03
7.852949173423963657e+03
7.601457042699099475e+03
7.562393520860762692e+03
7.635413491636193612e+03
7.759607297448299505e+03
7.715344469137272426e+03
7.673190184880325432e+03
7.749890482012696339e+03
7.873812604314902273e+03
7.806094847096384001e+03
7.710100074403860162e+03
7.775066223085591446e+03
7.769578980760884406e+03
7.870021111135566571e+03
7.874324582679430023e+03
7.957165317286964637e+03
7.751943301477717796e+03
7.931380110250981488e+03
7.999057478097298372e+03
7.824872001460530555e+03
7.786171771412821727e+03
7.755054281383330817e+03
7.794117637743239356e+03
7.937801138565851943e+03
7.891277516290855601e+03
7.604914450816928365e+03
7.913963474545101235e+03
7.782479258337204556e+03
7.653426177987212213e+03
8.015293344674996661e+03
7.741149749524434810e+03
7.768709578071310716e+03
7.742801496901449354e+03
7.451726034317982339e+03
7.794414968624287212e+03
7.730971944649118086e+03
7.864156560156850901e+03
7.802194395673755935e+03
8.007162785012620589e+03
7.898800638110388718e+03
7.722821570965944375e+03
7.900851088314093431e+03
7.907298703024830502e+03
7.960182591435160248e+03
7.629317867378229494e+03
8.053234715815689015e+03
7.782873153063496829e+03
7.816266319164280503e+03
7.695293726667289775e+03
7.886319918280463753e+03
7.980185424115686146e+03
7.813122667765360347e+03
7.856622241423158812e+03
7.780060402182934922e+03
7.820572004198039394e+03
7.923008688494796843e+03
7.973132741580239781e+03
7.785052332307598590e+03
7.923850783965556730e+03
7.886556349135583332e+03
7.878700180060721323e+03
7.834518420873771902e+03
7.795656935151278958e+03
7.937933007460230328e+03
7.829573885435473130e+03
7.869838810261991057e+03
7.875852727983634395e+03
8.064304047099050877e+03
5.008189707259843090e+03
7.904651024145254269e+03
7.861816549709301398e+03
7.654752951582204332e+03
7.889404527358207815e+03
7.993187703532044907e+03
7.959776085016774232e+03
7.715276912539408841e+03
7.867105627489922881e+03
7.990477695283995672e+03
7.843978892648505280e+03
7.995120015646972206e+03
7.850692433834095937e+03
7.830712098519450592e+03
8.032622376979619730e+03
7.950150570993812835e+03
7.738779430948236950e+03
7.899321816030868831e+03
7.971842279538465846e+03
7.810581369355580136e+03
7.867306171156445089e+03
7.908997228749526585e+03
7.810214571131238699e+03
7.754183093024402297e+03
7.987409608469926752e+03
7.870535882067420062e+03
7.837814135752774746e+03
8.004577566032506184e+03
7.884390843976269025e+03
7.911467803894216559e+03
8.009796125149784530e+03
7.827285613805583125e+03
7.907024096946187456e+03
7.965925069797199285e+03
7.782888424584831228e+03
8.001159721362380878e+03
8.004361444541839774e+03
7.866467116278843605e+03
7.781711129425985746e+03
7.922273600580016137e+03
7.976089272317384712e+03
8.041828347389856390e+03
7.901282091845870127e+03
7.880686153558805927e+03
8.007389090828947701e+03
7.934165598200513159e+03
7.993027839453512570e+03
7.982650935914405636e+03
7.992908484542635051e+03
8.004271438415260491e+03
7.786813010088293595e+03
7.999030480705379887e+03
8.044168915622815803e+03
7.968500200615599169e+03
8.162219754455112707e+03
7.760131361046142047e+03
8.046189921923517431e+03
7.872079145708917167e+03
8.106071218694447452e+03
8.020850854926596185e+03
8.041122178970470486e+03
7.893886641470634459e+03
8.027695151574590454e+03
7.982640321164097259e+03
7.948659363263243904e+03
7.988102279630817065e+03
8.174168470107399116e+03
7.897691552539169606e+03
8.053740853666080511e+03
7.784565714892555661e+03
7.929466030594662698e+03
8.035234840583048026e+03
7.999927021778361450e+03
8.011568107460891952e+03
7.977501340670263744e+03
8.223194376207924506e+03
7.968515725412101347e+03
7.994775270805692344e+03
8.069490679883837402e+03
8.011544899655322297e+03
8.035348693681716213e+03
7.917892514514629511e+03
8.078009976370294680e+03
8.013391174293357835e+03
8.119626366638769468e+03
8.199592093089237096e+03
8.139136494543819936e+03
8.154593071695667277e+03
7.875899682777162525e+03
8.068543981812059428e+03
8.124920628213815689e+03
8.118157992059014759e+03
8.006748768225452295e+03
8.203798642685200321e+03
7.995197684852514612e+03
7.865924418324872931e+03
8.015585412426335097e+03
8.029230356967159423e+03
8.111786561761530720e+03
8.039765772836552060e+03
8.122882909560387816e+03
8.006869675702540007e+03
8.098769263290250819e+03
8.141586400792826680e+03
7.890861871726890968e+03
7.812466238856679411e+03
8.077309512455842196e+03
8.046530722508408871e+03
8.179839578537847046e+03
8.160551765969148619e+03
8.169789518739162304e+03
8.193039238533667231e+03
8.188232880065821519e+03
8.177759508467908745e+03
8.095032157676851966e+03
8.285845823965753880e+03
7.964353181265110834e+03
8.265057877506638761e+03
8.232775467089248195e+03
7.870927857634325846e+03
8.230744488888069100e+03
8.264478112823084302e+03
7.958447979574522833e+03
8.178894868053236678e+03
8.043126845200225944e+03
8.022219650392888980e+03
8.368855628848688866e+03
8.133660971844985397e+03
8.181901316411742300e+03
8.149327188100714920e+03
8.184900052113260244e+03
8.272512764677003361e+03
8.247673237190214422e+03
8.129704016195807526e+03
8.148753588079055589e+03
8.123121570944060295e+03
8.156863471909196051e+03
8.222411747394660779e+03
8.066894578739425015e+03
8.136352473722724426e+03
7.994470281261957098e+03
8.309630031152333686e+03
8.226796371098203963e+03
8.426962117715986096e+03
8.323935406211243389e+03
8.283481526782734363e+03
8.128669992203316724e+03
8.162305438939061787e+03
8.342102104293073353e+03
8.263157103578099850e+03
8.017481630768685136e+03
8.128633837849151860e+03
8.235075966878577674e+03
8.246974582025128257e+03
8.344911999832838774e+03
8.058242016168524060e+03
8.234093177536145959e+03
8.252574598367393264e+03
8.334495287104706222e+03
8.133281788736329872e+03
8.349875711758557372e+03
8.257313396348154129e+03
8.433874322639236198e+03
8.358138915545352575e+03
8.363506460464561314e+03
8.365775112018371146e+03
8.147404609182316563e+03
8.043030740253772819e+03
8.421592003894071240e+03
8.299088888725151264e+03
8.102208650013943043e+03
8.309494022840279285e+03
8.164225230956231826e+03
8.202545157252425270e+03
8.186982408686058079e+03
8.296530293907691885e+03
8.188687975686350001e+03
8.119532694116191124e+03
8.352198668582057508e+03
8.311867646302298454e+03
8.373160714674229894e+03
8.482231526974155713e+03
8.617230648886643394e+03
8.172174233906162044e+03
8.232231590560017139e+03
8.486963210961754157e+03
8.319139230481447157e+03
8.348134181465788060e+03
8.103268807586553521e+03
8.558239860234119988e+03
8.229098898183625352e+03
8.413177317086307085e+03
8.642327094774695070e+03
8.441801053254062936e+03
8.417000877989492437e+03
8.487051023458921918e+03
8.549640908297467831e+03
8.702554133820638526e+03
8.750273972706409040e+03
8.651108823734219186e+03
8.609667087802088645e+03
8.903160203104904213e+03
8.508534876419023931e+03
6.456241821167819580e+03
8.426670275646818482e+03
8.649350740701052928e+03
8.686657022362116550e+03
8.779243775491851920e+03
8.710072783174638971e+03
8.850875063593315645e+03
8.649786192920502799e+03
8.741470729488177312e+03
8.560074987852243794e+03
8.785866987373930897e+03
8.690764147321784549e+03
8.806789874104049886e+03
8.675056133065194444e+03
8.929071409356956792e+03
8.871089155411129468e+03
8.769491253268877699e+03
8.750305346950803141e+03
8.492934206023321167e+03
8.828301668347288796e+03
8.830428241083811372e+03
8.829029076673428790e+03
1.746627196876812150e+03
9.092753525894957420e+03
8.858478388968360377e+03
8.903964546317243730e+03
8.918574630668765167e+03
9.051965535211496899e+03
8.970710227446890713e+03
9.129328221739160654e+03
8.943294321026703983e+03
8.985744424406675535e+03
8.858029129826451026e+03
9.006374931937803922e+03
8.902461500656669159e+03
9.299431150032811274e+03
9.200634112181071032e+03
8.524488299414422727e+03
8.858168507279828191e+03
9.129899939728162281e+03
8.834666547729189915e+03
9.016719927291300337e+03
9.233948625243807328e+03
9.120883016470364964e+03
8.956670964528208060e+03
9.411124088658052642e+03
9.189130347297275875e+03
9.243050405542782755e+03
9.491058418095659363e+03
9.316131856323283500e+03
9.287889081442124734e+03
9.298890927754193399e+03
9.277821950174131416e+03
9.064818814614140138e+03
9.550922174665864077e+03
9.582468102147104219e+03
9.328639010271539519e+03
9.319588622940787900e+03
9.392144758023998293e+03
9.314459299766300319e+03
9.473602186921121756e+03
9.647185854227209347e+03
9.409463380574210532e+03
9.426615406898676156e+03
9.107685346537442456e+03
9.412959922727939556e+03
9.540571324052167256e+03
9.525257402531578919e+03
9.568802461120270891e+03
9.401520219460295266e+03
9.685875753427244490e+03
9.207811133604895076e+03
9.461765913002889647e+03
9.502982748676808114e+03
9.509815084961512184e+03
9.244561880842653409e+03
9.484204317122968860e+03
9.650515934854967782e+03
9.609654557020194261e+03
9.551211470276573891e+03
6.604584984420264846e+03
9.449553794648365511e+03
9.454258761905177380e+03
9.524824597376325983e+03
9.540847553915462413e+03
9.578810113485336842e+03
9.445548412937394460e+03
9.526510664095570974e+03
9.481716667582481023e+03
9.563776718283314040e+03
9.412990631191720240e+03
9.716884433734334380e+03
9.693965973556945755e+03
9.688171233973765993e+03
9.603713737753165333e+03
9.505004211858742565e+03
9.797083135263559598e+03
9.733973988168576398e+03
9.428340123249807220e+03
9.774909407902079693e+03
9.629692994630935573e+03
9.151240163648859379e+03
9.433153151971449915e+03
9.330861288743928526e+03
9.780551426813912258e+03
9.919745170491711178e+03
9.382795537931393483e+03
9.544924841001880850e+03
9.761464603650363642e+03
9.325751393887567247e+03
9.824440449458777948e+03
9.555063626016575654e+03
9.772544996128881394e+03
9.599616153838022001e+03
9.994679729322484491e+03
9.615841813966297195e+03
9.683804384469369325e+03
9.534795272584660779e+03
9.726056452512057149e+03
9.432685154344126204e+03
9.503786225813517376e+03
9.504836365015864430e+03
9.632028288010493270e+03
9.511195224143695668e+03
9.873243057732879606e+03
9.732427517375734169e+03
1.003881582254783098e+04
9.909435010828596205e+03
9.992692385308642770e+03
9.722025093852456848e+03
9.608866637898154295e+03
9.943717651830153045e+03
9.888546058429432378e+03
9.602240057186527338e+03
9.797859056895778849e+03
9.952267951514797460e+03
1.011513036084073610e+04
1.004845292224932746e+04
9.542391182878580366e+03
9.502449639094578743e+03
1.000465282539125838e+04
9.957689618685883033e+03
9.906527434448267741e+03
9.990507295977486137e+03
1.011481719987152246e+04
9.693547119364720857e+03
9.736345687028182510e+03
1.011680729642386541e+04
1.007511800781916827e+04
8.740382836826165658e+03
9.770233628618510920e+03
9.956635466096828168e+03
9.773579448594657151e+03
9.742132197330551207e+03
1.003285517172992331e+04
9.941005309625745213e+03
9.703778920311391630e+03
9.997553963094727806e+03
1.002654116136429184e+04
9.801664080578535504e+03
9.698127233925990367e+03
9.814396326935266188e+03
9.969695799706563776e+03
9.678599471887839172e+03
9.692780869576821715e+03
1.033735982227485511e+04
1.006293031752242314e+04
1.010079368795849950e+04
1.000429852980717078e+04
9.847739677343366566e+03
9.892159873184278695e+03
9.952543275290554448e+03
9.459717023362387408e+03
9.836582620299675909e+03
6.872208210546053124e+03
1.009289435017773212e+04
9.810538114815735753e+03
1.023537263340132085e+04
9.701374326521958210e+03
9.471166173211609930e+03
1.033363856147614752e+04
9.837208995013555977e+03
1.006493198648839643e+04
9.925019288908797535e+03
9.935457896089263159e+03
1.011734675370377590e+04
9.931261328194406815e+03
1.000705905690396139e+04
9.949202985926933252e+03
9.733119356873283323e+03
9.855070741947034549e+03
1.016765776731025289e+04
7.262406645192841097e+03
1.005526921906657299e+04
1.023795044086767484e+04
9.691512221593107824e+03
9.722757888797783380e+03
9.995691828157901909e+03
9.629764860013734506e+03
9.744995410216124583e+03
9.535673873039273531e+03
5.253514990311005022e+03
9.716890827010525754e+03
1.033109358488547696e+04
9.948208151672699387e+03
1.008095408011503059e+04
1.015437728243043421e+04
9.862032223197451458e+03
9.951722981900855302e+03
1.002008627852064092e+04
9.934063750771911145e+03
1.011282767267204508e+04
9.931808667719165896e+03
9.896705689891943621e+03
9.491453420082163575e+03
1.020365474849713792e+04
1.003754207855241475e+04
9.934921404086273469e+03
1.008521698150525117e+04
1.039413855272379078e+04
9.969923109342453245e+03
1.007138737278187182e+04
1.002895990728992183e+04
1.013034932936675068e+04
1.020816405979042429e+04
1.009618599618118060e+04
9.902804284078354613e+03
1.015938778065506813e+04
1.034847478572151886e+04
1.025058546005041717e+04
1.042107128297514828e+04
9.770008820216222375e+03
1.056555427467130357e+04
1.018544143546678242e+04
1.024087213079126559e+04
1.037774646778626811e+04
1.045629381251362065e+04
1.058527899505401365e+04
1.035971021559278779e+04
9.939359681581709083e+03
1.047661038944283246e+04
1.057800592809458794e+04
1.025636440696414684e+04
9.858035141426156770e+03
9.608132170958331699e+03
9.675525718949840666e+03
9.839850196934319683e+03
1.048671320149303938e+04
1.005674362067787843e+04
1.053751338095284154e+04
1.009093200955373686e+04
1.031077724150140602e+04
1.054506176706370570e+04
1.033285172503885951e+04
1.023061520565781393e+04
1.016522204187427997e+04
1.029514597446372318e+04
9.959622631492276923e+03
1.045935895555341085e+04
1.062381032450156272e+04
1.024960542859514680e+04
1.029894747575945075e+04
1.010176318938168151e+04
1.048614860943859821e+04
1.058916588158726881e+04
1.054988700135309227e+04
9.675520450970347156e+03
1.033465948215148273e+04
1.044995894630927251e+04
1.016266305795395056e+04
1.063744308733518847e+04
1.054612962307818452e+04
1.021319418435398620e+04
1.014305653368123239e+04
9.359900887760179103e+03
1.023392112493065360e+04
1.033946672315508476e+04
1.061447840249941510e+04
1.004017046054152343e+04
1.058371161684561594e+04
1.069264825976468092e+04
1.072170067730633309e+04
1.048846401923511985e+04
1.062325265357517310e+04
1.032407485512452877e+04
1.030472095843847092e+04
1.011379608101418125e+04
1.000439495794672985e+04
1.045974466658287565e+04
1.013399220547739787e+04
1.030790407765235614e+04
1.060281406334857274e+04
1.021759792824888245e+04
1.021256235271522746e+04
6.951758315736457007e+03
9.863856885093464371e+03
1.033632242502126428e+04
5.552487411308141418e+03
1.074024002994011244e+04
4.029317991658912433e+03
1.047742112839758374e+04
9.509149385284901655e+03
1.041251462062684550e+04
1.071752169158498509e+04
1.031739356779784248e+04
1.017067138228543990e+04
1.050974646439807475e+04
1.026290144143110228e+04
1.034546092407320430e+04
7.365299109503481304e+03
1.055930869892800183e+04
1.054826826467445608e+04
1.031406974375255595e+04
7.168603431662346338e+03
1.061187876441045046e+04
1.057359668228218652e+04
1.058654101694068959e+04
1.073970985028276482e+04
1.072302984205644316e+04
1.065092955172223810e+04
1.034094567524193735e+04
1.000940927699239546e+04
1.049793446799813319e+04
1.040547113954351153e+04
1.045652942293897104e+04
9.749367152355154758e+03
1.017437117013459647e+04
1.074252890983638645e+04
1.085929708361695884e+04
1.068217479205837662e+04
1.061004975710205144e+04
1.081690874593318222e+04
1.068503185843672509e+04
1.005440754212440334e+04
9.979040260885638418e+03
1.047507853472805618e+04
1.061858701323786772e+04
1.051279496472162828e+04
5.048159277372095858e+03
1.072720190001690207e+04
1.016910688653052239e+04
1.028081975168268764e+04
1.043730211594662433e+04
1.068603807297913045e+04
1.072474861894191235e+04
1.062618540282437425e+04
1.031238484205590976e+04
9.957891217985283220e+03
1.023515772344093239e+04
1.073606517396561867e+04
1.028215535500740771e+04
1.025011431932027517e+04
1.028871047714700580e+04
1.044001287965009396e+04
1.009928875559864173e+04
1.075526700048702696e+04
1.003781452811259624e+04
1.051958595787089689e+04
1.004718086983076864e+04
1.030023215419606277e+04
1.038406989615528437e+04
1.026620820178792928e+04
1.076761725777345600e+04
1.056701804692777296e+04
1.039889937078129697e+04
6.429576737450689507e+03
1.033212485656062199e+04
1.064520743966814553e+04
1.020970662227952016e+04
1.051241472356839949e+04
1.090141118272525637e+04
9.877214798451992465e+03
1.089136054992817299e+04
1.059280031030672581e+04
1.044884514953966936e+04
1.042868148397137702e+04
1.059296690565969766e+04
1.012625885345242568e+04
1.056074423272921558e+04
1.015590453671659634e+04
1.032343558341257994e+04
1.047285680123922248e+04
1.073027922266196219e+04
1.072027142775096763e+04
1.056047983003251102e+04
1.024796081891753965e+04
1.071281537648202720e+04
1.073730303865588394e+04
1.030429787370809390e+04
1.075431477923606690e+04
1.082268218750147753e+04
1.066370132455982457e+04
1.087883207971450065e+04
1.087345658992298922e+04
1.081943396580786066e+04
1.066232169873569183e+04
1.059816924676061171e+04
5.363774782231106656e+03
1.038488922713714601e+04
1.087992858165095822e+04
1.084264966958814693e+04
1.088207939705137505e+04
1.074978074657301477e+04
9.858127825080413459e+03
1.042964198628504710e+04
1.090638831493503312e+04
1.059196127707889173e+04
1.068671137587194607e+04
1.070319178409059532e+04
1.101141674066015185e+04
1.068731880283821920e+04
1.035483503687730990e+04
1.048223725261753134e+04
1.098078991526386017e+04
1.065466422937106836e+04
1.044765102687544277e+04
1.052523000810914891e+04
1.074891571390617537e+04
1.049803281446431538e+04
1.005961538375082455e+04
1.085513269118188691e+04
1.088418816991253334e+04
8.419080095046444967e+02
1.022301681703628128e+04
9.759526319476499339e+03
1.016211341284709852e+04
1.036056536252363185e+04
1.079278962773285457e+04
1.095926134401713352e+04
1.094321406630406636e+04
1.062624805506796838e+04
1.049905868820520664e+04
1.063444077860727521e+04
1.075662990738298686e+04
1.101225132284335632e+04
1.071590283850928063e+04
1.082503989830034516e+04
1.053201892358579971e+04
1.073267739172222173e+04
1.057920679265621584e+04
1.097356200742172769e+04
1.047763093654854492e+04
1.104025812535605473e+04
1.082654124198873433e+04
1.115474955956040321e+04
1.071199418898259319e+04
1.027651859415175386e+04
1.109285106246524447e+04
1.072046138662351768e+04
1.095882907338451150e+04
1.075820247552797082e+04
1.062303124756166108e+04
1.088210431550097383e+04
1.084472592006590639e+04
1.066370820024563363e+04
1.082730176860896427e+04
8.914848789989433499e+03
1.117134254077548030e+04
1.067681796367053903e+04
1.056580350860613180e+04
1.449614371734609222e+03
1.082276634639482472e+04
1.096553765713339635e+04
1.089153366096162790e+04
3.953090375100685833e+03
1.106735530180193382e+04
3.895715430111648402e+03
1.099955205298097280e+04
1.789563353344696907e+03
2.194582977977589962e+03
1.092496498027728194e+04
1.082888626767957248e+04
1.062699465227546534e+04
1.047898057975053962e+04
1.095459538810646700e+04
1.056562387978156221e+04
1.101908062244830398e+04
1.051672002545950636e+04
1.101111926256407605e+04
1.069607831811576216e+04
1.060259492147985839e+04
1.097145515747082027e+04
1.025693605096833380e+04
1.054409215963010502e+04
1.080388633471597677e+04
1.074170589717758958e+04
1.059673928368573979e+04
6.457209047598649704e+03
1.091652306131507066e+04
9.721718172912253067e+03
1.074245549001354266e+04
1.107769280767212877e+04
1.064914079769791351e+04
1.074258930977989075e+04
1.105289167216982059e+04
1.057362775802689066e+04
9.722114230548528212e+03
1.099666889463874395e+04
1.076314325573475253e+04
1.055312456568377456e+04
1.059226441785662428e+04
1.089634308156448242e+04
1.092234992476915795e+04
1.090411003884935599e+04
1.081663646553109538e+04
1.086328156756242788e+04
1.115640450293397589e+04
9.973448163624048902e+03
1.074597461311807638e+04
1.055445754515247791e+04
1.068663709831061351e+04
1.073262111858239223e+04
1.039860420746208365e+04
1.102207995425000627e+04
1.063069597325425093e+04
1.084971689370782042e+04
1.053760643487345806e+04
5.676943570131879824e+03
1.098717496210444733e+04
1.097180624648028970e+04
1.037996476212558628e+04
6.910727363231249001e+03
1.111175792933077355e+04
1.099846854604394139e+04
1.042454998460318711e+04
1.071258542144425519e+04
1.097210845725111540e+04
4.613221437075138056e+03
1.086508573629874263e+04
1.087346343261299444e+04
2.189346277482707592e+03
1.100733830865278651e+04
1.104637396802260264e+04
1.104884469146764059e+04
1.097796944908892692e+04
1.079175861742186862e+04
1.102555548288345744e+04
1.100601985668237648e+04
1.053568585356525728e+04
1.022761116093733654e+04
1.100325876810487171e+04
1.250972959776278230e+03
1.108347629536422210e+04
6.799449654242584984e+03
1.093244582792586516e+04
1.085916422849518858e+04
1.061108914784042827e+04
1.100200538753556611e+04
1.121150939395847672e+04
1.131174611679651753e+04
1.048913992379866977e+04
1.134664800714973717e+04
1.104806616875593863e+04
1.078568941004083536e+04
1.044846720263279894e+04
1.062963283155438694e+04
8.157131219237280675e+03
1.084986921047221949e+04
1.100734640626431428e+04
1.094692041439094646e+04
5.598564527418369835e+03
1.050957155956020324e+04
1.037698906640945097e+04
1.037687599419864273e+04
1.111393662405639407e+04
1.096134212693752124e+04
4.644962295256430480e+03
1.082931421972066710e+04
1.061334599604826144e+04
1.066903042989016103e+04
1.068751469726410323e+04
1.068977330218650059e+04
1.033041122904636904e+04
1.066019171739095509e+04
1.085448027351560813e+04
1.078074606707212115e+04
1.090352582014461404e+04
1.111048422080926503e+04
1.138720640062343591e+04
1.114304516293907363e+04
1.051817461349390396e+04
1.034911570367101740e+04
1.102944133415006399e+04
7.518558094639163755e+03
1.064158252711588466e+04
6.655998957435430384e+03
1.095680700452484962e+04
1.089853390443301396e+04
1.109024439570443610e+04
1.080244687693980813e+04
1.120103800290776053e+04
1.083567514608948295e+04
1.122702076691454204e+04
1.024922038151372544e+04
1.063023272505770547e+04
1.120355655014671902e+04
1.100040103300303599e+04
1.112748549925807674e+04
1.095069989967113543e+04
1.100294796640302411e+04
1.086610926695942726e+04
1.083530106880648236e+04
1.110140836566175312e+04
1.103000729593487449e+04
1.069291385985040506e+04
1.121147442838292045e+04
1.076639286348183850e+04
1.080899528228542840e+04
1.062001883611977064e+04
1.070268838301029427e+04
1.112574170731845152e+04
1.522444378950954615e+03
1.055860951275278239e+04
1.119866804767817121e+04
1.117505915902816014e+04
1.109038417463765290e+04
1.071099241236057424e+04
2.363756536413391132e+03
1.102288068764146010e+04
1.060909704245003195e+04
1.114377028412792788e+04
1.109086727507594333e+04
1.082559197403946382e+04
1.083134708249743744e+04
1.074762454495270504e+04
1.111364076810642837e+04
1.073994869286257563e+04
1.111959550709586438e+04
1.125854598454289953e+04
1.073227243188870852e+04
1.056927476164625477e+04
1.048365561411728231e+04
1.128502473157368877e+04
1.063501811488426392e+04
1.089464421698758815e+04
1.083654483079144848e+04
1.034464454242749707e+04
1.082434429160232867e+04
1.070991186199855110e+04
1.101208461472513045e+04
1.092567717537060707e+04
1.099674578650283001e+04
2.590486125432895278e+03
1.065873414661931020e+04
1.097430481353905270e+04
1.143635953736862029e+04
1.113409549273262564e+04
1.116018706218529769e+04
1.101419889831198088e+04
1.106986130322785357e+04
1.088130548912960512e+04
1.094096192346902717e+04
1.127681002067628469e+04
1.132571789331693981e+04
1.109616310960496412e+04
1.063415718258544985e+04
1.113876814508313873e+04
1.099745806456300488e+04
1.118773322670396010e+04
1.154224116640580905e+04
1.097979164444539492e+04
1.104913677737434773e+04
1.084055223965502410e+04
1.088555150804794721e+04
1.108644696784533153e+04
1.114513293483875350e+04
1.108791110677273718e+04
1.131343686611471458e+04
1.089832341249423916e+04
1.131560231617373574e+04
1.133153546371643824e+04
1.127083406835567075e+04
1.098776909087458444e+04
1.104758489998862387e+04
1.050476990977779678e+04
1.149981492654322756e+04
1.061468112846066651e+04
1.108531439962982404e+04
1.054124118922181879e+04
1.069765612200818032e+04
1.100866758496956390e+04
1.155562265795176427e+04
1.136609617345223342e+04
1.087408385017652290e+04
1.141145482702921072e+04
1.105473421124681408e+04
1.144255777127884176e+04
1.137034289861745492e+04
1.129511344511130119e+04
1.177163521374670199e+04
1.117302790807771635e+04
1.140978233979442848e+04
1.119952233317716491e+04
1.101234554581595694e+04
1.125036223127220001e+04
1.148466906073894461e+04
1.150832320398661614e+04
1.121463254769400010e+04
1.087838989641402986e+04
1.150776875473571818e+04
1.050335967234034251e+04
1.100294101455464624e+04
1.072402290022981106e+04
1.124158382248209818e+04
1.140231026233121702e+04
1.114711768164011664e+04
1.120764973947350882e+04
1.117856652617480358e+04
1.116708326701151236e+04
1.134293102079582604e+04
1.148115412918395123e+04
1.121319358257587373e+04
1.083588086761290469e+04
1.143822493265478442e+04
1.041914756443033366e+04
1.132784388753386156e+04
1.083417244377798488e+04
1.125938337385308114e+04
1.097146244728963757e+04
1.081462066681148463e+04
1.091170557341909080e+04
1.129168606622295010e+04
1.145490470859108427e+04
1.131072479167561323e+04
1.123548165492515182e+04
1.160091016624312397e+04
1.165818405422420619e+04
1.111319851250979991e+04
1.129997185937560607e+04
1.161253510940207707e+04
1.133554011926747262e+04
1.103989295816286904e+04
1.150759284173416563e+04
1.125044405465585078e+04
1.130362857216798875e+04
1.123875765287454669e+04
1.101086140210368831e+04
1.164610923177177756e+04
1.128728765632487375e+04
1.158803195504706491e+04
1.126736131231204854e+04
1.132095053349715090e+04
1.095506786062632273e+04
1.101384937144336800e+04
1.160843937022427235e+04
1.051234604643890634e+04
1.122799725625213068e+04
1.169973673897183107e+04
1.170609996393398433e+04
1.122413869757488283e+04
1.141721020394421430e+04
1.148381417503036209e+04
