3.400000000000000000e+01
1.500000000000000000e+01
3.200000000000000000e+01
1.500000000000000000e+01
2.300000000000000000e+01
9.000000000000000000e+00
2.200000000000000000e+01
1.100000000000000000e+01
1.500000000000000000e+01
3.600000000000000000e+01
2.700000000000000000e+01
1.500000000000000000e+01
1.300000000000000000e+01
1.100000000000000000e+01
1.200000000000000000e+01
2.100000000000000000e+01
2.100000000000000000e+01
3.500000000000000000e+01
1.000000000000000000e+01
1.500000000000000000e+01
1.400000000000000000e+01
1.700000000000000000e+01
3.100000000000000000e+01
4.100000000000000000e+01
9.000000000000000000e+01
3.300000000000000000e+01
5.100000000000000000e+01
7.400000000000000000e+01
7.900000000000000000e+01
9.200000000000000000e+01
8.600000000000000000e+01
2.000000000000000000e+02
1.850000000000000000e+02
2.000000000000000000e+02
2.000000000000000000e+02
2.000000000000000000e+02
1.400000000000000000e+01
1.820000000000000000e+02
1.020000000000000000e+02
1.180000000000000000e+02
2.000000000000000000e+02
2.000000000000000000e+02
1.970000000000000000e+02
2.000000000000000000e+02
2.000000000000000000e+02
2.000000000000000000e+02
2.000000000000000000e+02
2.000000000000000000e+02
2.000000000000000000e+02
2.000000000000000000e+02
2.000000000000000000e+02
2.000000000000000000e+02
2.000000000000000000e+02
