1.354000000000000057e+02
1.588000000000000114e+02
1.669000000000000057e+02
1.818000000000000114e+02
1.876999999999999886e+02
1.232999999999999972e+02
1.880000000000000000e+02
1.535999999999999943e+02
2.000000000000000000e+02
2.000000000000000000e+02
1.853000000000000114e+02
2.000000000000000000e+02
1.648000000000000114e+02
1.715000000000000000e+02
2.000000000000000000e+02
1.745999999999999943e+02
1.556999999999999886e+02
1.745000000000000000e+02
1.424000000000000057e+02
1.739000000000000057e+02
1.546999999999999886e+02
2.000000000000000000e+02
2.000000000000000000e+02
