-1.553311075157710093e+03
-1.439572056235511582e+03
-1.682473762896296194e+03
-1.735916566207270762e+03
-1.665140033322009458e+03
-1.816351561416194727e+03
-1.406514347924941376e+03
-1.729112351601387900e+03
-1.584915289473520943e+03
-1.421823449328198876e+03
-1.574447929928019903e+03
-1.393211337911925739e+03
-1.723589837212712382e+03
-1.205384265263958014e+03
-1.669210287604065343e+03
-1.374638689452976223e+03
-1.181684516231404132e+03
-1.120837856407090840e+03
-1.424017831972076692e+03
-9.569890737687235287e+02
-9.737933446827381658e+02
-1.336731051075852292e+03
-1.307526299539864340e+03
-1.188945695343039006e+03
-1.566367266286537415e+03
-1.163542436398069867e+03
-1.618160474364812899e+03
-8.757289267389299994e+02
-1.686861316000041597e+03
-1.333022132318040804e+03
-1.190043623659508739e+03
-8.906152098104654442e+02
-1.611241070430132595e+03
-1.054483902844409613e+03
-1.501216859228176872e+03
-8.240752889940914656e+02
-1.239990047674246171e+03
-7.705727842552744278e+02
-1.343181077026742514e+03
-6.982474442377007335e+02
-1.622412357583086305e+03
-1.459821999738545628e+03
-1.149462436547663401e+03
-6.931403775097602420e+02
-6.954844738529480992e+02
-1.408355407130075037e+03
-1.151999283058307356e+03
-6.538392858998199699e+02
-9.514851885912482885e+02
-5.889915284885670417e+02
-8.749576427061053892e+02
-9.149936580257403875e+02
-9.656248150993421859e+02
-1.085014734715396116e+03
-7.920298140661412845e+02
-6.603590531084568056e+02
-3.969671528115441106e+02
-1.059097735919965771e+03
-1.517298339018193928e+03
-6.995955213492828761e+02
-1.251400635074283855e+03
-1.053521151808778086e+03
-1.013837647098235493e+03
-7.955983592120868479e+02
-1.073505831681856534e+03
-1.170508010532492108e+03
-6.638813736043622384e+02
-1.076456865104114513e+03
-2.093832405098881679e+02
-1.447550056692792168e+03
-1.129023271475879255e+03
-1.059134568003759114e+03
-8.865508332286092354e+02
-1.580838708777279862e+03
-1.238336637470134292e+03
-1.103619589308779496e+03
-1.176263848076411023e+03
-1.288350241109753142e+03
-1.060119905363596672e+03
-1.121225315859527882e+03
-1.319613593402268634e+03
-4.060260728692257430e+02
-1.302728279694386231e+02
-1.299111864546415518e+03
-2.622470958357826589e+02
-1.138072712027925945e+03
-1.292746504826610135e+03
-5.277731146646506204e+02
-1.057482125819874227e+03
-5.343245945997425679e+02
-1.041156712058298126e+03
-1.318876667532537965e+02
-2.550965304606933159e+00
-2.640026170919039146e+02
-7.852005686186163302e+02
-1.130812906813689779e+03
-1.337369031417435679e+02
-1.132069760920873023e+03
-1.598057359581388937e+03
-1.334306053716412634e+02
-1.603394986375526969e+03
-1.229605120098184443e+03
-1.601615467593715721e+03
-3.928564242080753388e+02
-1.683706971641366845e+00
-1.332542775803437110e+02
-1.082079976509869311e+03
-1.062029118453359843e+03
-2.500137361294626999e+02
-9.033183074371246448e+02
-1.319157198988341690e+02
-1.050809605761526200e+03
-6.573468281202685830e+02
-8.946229362911386715e+02
-1.345218085879610044e+02
-7.852294795556282452e+02
-9.607911197343499907e+02
-3.711791634601971701e+00
-1.599425392581486221e+03
-1.199963736247958195e+03
-1.060418117172931034e+03
-3.696851444172255583e+02
-3.716512423616707306e+00
-2.621661601997024036e+02
-6.591513773060798940e+02
-1.073837640372218402e+03
-9.314998093725856734e+02
-7.760775285301148188e+02
-2.477924375234510368e+00
-1.238733711155063475e+03
-2.631474952997619994e+02
-1.013651760898039925e+03
-1.585596992738544941e+03
-9.379972980165672425e+02
-9.273593505134731458e+02
-1.110056887337415446e+03
-4.053075654524016045e+02
-2.647279556931540583e+02
-2.395902333623713965e+00
-5.366727509118736634e+02
-1.324293758830309002e+02
-3.911108788075384837e+02
-1.297274427632910374e+02
-3.881098192753199783e+02
-2.324640290321137837e+00
-9.294405833932206633e+02
-2.719034348616151533e+02
-1.143880313871464383e+00
-6.631954965928916863e+02
-3.086050424266101988e+00
-1.590692509547840018e+03
-5.179529443827021851e+02
-1.335658405562346616e+02
-1.586713406495756544e+03
-3.941885669225777065e+02
-3.976789916185482525e+02
-1.446167426547493960e+03
-2.616278137406342239e+02
-2.610743013829833785e+02
-8.677440171086709597e+02
-4.067123498616185771e+02
-9.904749002131994757e+02
-1.107828149720751298e+03
-8.373385974790312503e+02
-8.662432330281867507e+02
-1.303626110201863924e+02
-4.010658273397900757e+02
-1.314172681590502805e+02
-1.273532509409686639e+02
-9.808327072831608575e+02
-3.940143882056952975e+02
-6.502346259148042691e+02
-5.386796229832280005e+02
-3.914562946847563012e+02
-1.312862424881494121e+02
-2.612051978486880444e+02
-2.558845544737824298e+02
-4.005165093239832572e+02
-5.288841675251643437e+02
-2.614347601964724959e+02
-2.592428494686175782e+02
-2.613181039389027660e+02
-6.526566831819880008e+02
-3.974687290756314724e+02
-1.303181970564464109e+03
-4.048398938674260421e+02
-6.542971218273223712e+02
-1.323118065455892918e+02
-1.327336567307847304e+02
-1.294221572309939745e+02
-1.343263234194038205e+02
-1.289067316973630568e+02
-1.185755358208832831e+03
-5.680871614105229810e+02
-6.925006028986293813e+02
-7.142776155426093965e+02
-2.706423110158762579e+00
-3.984960977577856625e+02
-1.155930157221777277e+00
-8.580466011850120367e+02
-3.969234704013450141e+02
-2.603181198629649202e+02
-1.085206105009247267e+03
-1.113734957230175496e+03
-9.297198427308358077e+02
-2.654172275176133553e+02
-5.715160075422783592e+00
-1.075783206546657766e+03
-2.626305127889797291e+02
-1.507718715930385533e+00
-8.748573459429564991e+02
-9.457464522588995806e+02
-2.663008360290364180e+02
-3.961655865959039602e+02
-7.780846077820826849e+02
-2.853294479446147225e+00
-5.280109777190867817e+02
-2.668419701410298899e+02
-8.332959314799848016e+02
-3.937773076577726101e+02
-3.031396317484288172e+00
-1.299257093926606217e+02
-7.834223740855530878e+02
-1.311696937603324216e+02
-1.296773134764496547e+02
-5.181116187840925704e+02
-3.993899806958705767e+02
-5.186969415189439587e+02
-5.398919542950126242e+02
-1.142160421381438709e+03
-1.309451895246292565e+02
-3.928114052995624093e+02
-1.304392817207226187e+02
-1.221450078586962196e+00
-2.607857987349971154e+02
-1.311999609494553169e+02
-5.221258729911334058e+02
-2.629465643726518920e+02
-7.828306676500912999e+02
-4.002253925895010980e+02
-8.158081713660726564e+02
-2.648345084766979767e+02
-4.203934693152547197e+02
-4.013846446850204757e+02
-5.131790741996173892e+02
-2.451726561478842381e+00
-5.255973548849443659e+02
-4.212727543367919907e+02
-1.263198816526603423e+02
-1.115779948921302548e+03
-6.445064519814243340e+02
-1.283117436831034013e+02
-4.010286881879176804e+02
-4.119320471928766096e+02
-2.614789742068907685e+02
-2.584045468606081499e+02
-1.328604024973405728e+02
-4.106277401962429394e+02
-1.298757248870009562e+02
-1.396811651965180312e+00
-1.290120791001194256e+00
-2.618948932918370929e+02
-1.128639913491934522e+03
-7.297450998435225529e+02
-9.126383810905014116e+02
-1.303923011459699524e+02
-4.082653122973974860e+02
-3.952430075306637036e+02
-4.085558418366013598e+02
-5.490636836368584000e+02
-4.116742520332433060e+02
-4.278617793186980975e+02
-2.682634863867837680e+02
-1.321423264442583729e+02
-7.818532003346398369e+02
-5.325030033940624890e+02
-1.284117425749883807e+02
-1.345633628252780341e+02
-1.316315513259324348e+02
-1.313538963391932555e+02
-1.294313259062130044e+02
-1.278244231184755080e+02
-1.317690723845568641e+02
-2.676950116585750266e+02
-1.278750749038045171e+02
-1.300431221050426700e+02
-6.423077778483717566e+02
-2.548712523202850662e+02
-5.173557396820142458e+02
-1.308051990442067165e+02
-5.324144661474057330e+02
-5.265381258414031436e+02
-4.075523735986401448e+02
-1.325840800846419256e+02
-5.353698831168877632e+02
-1.325245981696168371e+02
-1.282842194291613680e+02
-2.616724330522676496e+02
-5.328083887483613807e+02
-2.627998591810291487e+02
-1.266145094453832343e+02
-2.686800797625490986e+02
-2.597574602945326774e+02
-3.897950934003694101e+02
-5.284674945795196663e+02
-1.313886345984338675e+02
-1.300065729888972328e+02
-2.566379028221603562e+02
-2.611878068795791705e+02
-5.681346610879925265e+02
-3.859968044928571089e+02
-2.617853214044990864e+02
-3.903943817586546174e+02
-2.653783795252017512e+02
-3.149650569166889014e+00
-4.003454345309091309e+02
-5.125709657013304650e+02
-2.642857453691791534e+02
-3.884670343548478968e+02
-2.642750230987991245e+02
-5.166356592000959154e+02
-2.641358201239723940e+02
-5.030757666759978406e+02
-7.921265745937550946e+02
-1.897355386010840306e+00
-2.562979222603602807e+02
-5.165558876991981379e+02
-3.911164480328104105e+02
-5.134409496025649560e+02
-2.784293061747395654e+02
-6.815903263137244039e+02
-3.977138049654807901e+02
-2.606217833595375168e+02
-1.312285572153382134e+02
-4.005711058902857644e+02
-3.795463418858313389e+02
-2.727275974903130304e+02
-7.188078491378564649e+02
-2.635694195969707039e+02
-2.915398108353437046e+00
-2.618896140448297842e+02
-5.071675482964008665e+02
-2.632827302497336177e+02
-3.961287375804305952e+02
-2.550696612094803584e+02
-5.314065618576325534e+00
-2.568101296320560323e+02
-6.557381021865993489e+02
-3.907798200634904333e+02
-4.368483413771464825e+02
-4.038348106487697464e+02
-2.661608532556005571e+02
-2.717599666171366266e+02
-5.383037535146312393e+02
-2.640701250897161003e+02
-2.708633981343242567e+02
-2.660555764591250067e+02
-5.136869804679065510e+02
-3.237343039216515450e+00
-5.171689350456456395e+02
-3.638438456615219252e+00
-1.287429328771652877e+02
-6.196071608574774459e+00
-5.203231829209346415e+02
-1.316137232572100970e+02
-5.251737936146784023e+02
-1.986278209552364560e+00
-1.309326535672429372e+02
-2.665250058417331616e+02
-2.609953772718014875e+02
-3.822591621957576535e+02
-2.596052593672121134e+02
-3.750690089477334368e+02
-4.416564471972748152e+00
-1.320058908765442425e+02
-1.284139668252519471e+02
-1.281820496255445221e+02
-2.611896382258818790e+02
-2.774742308201718970e+02
-2.633505333664022032e+02
-3.964833265202811390e+02
-1.319351460307972559e+02
-3.821791599712396987e+02
-4.067716773351830852e+02
-4.087444047719356490e+02
-1.300000371645934365e+02
-2.583714381505570827e+02
-5.161320804432940577e+02
-5.611179779334801196e+02
-1.252771934409244068e+02
-9.872845426297946005e+02
-5.242253428174794863e+02
-1.278275313949711887e+02
-3.762001399138333113e+02
-2.593240404509663222e+02
-2.612817094999811047e+02
-2.649604282370898432e+02
-1.291076446119780314e+02
-5.967717128382428200e+02
-4.046498226906009563e+02
-5.148169818427920745e+02
-1.300098979750532067e+02
-2.273728422516577474e+00
-2.600062096984881350e+02
-1.297166501124749232e+02
-4.855568071635997285e+02
-1.254444076435383693e+00
-3.917544046916098637e+02
-5.888448275260959690e+02
-3.822732906006167468e+02
-5.383581460258288871e+02
-1.294146897217535468e+02
-3.989564768471279308e+02
-1.326624516336154329e+02
-7.957789531342518785e+02
-2.601796007676252884e+02
-2.621771296504076076e+02
-3.940812265213089631e+02
-1.317431016579344600e+02
-7.052435066856315871e+02
-3.922904508640921222e+02
-5.700520200511386975e+02
-1.323117654552331430e+02
-2.577330236336931648e+02
-5.284015025793150926e+02
-2.558642944926326095e+02
-2.571417925855781164e+02
-1.270773066087916590e+02
-2.593365950047893307e+02
-1.324429724754241136e+02
-1.328036719647093093e+02
-4.143672280016071454e+02
-2.561702461564026976e+02
-1.258817231243701542e+02
-1.287629302363248769e+02
-2.553315495831301689e+02
-1.287674379169081931e+02
-3.883834422634633370e+02
-1.322644856566387261e+02
-7.913283088844043505e+02
-4.705272293081599742e+02
-6.380352136412299160e+02
-2.581556593081517690e+02
-3.914374942419381114e+02
-2.715226943408902471e+00
-2.088806362763047098e+00
-1.267197612000680778e+02
-4.317410702855078171e+02
-4.211784132992170839e+02
-1.344707020763026435e+02
-2.605285255790278711e+02
-2.582397607241393871e+02
-2.670553084429558339e+02
-2.559943740411862905e+02
-2.591391350231997990e+02
-1.295419767948584138e+02
-4.993486258020867581e+02
-1.295149208072159581e+02
-1.306614222057847030e+02
-2.544942992740360808e+02
-9.431819580490693467e-01
-1.300799191633948055e+02
-3.700185049515669675e+02
-1.279450797004802638e+02
-5.241029798411141201e+02
-1.303676817823564136e+02
-1.213581648974733582e+02
-4.354815209053079457e+02
-2.411024607374044706e+02
-2.556717571183715449e+02
-4.746826930171754384e+02
-1.193255735879226842e+00
-1.280573660658843664e+02
-9.291666451923200611e+02
-1.304969622138004866e+02
-1.279415184464219948e+02
-3.751303954398151745e+02
-3.850811926152695719e+02
-2.619661440873179572e+02
-2.547512684087595289e+02
-2.602032336062335389e+02
-1.289401776792418843e+02
-1.810288856237773247e+00
-3.742304709585877163e+02
-1.104325139955969259e+00
-3.886788251562705341e+02
-2.792283170845387907e+00
-1.316970850513149003e+02
-2.587760724880676548e+02
-1.311043601879875666e+02
-1.314616564724067871e+02
-1.405855749461446536e+00
-5.151169125758603968e+02
-2.572076273800682884e+02
-6.571582625594085130e+02
-1.261904244689659862e+02
-1.330771175136681279e+02
-5.114476180989925069e+02
-2.564988121170991917e+02
-1.868322828387585011e+00
-2.573095373009948617e+02
-5.340518661314205247e+02
-3.939457346514647043e+02
-1.299735174208087187e+02
-3.831095295300298176e+02
-2.572597851817728269e+02
-2.577542869628433664e+02
-5.050671914178508928e+02
-1.305516901704475288e+02
-2.559196851528873253e+02
-2.645321702845357663e+02
-2.635381853445412048e+02
-4.737535499363086267e+00
-4.115103549681998061e+02
-2.596308441661171855e+02
-1.308262805196369527e+02
-3.885283163123563668e+02
-1.328243728073850889e+02
-3.755118695224939529e+02
-3.872269714930296232e+02
-3.909623259701702978e+02
-1.265474968579175226e+02
-5.499695354172623674e+00
-5.269177486851400545e+02
-3.910443690738707119e+02
-3.555408359400493712e+00
-1.298687199623157085e+02
-4.251362793048635353e+02
-2.540105227649388269e+02
-2.667120795663593071e+02
-1.273092181011324726e+02
-1.048827982952553084e+00
-2.557117778086968372e+02
-1.386509131170600595e+00
-9.224648224838657429e-01
-4.016579212057245059e+02
-6.310853498779871416e+02
-2.527957039522834179e+02
-5.227567038129565162e+02
-2.685369004701381073e+02
-1.329776174104776203e+02
-1.286424395796181841e+02
-1.544846052766213562e+00
-2.750291843811846206e+02
-2.536981953583436393e+02
-1.271041888194744729e+02
-5.361990995687287977e+02
-1.274594018866438319e+02
-2.350061860914719691e+00
-4.050189743164327751e+02
-2.596484475849898104e+02
-5.832820325714504861e+02
-1.945629790970008433e+00
-1.217496841673503241e+02
-4.968013965288219538e+02
-4.933679817313274611e+02
-2.599257945601218580e+02
-4.317148582353227653e+02
-2.553296515273973171e+02
-1.294678053551553489e+02
-5.461883546283191890e+02
-3.918137945144166565e+02
-5.377121413125844462e+00
-1.327259591917428168e+02
-2.615147980794230307e+02
-3.872967282453030862e+02
-2.656246956096414351e+02
-3.909014584568127475e+02
-4.158560190511294650e+02
-1.295032144238569174e+02
-1.288894903634096067e+02
-2.491804629615784279e+02
-1.279711796800106214e+02
-1.315338789497689902e+02
-2.484337956201638065e+02
-1.287122970712237304e+02
-1.292547961531037402e+02
-6.740975433814480766e+02
-1.304128235568389869e+02
-1.275684718713417993e+02
-2.539694641971036049e+02
-3.957943912490320031e+02
-3.200101704783135936e+00
-4.504812921628806635e+02
-1.296167387243147289e+02
-5.039301505889902160e+02
-1.298096610853824586e+02
-2.660412729386654291e+02
-5.291396661099586254e+02
-1.288090547698658384e+02
-3.326754848956768207e+00
-3.927828233365757455e+02
-2.763311653380521307e+02
-1.289976359924711460e+02
-1.117740052700178177e+00
-1.287970871672299609e+02
-2.607724067229181060e+02
-1.305403004156974873e+02
-1.283514558835032062e+02
-2.661107982804641665e+02
-3.069154386583000438e+00
-3.074110285317255720e+00
