-1.653624351213584305e+03
-1.671741840599793477e+03
-1.335192495520431294e+03
-1.259368488101900311e+03
-1.212752303975834138e+03
-1.174611108555923920e+03
-1.132004298335185467e+03
-1.037667212489353233e+03
-9.686181096572820479e+02
-9.854591067999670031e+02
-1.056356011086392982e+03
-1.076003805866184393e+03
-8.479372079039272876e+02
-9.779668281430974730e+02
-1.095318862870528392e+03
-7.220761716884070438e+02
-8.660127694138027437e+02
-6.673833034293982109e+02
-1.024627160387909498e+03
-1.076855384067322575e+03
-9.122579706782049698e+02
-1.036537301568731664e+03
-1.184643095051651926e+03
-9.114725149301415286e+02
-7.652246058012003687e+02
-5.134340121591877732e+02
-6.842989570403570951e+02
-5.410897002885470783e+02
-5.484514010073561394e+02
-6.832822587425397387e+02
-5.723130621299765153e+02
-4.869501213134799400e+02
-3.190085569439762025e+02
-2.582991064839558817e+02
-6.973301937209613470e+02
-4.210438624816641777e+02
-3.115296283613290029e+02
-3.212010560715806378e+02
-5.817494854852262733e+02
-4.624626142173364087e+02
-6.063341758515171023e+02
-6.800179929353653279e+02
-5.889024981470930697e+02
-6.089983917785064023e+02
-3.229627274919154161e+02
-3.613151014436465402e+02
-3.438589965408212379e+02
-3.967318910568806700e+02
-3.186436031010499619e+02
-3.977920412667855317e+02
-4.604808294196146790e+02
-5.916380487258477388e+02
-3.772923882839052112e+02
-3.672447732552715252e+02
-5.271113717030355019e+02
-2.899119117366941509e+02
-1.943655976578403966e+02
-2.853148539817336200e+02
-2.870422350030717098e+02
-4.739562481727799650e+02
-3.335023688319134294e+02
-3.938995213168087730e+02
-2.751191862614304000e+02
-4.281518158730260666e+02
-2.337274958152186741e+02
-3.040344491104891063e+02
-3.844898093816050846e+02
-2.514624430233613168e+02
-3.290312316079305788e+02
-3.192469170244062298e+02
-3.171936808273739530e+02
-3.696697770630190689e+02
-3.094702415910764444e+02
-2.825894982724840361e+02
-1.432907341247258159e+02
-2.902791222048064128e+02
-2.326230013935348779e+02
-6.603822728279526473e+02
-2.198518130484433186e+02
-2.602407099421847079e+02
-2.720058362087653450e+02
-2.713995496101113645e+02
-1.961107961846013268e+02
-2.878044622407517750e+02
-2.529707605883439214e+02
-1.798681636787773073e+02
-2.483793992860598223e+02
-3.757102382278338268e+02
-2.319316513122899721e+02
-2.767432249097391264e+02
-2.488237383175257946e+02
-1.861953455235402828e+02
-4.204039798332758551e+02
-1.679101558350695882e+02
-3.029544986834782776e+02
-2.946838213117648024e+02
-2.450288293599198255e+02
-1.951111634760210336e+02
-4.032504381924482004e+02
-3.967732604160360097e+02
-3.469777459301415092e+02
-1.826493043349102550e+02
-2.210565848045742712e+02
-2.719600847072940155e+02
-3.618756067785384971e+02
-2.318276090096336191e+02
-1.823548146228189921e+02
-2.999709886506606153e+02
-2.020302504020769447e+02
-2.753419846878757085e+02
-1.179809783974325228e+02
-1.914093089361556679e+02
-2.831203541497868059e+02
-2.610077759408595170e+02
-2.416625118988372947e+02
-2.424807170845528219e+02
-2.267557325316827246e+02
-2.470460556051301069e+02
-1.902507634044115434e+02
-1.843868039763023035e+02
