-6.297561480857460925e-02
1.434009262191596257e+01
1.375165429031667497e+00
-1.108254120343338672e-01
3.739409402148606176e+00
-9.821115361540642130e-01
7.775031976136015377e-01
-1.518770793828022381e+00
2.101781290511388622e+00
6.873760989180603076e+00
-1.619476812280635558e+00
1.925059730662754820e+00
8.976177069319883017e+00
2.202772424475317070e+00
1.506137793559629179e+00
-1.741720278718420278e+00
-7.324809418297175689e+00
2.549161176801509221e+00
2.458057406908951847e+01
-4.182399721177170626e+00
9.253670389685300535e+00
1.160875395280311917e+00
-4.166790110651291457e+00
8.012264258704375308e+00
3.075854751156427369e+00
-5.674498566983795733e+00
1.349449289310076239e+01
-1.117072339985439200e+00
-3.733322513697206801e+00
-4.053411874883370736e+00
-1.516465506725455104e+00
-2.434245807157162211e+00
-6.073140005470474279e+00
8.948086378628254678e-03
2.428973610369637992e+00
-1.763595467630762137e+00
-1.581292555178751114e+00
-3.375900995812423755e+00
-2.455066953407740726e+00
1.933197385308143446e+00
-3.690304246876589200e+00
7.081944317282132806e-01
-5.797070971328601274e+00
7.398491066909980596e+00
-9.194676881433799798e-01
5.561411169622562767e+00
5.535045507683562960e+00
3.657155723270233416e+00
-8.353409686083408392e-01
-1.730247991113643025e+00
1.105593329860220075e+00
2.642738318600842184e+00
-6.036248871564592555e+00
-4.521667398808586924e+00
2.087064878294779380e+00
-4.367945181663842824e+00
3.839117930398042056e+00
1.985417652222526197e+00
1.554327784417104841e+00
1.363707248083540158e+00
3.842199740233140481e+00
6.048381965732213317e+00
4.961507561401139910e+00
2.374411664000390054e+00
4.344997155637234876e+00
1.765108186729963169e+00
-3.364649767997215157e+00
4.407278533933767228e+00
-1.750245978216546483e+00
2.100815097858958147e+00
-3.796122838356191798e-01
1.963017282989928392e-01
-6.752196592904547989e-01
-2.661697377582064927e+00
9.050135718321364209e+00
3.801336595188139489e-01
8.150626904402279438e-01
-1.217848702507591696e+00
2.726591471849375115e+00
-2.061314318111894472e+00
9.572657927434029546e+00
-6.773934890685702648e+00
-3.421726109118371273e+00
2.639913333449818467e+01
6.025894410043220795e+00
-2.469123543701427614e+00
-8.615474515503153796e+00
-8.453798915868846464e-01
-3.791935552268764109e+00
-3.533685516119596581e+00
-4.165328337114981849e+00
-1.868347501643693676e+00
1.024790514206291725e+01
6.610442144293169342e+00
-2.690072194425081165e+00
5.657205612452793630e+00
-5.826756255389801353e+00
-1.369629125852777518e+00
1.591911337561984219e+00
-8.413394351820129291e-01
-2.351130503572451680e+00
-5.551616973691455570e+00
-8.868967752241925240e+00
-3.616198551046713394e+00
-7.179310125920131957e-01
2.589885895346415889e+00
-3.066258638878553100e+00
4.898272576036345249e+00
-8.234338846003962376e-01
-4.626058394646007876e+00
4.565786627215074889e-01
-4.738783611367060722e+00
-1.023788926647705155e+00
1.189335002844572031e+01
-9.517254037309205827e+00
-2.245232171770368712e+00
-3.652470308574239377e-01
-4.262866801583458098e+00
-7.402554078134266469e+00
2.380779040056028584e-01
1.140813294894138741e+00
-2.120285709571470889e+00
6.864769164215810626e+00
2.917580166347371495e+00
2.496525781721107062e+00
-4.646418529673345121e-01
3.379975881394905457e+00
4.552476780604812201e-01
2.495105572184959986e+00
-1.313659809140899526e+00
-7.967028995517134504e+00
7.806397523487117240e+00
6.563636363862843659e+00
-2.823254280427230256e+00
5.786197593823859009e+00
3.928289957208822347e+00
-9.632235972978124838e-01
-1.542442858871664324e-01
-1.113867816151092871e-01
-4.309028397284369483e+00
8.787180779325028723e+00
-4.425587355460844363e-01
6.575231303768321045e-02
1.270449934664934721e+00
3.769232935521761974e+00
4.864552041668367188e+00
2.751017638413538080e+00
-7.317384989277133656e+00
1.456374194703077052e+01
4.665118585147898678e+00
-4.919958458541705548e-01
-2.464832689104417440e+00
2.675221575619820324e+00
1.512010335007663908e+00
8.323574758011636376e+00
1.317420732420940821e+00
3.996543284219770786e+00
6.637732968933873323e+00
1.367165662479324029e+00
2.284624337223084556e+00
-1.974827964134545644e-01
-1.563370935319742805e-01
7.964604686262276800e+00
2.046838802191392137e+00
1.208695598330499221e-01
4.140796094204531208e+00
4.564089756771456230e+00
-3.265047270588940620e+00
-5.494386906040902296e+00
1.405387893452818560e+00
-8.670372956191660374e-02
-1.466411591461223463e+00
1.069283761780680742e+01
1.019587889872703812e+01
3.913434471305502704e+00
9.277963028943965185e+00
-5.901872742712325204e-01
1.807409687153938238e+00
-1.870248152032891076e+00
2.368682177181180126e+00
-2.907576659459065738e-01
3.691158122088200155e+00
6.931197451813595478e+00
1.586167072941436107e+00
3.203380925253748734e-01
1.253292525548664926e+01
-4.314874433737330151e+00
8.855671219666513827e-02
4.755480714176545831e+00
1.817427363493901771e+00
7.493439529592382797e-02
-7.784226110238908758e-01
-5.169461304883731678e+00
1.574348128282309300e+00
7.577160216031935569e+00
5.149619579506421907e+00
-4.545131815203739656e+00
-3.425513706371909883e+00
2.333616199128528024e+00
3.633997797346350200e+00
4.410303001114645127e+00
6.421697264876081057e+00
-1.954731479813839101e+00
3.594864555671550832e-01
5.498686489836211999e-01
1.459804693892606764e+01
-2.166744842083842215e+00
-5.513252392659053758e-01
1.658005800067963609e+00
-3.279499136486013100e+00
-7.948163393037463997e-01
-1.159292795055249847e+00
-8.537704339158826983e-01
-3.201500469268131477e-02
2.692741146331152802e+00
2.775791766583242559e+00
2.906709299111154721e+00
5.253904793234222659e+00
-3.845479615213419411e+00
6.028525347319712679e+00
9.325400042246524634e+00
-1.103126405639503482e-01
-2.832971948327084544e+00
-1.264694083715372841e+00
1.848438042913375412e+01
-3.942203332653042125e+00
7.281937813036203799e+00
2.638221087843936274e+00
-1.709478210673120557e+00
-4.960730899298656738e+00
1.068833405845213846e+01
2.305747688889159264e-01
3.335067080515385474e+00
-1.945478288373819753e+00
-1.329789471474664087e+00
2.462191597375170460e+01
2.607977668438723029e+00
4.670678292708934976e+00
2.712228965583111773e+00
2.093554350974861755e+00
-2.889767904069513893e+00
3.669692801934712811e+00
-4.020739410700440608e+00
-4.714532333441598944e+00
7.031306690391185832e-01
1.729290876043969138e+00
2.068929486592378453e+01
7.552228857867835821e+00
-1.840606833272153686e+00
-1.612052966623262584e+00
-3.793266184951198383e+00
1.700209381787476381e-01
-3.760276807627228379e+00
-1.829057921916135587e+00
-6.329179379745816902e+00
1.184942650300294442e+00
6.574375600174949597e+00
3.767515598084415274e+00
-3.671030417933902168e+00
6.427509588458532264e+00
4.208852213991557178e+00
-9.840703163565340805e-01
-7.460174808271553104e+00
2.216452177052711026e+00
5.175184965984182206e+00
-3.217939441404551459e+00
-1.086400203941899711e+01
-4.347957978305957205e+00
9.194549182087259354e+00
1.559573023111234136e+01
5.393577027109765609e+00
5.172971896166507211e-01
1.078537700404539779e+00
-1.612029671721614044e+00
-9.740005464837202254e-02
-2.386329712362795785e+00
5.768261741464767667e+00
-2.783357352105123805e+00
3.717250838143456582e-01
-9.888577742922990410e-01
1.163016182838722656e+01
5.362569279280113399e+00
9.622818925328981976e+00
3.318468504668276697e+00
-1.406547371525336043e+00
2.168195887470062644e+00
-3.089129940153413356e-01
1.553734290891490666e+01
2.658333376736437437e+00
1.801265083280963797e+00
2.737140304199349394e+00
3.395216925523418805e+00
2.996093401187575611e-01
-5.968531091313609593e+00
-9.822293973706752723e+00
-5.383193186428043120e+00
-4.511290929338497513e+00
4.078257417555289699e+00
8.008478490238854164e+00
-7.024677778714819354e+00
6.812504599850041309e+00
1.051700749317475481e+00
-4.586319438364101053e+00
-2.383393085710630022e+00
2.352948238101563661e+01
3.394284415409110633e-01
-8.352797235123040620e-01
1.197191793174130492e+00
-9.931630833805207281e-01
-2.229467899154069510e+00
6.264940055733235091e+00
-4.250863619198918641e+00
2.128323401563985584e+00
-2.429832836329258505e+00
2.772477976257938792e+00
-1.079773998714915972e+00
2.961657119873723154e+00
-3.466030345352629105e+00
7.105383484357400192e+00
9.019914663029304780e-01
1.669192622085430289e+00
1.017881568309302587e+01
-2.076889855273335694e+00
1.089562834540718583e+01
4.799130287032693509e+00
1.105034897950086137e+00
1.852960314884152382e+01
-1.773895384945447962e+00
-3.422196531681085396e+00
2.971429371206214309e+00
-1.023718604454922909e+00
-1.875395984771518920e+00
-2.727172113102523388e-01
1.174563541316825699e+01
5.517605414707334788e+00
4.881347271688407652e+00
-1.855736780516169748e+00
6.976188602052315169e+00
2.827044235819995421e+00
-1.137007712058142328e+00
7.295840440411295091e+00
4.761632760320586577e+00
-9.514530996965838705e-01
4.848860750088105576e+00
8.256734222959465797e+00
4.831190141463448384e+00
3.266605282879402772e+00
-6.657682306578122322e+00
-1.876762141155643882e+00
-3.536310353179277222e+00
-3.594819545222581514e+00
2.656451212819093577e+00
-1.971867070893302376e+00
-1.749294693778903564e+00
-1.861896872007366088e+00
-1.757892084704742119e+00
1.287684079021312655e+01
-1.786058654571597293e+00
-4.325684297563974767e-01
-2.889461569585446199e+00
6.468414900464602990e-02
-4.813758662732248172e-01
-4.448528585606129404e+00
3.704989350563971495e+00
4.989035274039670398e+00
2.575399168838953257e-01
-8.733140404432985227e-01
5.370408031668882032e+00
4.288504710454656532e+00
3.202274029711477787e+00
-1.024168172135840660e+00
3.962781858203165974e-01
-8.320014138129955272e-01
-1.064140691853022513e+00
-1.250823270496133066e+00
-3.679574207230928540e+00
2.920263609188992193e-01
-1.343814867180652239e+00
2.274002800126506241e+00
-5.008334699635468290e+00
1.959560654756092868e-01
-6.626602104197466536e-01
-3.602248712389264806e+00
1.911232542839139903e+00
7.307205290680522047e+00
4.570851305644442419e+00
-1.147307303423573455e+00
-1.754411652121361964e+00
-1.932705986963215272e+00
-4.722653506638660126e+00
-2.298487681426423457e+00
-1.286616917302056518e+00
8.092447099009921985e+00
-5.864110767844946004e+00
-2.024351969644266447e+00
-6.402067829746362015e+00
2.400750558533095991e-01
7.806243124736715444e+00
-7.786109134922107877e-01
1.348900688511514367e+01
-2.843671540778463402e+00
-2.088881855310261493e+00
1.436314709741992601e+01
-1.610893871707451686e+00
-5.261795533357368271e+00
-5.256129321778159280e+00
7.311882033017033322e+00
-1.244191293307933543e-01
5.854115972539306156e+00
5.558595453865704250e-02
-1.488217060066047148e+00
4.309159148566267916e+00
1.737462645444431741e+00
2.487721589404544797e+00
7.972689023180961954e+00
7.418883291716082518e+00
1.073776712362676200e+01
-2.194252383474754264e+00
7.878345950743314674e+00
-2.212128362599715903e+00
-6.356066086325267150e-01
1.797686564374494722e+01
1.887737497776172502e+00
-2.846700426094979530e+00
2.176531802181096431e+00
1.048121217271742367e+01
4.301280564996486921e-01
8.980751126466921974e+00
-3.426703237685746917e+00
3.065888118618185665e+00
-1.524012166519270295e+00
4.223253817694129886e+00
4.370279702309050940e+00
2.404768427841054823e+00
2.798228528017022043e+00
-2.244271012239907215e+00
2.070955601923453848e+00
-2.600922769298598336e+00
3.633172150324254224e-01
-3.841997108767608360e+00
4.152998279900827483e-01
4.960564519988172272e+00
1.477465218492763910e+00
7.922482593575519871e+00
6.757037858758925708e+00
1.019463676971226462e+01
2.892691762657373822e+00
-2.336685521629577433e+00
-2.806637450673452605e+00
2.285319049131498970e-01
5.555617798707872534e-01
1.325203260282692197e+00
-2.930604929066550901e-01
-4.525109465102975292e+00
-2.428701579818491219e+00
3.302446240372765907e+00
1.765956560873929604e+00
1.512644328946347372e+01
3.028416729579008759e+00
-4.066463571762913176e+00
-2.858138855323301364e+00
-7.511613997879012850e+00
8.666134988589893950e+00
2.557670656885825178e+00
-9.346642890999556919e-01
-7.102144003028920238e+00
-2.624729837249830222e+00
-4.501508485267542881e+00
7.921386630775906212e+00
-2.389712229177668235e+00
8.112349426459302126e-01
-3.151956462807928183e+00
7.141894205095689063e-01
5.318746989586948359e+00
1.598327179740815396e+01
-6.716465451240457574e-01
4.573383131308996319e+00
-2.403144544847630293e+00
2.019279785895308521e+01
-8.413107090409923661e-01
-2.782130076808836616e+00
-3.823946961066145178e+00
-9.567666863383998077e+00
-3.697153023289763585e+00
2.334450309615442976e+00
2.301168486110180211e+00
-3.358414502738104268e+00
2.844249234588801745e+00
-1.505933831056206706e+00
3.121010696651929983e+00
3.868455019957005359e+00
-5.281209152879647206e+00
5.692960000835628698e+00
7.626606128835256015e+00
1.691831329282730501e+00
8.860596066793167580e+00
-2.333217288796500366e+00
-1.983697035006556808e+00
-3.510685640180534861e+00
1.845452068117062083e+01
1.766208419552609143e+02
8.063670502921978311e+01
5.095117434797602982e+02
2.842971199071227772e+01
1.760729943966871360e+02
2.586044608507699536e+02
2.979102203224701952e+02
2.210981821365727455e+02
2.594557212889292828e+02
7.497628400916677549e+01
4.809101273065713400e+01
1.660411800006797307e+02
2.720611057344893879e+02
3.088791747538045307e+00
2.529317025595613870e+02
1.893481212502374831e+02
2.319471790119104639e+02
2.279825771686628286e+02
3.300689085155688218e+01
2.179901255567768317e+02
9.984612060651993204e+01
1.872434855423578597e+02
1.682398998572525883e+01
2.367252980605056791e+02
2.821069193061250644e+02
2.561482600007214501e+02
2.998975405591051526e+02
5.269946747904562301e+01
1.124939430907300562e+02
9.522594361428896548e+01
4.315173952464493112e+01
2.435597056471143560e+02
2.501345167867822283e+02
3.320980746197529498e+01
1.964837793010058249e+02
6.307897484035451185e+01
1.530030238873372284e+01
4.580575378308956402e+01
1.984346335596248991e+02
1.466128358374889160e+02
2.074623151705401654e+02
1.677074062138117370e+02
1.657184635902693799e+02
2.984420309232211466e+01
7.760615498891937136e+01
1.106867028152710617e+02
1.466478327809882671e+02
1.032101589803658044e+02
1.841173919146243634e+02
2.288503700115470565e+02
2.603148344539682171e+02
1.921479357686033893e+02
2.060197907945499196e+02
1.426139779356030317e+02
1.934467026492096409e+02
1.337670395789117492e+02
3.999219277628165514e+02
1.939438596303922679e+02
6.115851766970608594e+01
1.282037595004592276e+02
1.441285306217022821e+02
1.606534463835059512e+02
5.546720911926252384e+00
1.624126067863939511e+02
1.511126681105098442e+02
2.104775680830404099e+02
2.250830902492994028e+02
1.000177606407510353e+02
1.832366769304081231e+02
1.115703162196422369e+02
2.415041325948807014e+02
1.736040523978088856e+02
9.187655371040227692e+01
1.773625369277780806e+02
1.861527926953515646e+02
2.224110804563732700e+02
1.782142355705208274e+02
1.842991335611961858e+02
1.541470308026530347e+02
1.541753408022021858e+02
2.643877482441168354e+02
1.966002836909036091e+02
2.613647004082392868e+02
2.624693852434784276e+02
3.559084383447599809e+00
1.391213877110218107e+02
1.418821476228470999e+02
2.268017384772339540e+02
1.644779437435362013e+02
1.722987055913558265e+02
1.926963490689257981e+02
1.221987182329827419e+02
2.471126397727623782e+02
2.429774738285368869e+02
2.325905739426251273e+02
1.766189060161358952e+02
2.348759508966924159e+02
1.857547270047596442e+02
3.670585016311355844e+02
2.522963769746554519e+01
2.134889713714381116e+02
-1.388241435423355430e+00
3.692075272280495710e+02
2.399893912496636403e+02
2.774075891364523727e+02
1.959366001487545077e+02
1.337174367982460126e+02
1.057075637729811746e+01
2.279964554016453633e+02
2.365846837980586201e+02
1.153831484723367282e+02
1.331456640937617237e+02
1.510166630694910737e+02
3.536470508197219829e+02
4.282891058626059930e+02
5.484293364241061397e+00
1.342339262581660648e+02
2.858255961041270439e+02
1.865412324324302347e+02
2.594742164813272893e+02
1.041663956485709832e+02
1.388358590090376481e+02
3.672638681365686466e+02
3.413907679209386856e+02
2.212226136975208419e+02
5.328678325498998447e+02
3.508640276465984016e+02
3.124919125842226890e+02
1.975633944959822372e+02
1.679503411323779858e+02
3.245577051215893221e+02
5.380196711415557331e+01
3.422323370645935938e+02
2.216664099971503390e+02
2.157467026447527019e+02
2.589565166398818974e+02
1.621485568064943266e+02
2.134834942221899325e+02
2.416960539044740415e+02
1.715541394017988068e+02
9.275031963191116802e+01
3.350324610869447497e+02
2.413609595113495629e+02
3.524637871789486212e+02
1.657005404519323122e+02
1.830061735727697965e+02
4.281291180330917996e+02
2.671249499609950817e+02
7.257895180015799497e+01
2.872729364721112688e+02
2.712396309255517508e+02
2.468139029021057809e+02
1.642957680637602778e+02
1.654934272434756792e+02
3.217066140884289780e+02
3.397404907247419033e+02
3.226254920773518506e+02
3.594712699216754004e+01
2.890022809802728148e+02
2.561055723428790998e+02
1.620530677282396823e+02
3.124865240361303904e+02
2.591852161587480055e+02
3.321689358098392404e+02
3.434029599445490248e+02
1.184548213187527494e+02
3.957628389977244865e+02
3.581478113598322466e+02
2.936674480764740451e+02
1.526884576446307733e+02
1.676444781007937479e+02
3.007750786575124380e+02
1.610344496896705380e+02
2.283463222458781559e+02
2.585036549503033143e+02
2.887262008819774337e+02
3.447355422824421112e+02
2.435337836538755596e+02
3.140073900132013591e+02
2.675303307715579990e+02
1.243088610059932932e+02
8.861589780252644744e+01
3.464749326356762253e+02
3.284667198321236015e+02
2.590595063960484481e+02
1.604307021380109575e+02
2.331152202109145151e+02
2.865061839921629598e+02
2.089236556659066366e+02
2.534266525038533757e+02
4.152669198247375348e+00
2.803944663046293613e+02
6.447066575346804029e+01
2.751104077858097412e+02
1.347135458833089672e+02
1.806700070142894958e+02
2.097112334998933534e+02
1.445529519405935162e+02
1.439454510900353341e+02
1.622049676107477580e+02
1.494470604853869489e+01
3.459363409088337562e+02
2.937203956210528304e+02
2.586689163053893026e+02
2.912664834234840328e+02
1.133324572397075514e+02
1.090770114419945003e+02
2.635583192307690297e+02
1.231520137536818567e+02
1.309660681633843069e+02
2.750115802150663740e+02
3.403194547427781345e+02
4.785480775780972067e+02
2.074616526431071577e+02
1.448540732546371146e+02
1.160843645710963443e+02
3.444893784792480460e+02
3.727312689613590351e+02
1.456187780350651906e+02
2.443650513687220212e+02
1.268474173792998130e+02
3.467334151438547565e+02
2.037455416569203521e+02
3.228960263431300177e+02
2.982785231704922353e+02
3.059520510570150691e+02
2.310743173196833027e+02
2.526773552384824200e+02
3.218748226671305588e+02
3.207174845807766133e+02
7.494349950391828941e+01
2.875674190538068729e+02
3.028675791128925425e+02
1.715518021621646767e+02
2.755350515802927021e+02
1.697222628580651644e+02
3.242284992838753510e+02
4.319323790949144382e+02
1.894498608709938878e+02
2.591653346522961670e+02
2.448496395367614014e+02
1.581233082216821231e+02
2.651223974270650956e+02
2.425876765917594184e+02
3.403244559805284553e+02
1.322922608064903045e+02
1.495426335451141995e+02
2.499755891560172643e+02
1.252342021200729363e+02
5.592718342755699723e+02
4.482526072671848283e+02
2.179655023585182221e+02
1.732519570857625411e+02
1.558008979018683249e+02
3.910478085239302573e+02
1.040121466206164413e+01
4.655448795068652430e+02
5.043029873200145516e+02
7.690228759566746248e+02
3.654588433463559909e+02
2.079852135216166005e+02
4.360892929617789378e+02
3.518487120561418919e+02
1.866851542460447604e+02
4.479680194472728658e+02
3.713039198676847832e+02
1.497612686189583826e+02
6.860936347450889627e+01
2.248739764959949810e+02
1.687222187468549066e+02
1.684933088343848340e+02
2.580517844194123427e+02
4.635407236287572914e+02
2.873221924675319769e+02
3.809229213975617654e+02
3.206359200036388302e+02
3.557774313147637031e+02
5.091471058970497552e+02
1.444545021095185575e+02
3.317790355100999591e+02
2.748610247959315984e+02
2.757904096213695766e+02
1.124520265602575364e+02
2.960718513705209602e+02
6.058802034425076499e+02
3.058875956963825047e+02
1.805593370537159217e+02
2.528986123153314622e+02
4.268539889694052647e+01
4.503603401033687703e+01
2.205808437572106016e+02
3.080281283047994734e+01
2.829394721112361708e+02
2.759863505020427610e+01
8.105234623089469892e+01
1.966869199258643448e+02
2.814321343974007661e+01
3.384871647659956579e+02
8.243646093423012644e+02
3.541050503249109056e+02
3.562535035848260350e+02
2.878282496415230085e+01
4.261192182917903324e+02
1.408909470867449727e+02
4.010287824897993687e+02
3.562145868495421297e+01
3.646766731342238472e+02
1.400872711059924391e+01
1.591492111339427709e+02
1.494740641813211255e+02
4.260503943935198095e+02
2.285193259610589962e+02
4.549263742825647938e+01
4.905866507638179428e+02
4.377705103733069336e+02
4.547142098065326081e+02
7.113476523508267064e+02
2.205599802448711557e+02
2.202035861679681545e+02
5.153082525760336239e+02
4.549978261055270536e+02
1.715034670362348947e+02
1.318162644038932854e+02
2.008718944527762744e+02
2.418792788906066846e+02
3.826544456811265604e+02
4.246563421455404068e+02
1.886851327277258008e+02
5.488103556659829110e+02
6.426405799861163359e+01
1.332643376637420829e+02
9.729404524830484036e+01
1.120323521004110489e+03
6.190812564419927639e+02
4.549971325395297868e+02
8.869309471684292134e+01
3.574312324757206056e+02
5.618610367940448214e+02
6.238183395777001579e+02
7.737992433363262990e+02
7.311119805909171419e+02
1.979802222394514502e+02
3.670493792608132253e+02
3.424911632603537441e+02
9.378160331275114459e+01
2.393329113413481082e+02
3.990192209899612976e+02
2.566667777610271060e+02
4.819121269503776261e+02
5.982192691756183649e+02
4.522613199511637845e+02
2.665760732300146287e+02
6.653365888452492527e+02
4.764040748671563961e+02
5.145614146950911163e+02
3.627014150381091895e+01
5.108612322397896719e+02
3.093041839902837751e+02
2.907866664557253671e+02
4.270736840861978862e+02
5.148791229233152080e+02
3.095618534862443738e+01
4.913612775769949508e+02
5.686535282445505572e+02
9.311568013311503478e+01
4.344058584477207319e+02
4.458567593511241967e+02
2.639641689318477535e+00
9.064321907714532927e+02
3.738247202072700475e+02
2.992899208536793481e+02
5.690837799677389057e+02
4.689158208502885117e+00
5.648920232754060180e+02
5.545431576880273496e+02
4.418477679735701713e+02
4.559655087553542785e+02
1.192024559787945464e+02
3.556797998845863731e+02
1.187841735874452752e+03
4.818248109331817091e+02
4.072172345177961006e+02
6.004034081229082886e+00
4.350745751327116295e+02
7.591076600092366107e+02
6.809736642058961706e+02
3.523902335817776930e+02
2.691543207397117499e+02
5.441004580560431805e+02
5.576985723417008103e+02
5.472529931874947806e+02
6.442567313099910962e+02
2.339192219391089793e+02
3.904443278113168958e+02
5.019335341660253107e+02
2.456638718475910252e+02
3.486278983431173515e+02
3.957475713955334413e+02
3.465112737094831914e+02
3.488684144720600671e+02
4.817459298785609008e+02
3.613516263862055098e+02
4.063796354667339301e+02
3.950205198084281051e+02
1.602564704502562449e+02
3.344909430518247291e+02
3.990296570701637506e+02
3.263334837056994502e+02
3.626092016268688099e+02
3.484661010689663385e+02
3.861600987715779638e+02
3.494767326264408780e+02
4.919642412153613691e+02
8.297149102626068498e+02
3.827309180877814470e+02
4.249367360427627318e+02
3.486265067057839815e+02
6.501027498670860894e+01
3.068128836772128807e+02
4.026334035524297974e+02
4.516379900498149027e+02
4.415503360810870959e+02
2.457929690228242521e+02
4.753725374418634146e+02
8.803930036690779559e+01
4.018507761024721958e+02
6.629547133880623733e+02
4.103231967553547292e+02
4.299962535676737048e+02
3.765232091202865377e+02
3.699842402719732490e+02
1.092881058455016596e+00
4.141267204603331038e+02
3.696097760147612803e+02
3.650887585130656134e+02
4.678328267636829310e+02
3.277627787068901171e+02
3.319628525200823788e+02
2.058829162085881990e+02
5.256014074303685675e+02
4.338552078545753261e+02
4.565989088680806276e+02
1.931831978366422220e+02
4.617270054576025728e+01
4.224418454167376922e+02
2.708561604776679133e+02
4.249657784705691483e+02
9.040871550242087551e+02
4.204814391046016908e+02
3.686613878333363346e+02
3.902643624102272497e+02
4.002785593508199469e+01
3.101796733282983496e+02
3.777677990201295870e+02
3.880393269262314107e+02
3.978989856820857653e+02
4.097781313140459929e+02
4.828200833350702510e+02
3.210800702080949520e+01
3.713391465183420905e+02
2.585192789793989618e+02
2.639256009326743424e+02
8.157033322701801126e+01
3.156925026501949105e+02
5.033123404075712415e+02
2.907503958557523447e+02
2.763312246299091726e+02
7.386003721622673766e+02
3.574739585541248061e+02
2.649798886445926769e+02
3.425593125955028313e+02
2.692977509588522889e+00
1.536004479324134763e+03
4.566144339392854477e+02
4.783591619985040211e+02
1.175172449025674268e+03
4.625345534416132978e+02
7.668082648704097437e+02
1.956282860962998882e+02
1.348085218125710753e+03
4.073108483050963855e+02
3.667793618720807558e+02
3.125410706521071234e+02
4.016411414075590756e+02
4.456919392639597959e+02
3.113157103190796420e+02
5.099377442961344400e+02
3.631495240885628277e+02
4.467950419425574893e+01
3.905040421511342856e+02
5.029099297031463038e+02
6.614348341026616254e+02
6.376738652549280459e+02
2.710756769658607368e+02
3.766725590926250788e+02
3.977388395518029256e+02
4.712407487116983020e+02
7.251823539593610803e+02
4.019486088603247822e+02
1.449911265667564919e+02
6.498599391011250646e+02
4.626256198284277730e+02
4.587869293701478455e+02
4.239197054598719774e+02
4.374195959689291726e+02
6.203646889925357755e+02
2.522764260443342152e+02
6.356922632886519295e+02
3.743973546596169513e+02
7.678861169255220886e+01
3.860519421325952294e+02
7.126344809013893382e+02
4.210663753483422056e+02
3.015875021561625999e+02
2.968265486199352381e+02
1.131986907280348191e+02
4.086444700831789305e+02
5.198921918876258133e+02
4.255299209686166932e+02
8.353984330073732281e+02
3.002852715275336664e+02
1.062224583900156176e+02
3.774898824679077620e+02
4.957013953759270066e+02
3.370274423843656564e+02
3.237590647887364526e+02
5.712035009823817973e+02
2.691823436323980800e+01
6.557463796455712099e+02
4.382331715274357862e+02
5.484793287977576028e+02
5.136195928993652160e+02
4.157121016005864931e+02
8.060837350572224125e+01
5.713994618246704249e+02
3.691204792639223911e+02
3.692451634409007397e+02
8.205835470143306338e+02
5.280845592697614421e+01
3.437494008761888153e+02
4.585243928056206641e+02
3.438725142978888698e+02
3.804325385859600601e+02
4.176965045311977747e+02
2.003666160974593069e+01
1.839916382065000278e+02
7.923318930919872116e+01
6.246923478025867098e+02
7.191758616841581215e+02
1.072279970587718026e+03
4.347053151774213688e+02
9.231897403880844877e+02
3.234602870825668788e+02
3.176999158178582547e+02
7.973013163165048809e+02
2.593888421262722090e+02
1.164272777557477934e-01
3.644068448057055321e+02
2.768500522763003246e+01
4.130057853002167576e+02
3.344154017641678251e+02
4.767026930343619995e+01
5.640051889154802893e+02
2.086486816764197556e+02
5.706263182384931270e+02
2.132406900194007164e+02
3.106700522014326182e+01
7.280680542907687141e+02
7.370775653913435690e+02
1.711101791729606134e+02
8.777435735232525076e+02
3.232182077479758391e+02
9.011570506026972680e+02
3.280811031976795107e+02
3.859794674798189931e+02
3.989609920235939171e+02
7.518054330633616473e+02
7.017724170524170404e+02
1.018580041418546557e+03
3.087738188206881063e+01
5.827311594676875757e+02
7.199646826432800708e+02
7.732086351199480987e+02
7.500301939744740594e+02
2.911795974124363511e+02
4.019359461628611285e+01
6.466943082125545743e+02
4.850314855705235004e+02
2.360796049044780602e+02
3.796575455691962020e+02
3.875881352386062986e+02
5.585432336319757951e+02
6.314263012932024566e+01
3.065291733025669032e+02
6.550235622676349294e+02
2.754020953107583409e+02
8.362873282460631117e+02
5.082104484300055560e+02
1.148212793811684605e+03
8.062580883238753131e+02
1.103755781319714742e+03
8.166956128546405580e+02
1.156101485925634961e+03
7.449228472828265240e+02
9.139635351647795858e+01
3.786740283440448707e+02
1.301589073714596452e+03
1.126596302066276166e+03
1.746908836763556337e+03
9.184831749153225928e+02
8.044656207136124522e+02
9.899558141648489027e+02
7.450464220552385086e+02
1.229608101214716726e+03
3.296860330680294027e+01
1.658942196819184801e+03
1.743025098565618691e+03
9.360296638263191653e+02
2.145722297248794803e+03
1.415500951489968351e+01
1.075203685450029297e+03
4.293604244845288918e+02
1.240025245788564916e+03
2.708813430214760501e+03
6.317987066858069056e+01
1.785015510837112743e+03
1.006354584817290743e+03
7.532294630933951112e+02
4.614754710835642300e+02
1.300315506058841947e+03
9.513545293586847151e+01
1.831400986665304117e+03
5.815634118852789243e+02
5.362034468776606673e+02
3.908744611204841135e+02
1.302027174418310778e+03
1.061476671306925027e+03
6.641609297264411680e+02
2.093676720417608522e+03
1.120008910305393556e+03
1.068291705190264565e+03
8.607003227184196703e+02
5.029292583101195646e+02
1.567832473690199095e+03
1.897560078745468388e+02
8.039866697708355332e+02
1.575424066833847291e+03
6.871487846494136420e+02
1.916709570582742799e+03
1.302961027404257038e+03
2.516360058267568078e+01
7.960115970151825877e+02
8.941846338219862673e+02
1.413197317980166417e+03
5.280593456799149408e+02
5.029718895304565081e+02
5.822790036067982555e+02
1.286575396439396400e+03
3.503705691543123066e+02
1.287120141072341767e+03
8.370185827068382878e+02
1.025757764737731350e+03
1.403018683013861505e+02
1.394970990946372069e+02
2.133871953009059325e+03
1.051018900736646401e+03
-4.035213974359566080e-01
1.636972429951436425e+03
1.329470507887221629e+03
2.339898241800919152e+02
1.513047839130317698e+02
1.315400175320931339e+03
4.499380328295934532e+02
2.420495364821718738e+02
7.971607560840579936e+02
1.668263408613489389e+02
2.297189884470719335e+03
1.249676302682617234e+03
1.624932601772691669e+03
7.589914603942912841e+00
1.666732598752884314e+03
1.372653891337778873e+02
1.715034529615297060e+03
1.831556653584989135e+03
2.095714495215744044e+00
5.370648927405426321e+00
1.597635718520725732e+03
1.025023532714807743e+03
1.591505276585085760e+01
8.240195045956850706e+00
6.954967099358152609e+02
2.489358842220412043e+03
3.398664959434725006e+02
3.527137084470038531e+02
2.929146405584485251e+02
1.064672063050768656e+03
2.836192202482843072e+02
9.937856810943668506e+02
1.261673528066853400e-02
-8.825109234018526649e-01
2.330416056339974205e+02
1.205619206898527636e+03
1.440283953360473390e+02
1.980447564089386788e+03
9.277691293352856974e+02
3.188161727033713078e+02
6.898884409580319925e+02
1.340696583379635058e+03
1.642963481117483013e+02
2.647803589192812524e+03
4.258441748239409321e+02
8.477811506053512858e+02
1.347607077892055941e+03
1.092238018109128689e+03
2.952021984312052609e+03
4.827310807398438328e+02
1.656108380713672659e+03
1.660908133458696966e+03
1.559706153469446654e+01
9.871262038047149190e+02
2.384672140502728780e+03
1.086755718865630342e+03
9.847435703508139113e+02
9.186887560794468754e+02
2.845243361413534089e+01
2.489600857215319138e+03
4.913520113633746860e+02
1.770542400176852595e+02
5.049482745204085177e+02
1.300762630353746999e+03
1.409854164612774412e+03
9.746200144641236420e+02
1.743186791248798272e+03
5.170089562861056720e+02
2.978978126496482673e+03
5.390868708187319953e+02
1.601549803952474576e+03
2.020703120613716692e+03
3.805010453618140218e+02
1.277493736834687297e+03
1.714439313301028051e+03
3.667132685564280109e+03
2.538842202116013027e+02
1.164040029294048963e+03
2.286540437788311010e+03
1.732441651845405659e+03
4.749441191054118008e+02
1.045232699714751561e+03
-3.159118461137416567e+00
3.803052013371452631e+02
3.391578900151409925e+02
3.154064639095539064e+02
1.758082394639973018e+03
1.843777681471771302e+03
4.077173459399102171e+02
1.131049333373636273e+03
1.818956128514204465e+03
1.879347396330344282e+03
1.396063860729484304e+03
1.835861948609646788e+03
3.793166072112197980e+03
5.177533072771425395e+02
3.098950149983101710e+03
9.099705847125836726e+02
2.720590824295986295e+03
4.117622628181746222e+03
4.049327573873511483e+03
4.055545906101491710e+03
4.222829483030190204e+03
4.094890086632381553e+03
4.145128104984206402e+03
4.243816095734048758e+03
3.998557365543596916e+03
5.651324137243001360e+02
3.338036256031272842e+03
4.272523301824308874e+03
3.814227468624991957e+02
3.511861438825408186e+03
4.086019206960874271e+03
5.195954760677477680e+02
3.311330739557418838e+03
2.029088225816101840e+03
1.943292153632267173e+03
6.034376026412340934e+02
3.173377811454377479e+03
4.064057172425449153e+03
4.235035757747815296e+03
4.336885842286679690e+03
4.138991743477688033e+03
2.864644966487870761e+02
2.107094942001705249e+02
3.202222357235500112e+03
4.101650215966148608e+03
4.346802001956751155e+03
4.308873827758904554e+03
2.808822516171813277e+03
1.111990702000533929e+03
1.509418007411077269e+03
2.295300971046311133e+03
2.691380352965963425e+02
4.290094828768161278e+03
2.811630612719912961e+02
3.696999649734067134e+03
4.322669530094261972e+03
4.450725488569295521e+03
2.270459239294290455e+03
1.618994014340263675e+03
4.549624398700674647e+03
4.250019632396913948e+03
2.544457302359869573e+02
3.899506825972865954e+03
3.412547385733654210e+03
7.577488330295363994e+02
4.165394728252228447e+02
4.715032679332660450e+02
1.730107706116863028e+03
1.031776324342889211e+03
3.660143038250091081e+02
3.396747891511598937e+03
4.693900602311946386e+03
3.477230728243648628e+02
3.988044315021010789e+03
4.673289385298132402e+03
2.804030743881077342e+03
1.215659885979609726e+03
4.256481907507840333e+03
8.322751746730414197e+02
2.484554168923902751e+02
6.333537266092782829e+02
2.899030222347349195e+02
1.517053639736534706e+03
4.832499141296969356e+03
4.657512121713739361e+03
1.209028732045062043e+03
3.071000295852872114e+03
4.996432939803179579e+03
4.649081771841387308e+03
2.780890158820940883e+02
4.420168165745349143e+03
4.424024549406484539e+02
3.423232678995681226e+02
9.465972155507261050e+02
6.615941694744453798e+02
2.875111509562600531e+02
3.351215239426285848e+02
4.851091473975961890e+03
4.336208877468062383e+03
3.805708084512179994e+03
4.423814891843251758e+02
4.060486218868655669e+03
5.121035863431064854e+02
5.082965842882147626e+03
4.769182077469032265e+03
6.563066030146184175e+02
3.954366393344266726e+03
4.940068034568937037e+03
3.150766315828353186e+02
4.514016451048895760e+03
4.878777801616618490e+03
4.955584012121154046e+03
4.879498696485909932e+03
5.013494643556240590e+03
4.990605998137954884e+03
8.118951564109898982e+02
3.373904553858340478e+03
4.689669524729720251e+03
4.564785121900110880e+02
4.194377907249404416e+03
1.996858229153987395e+03
3.613272213497859298e+02
2.028499652291053735e+03
4.959600477659638273e+03
4.980491642666162988e+03
4.776207055683990802e+03
4.792580506584283285e+03
4.917259088169174902e+03
5.021906923715889207e+03
4.939938584009069928e+03
5.086804607663752904e+03
4.974103674008511007e+03
4.838126376063051794e+03
2.666499285544805389e+02
4.336044212580254680e+03
3.515482684131615088e+02
4.792139308000856772e+02
3.768046604497409589e+03
5.170930216634845237e+03
4.520841462777621928e+03
5.103793741256649810e+03
3.239079912463122355e+02
2.454188464027788086e+03
1.768301230765326636e+03
4.741920397731614685e+03
4.949891847788010637e+03
5.175505427093437902e+03
4.141704504666751063e+02
1.817860906423448341e+03
5.150007929602157901e+02
1.455443199688939330e+03
5.184971973608656299e+03
4.802145023801741445e+03
7.339399891087590611e+00
5.072366162929043639e+03
5.110103988306595966e+03
5.129400857500391794e+03
5.353907062569262052e+03
4.507899839899992003e+03
3.472126028009376455e+02
5.077829419570456594e+03
5.102139948239700061e+03
5.146978671701082021e+03
5.130981979272335593e+03
5.142243681409719102e+03
5.026008976472527138e+03
5.063183937603628692e+03
4.453247257810395240e+03
4.667372901814200645e+02
4.990238071792499795e+03
5.096040912355859291e+03
5.110049109696513369e+03
4.909047116020456087e+03
5.087260452215771693e+03
4.934261299300433166e+03
5.205015591503820360e+03
5.366209571983285969e+03
5.110959318437251568e+03
4.854246082914571161e+03
5.099123961358197448e+03
5.254981518480866725e+03
5.404861580327271440e+03
4.784788984619151961e+03
5.312376921574166772e+03
5.049290959078737615e+03
5.307612948099376808e+03
1.540703676354151412e+03
2.742122201808371301e+03
4.996703770176477519e+03
5.220858391896354078e+03
5.389084370580727409e+03
5.052012192064326882e+03
4.872916768952050916e+03
5.128833805972832124e+03
5.234595331187858392e+03
5.180237332552019325e+03
5.261101329964363686e+03
5.362575363621756878e+03
4.982249972658382831e+03
5.456748029169998517e+03
5.183103231086448432e+03
5.134857964874086974e+03
6.485137947169973813e+02
3.049051500865197113e+02
3.851496030970757602e+03
4.252280088777632045e+03
6.247497203560768639e+02
5.147434412914405584e+03
5.056797093375887016e+03
5.094717863530369868e+03
4.781528761018738805e+03
2.621945355253992602e+02
4.650014271974891926e+03
5.234608700329951716e+03
5.092375944054982938e+03
5.139090230817566407e+03
7.715157569062370158e+02
3.991628395162262223e+03
5.166249444903185577e+03
4.637036853582214349e+02
3.823280832836994705e+03
5.000850083987776998e+03
5.123334100500945169e+03
3.815137410081882081e+03
8.317361916626007314e+02
1.212674544490064136e+03
3.628601639412604072e+03
5.012643179452555160e+03
4.702497286619364786e+03
4.951713348132028841e+03
5.090851509952318338e+03
4.766456328328555173e+03
3.876598395358747666e+02
4.553732222986598572e+03
4.858642262208353714e+03
4.774366802877617374e+03
4.306600383923977461e+03
3.559443654632011089e+02
5.222285356827264877e+03
5.174566229740104973e+03
3.689357246197263976e+03
9.677870673463349931e+02
1.429307445695347042e+03
7.612015983113639095e+02
2.279461527226641920e+03
4.741149802473253658e+03
5.071350904345168601e+03
4.829729570272904311e+03
5.150468994956885581e+03
3.468421027306915676e+03
1.176387139921372409e+03
5.019637398721267346e+03
4.951389132757557491e+03
5.072267946730898984e+03
2.354033091880074267e+02
4.484540121015263139e+03
4.821758977518415122e+03
4.694727845006549614e+03
1.596706984654192183e+03
2.691426743556884048e+03
5.067859649695720691e+03
5.270533650361835498e+03
4.998006738929677340e+03
5.015484473881349913e+03
4.987653016115832543e+03
5.139980447702924721e+03
5.058073069243714599e+03
5.200776266008953826e+03
4.946566242007937944e+03
5.167544095331068092e+03
4.960166417705598178e+03
5.213906792065818081e+03
5.180743709959534499e+03
5.202050278661339689e+03
5.067870738112035724e+03
5.260673758270399958e+03
4.939770964063048950e+02
4.402954474494929855e+03
5.135281051579717314e+03
5.297644416428010118e+03
5.294220506547075274e+03
5.102764234243630199e+03
5.155515086117879946e+03
5.127214751840651843e+03
2.526639333905416152e+02
4.674889346801320244e+03
5.085304946728017057e+03
5.386421469586091007e+03
5.891410624297439824e+01
5.093455287780359868e+03
5.392727395793811411e+03
5.211967481466877871e+03
4.868425094702480749e+01
5.145519691000919238e+01
4.214535030724929129e+03
4.587755550429548634e+01
3.804529810022147274e+01
6.240461671150699630e+01
9.342997903273628424e+01
4.179483875567698306e+03
5.318083966332229465e+03
5.304852843690724512e+03
1.778709868337130047e+02
1.874148865926547813e+01
4.399444166607499028e+03
5.088650041992495062e+03
5.340790704614191782e+03
5.321295709653225458e+03
5.322067279438267178e+03
5.380943857576500704e+03
5.479172644742641751e+03
5.284412735133369097e+03
5.238578885300923503e+03
5.273228157256909071e+03
5.258018401549319606e+03
5.132424144982389407e+03
4.228937419801843134e+03
6.777521329223986868e+02
5.434428440328568286e+03
5.064228754892629695e+03
2.391827122281731022e+02
4.057687898753784339e+03
5.279026520392807470e+03
5.129201770392045546e+03
5.475360744483763483e+03
5.089919237705734304e+03
5.440943508884395669e+03
5.381307631603844129e+03
4.874435485179478746e+03
5.413423392187913123e+03
5.345618719858762233e+03
5.427154942589827442e+03
5.414362512442869047e+03
5.059614818790019854e+03
5.291198594109189798e+03
5.341656560566752887e+03
5.494168861795381417e+03
5.552566814431987950e+03
5.419750142415610753e+03
5.539125591575887483e+03
5.445727113113224732e+03
5.404595996700082651e+03
5.154946462444687313e+03
5.489505303640790771e+03
5.471049199520146431e+03
3.134417177363786209e+02
4.870355204234605480e+03
3.364191359965445372e+03
1.491444459894049487e+03
1.257147506970874247e+03
3.702930419778279429e+03
5.449548317262775527e+03
5.546288852622867125e+03
5.343575719136904809e+03
5.551519191756381588e+03
5.365376400704366461e+03
5.430139088507136876e+03
5.365781388430823426e+03
5.458173176503255490e+03
5.601660530590894268e+03
4.881501359522034363e+03
3.938591751993917569e+03
1.108977438556858260e+03
5.474853788473281384e+03
5.532660543058420444e+03
5.470958030739490823e+03
5.386605391192858406e+03
5.432893459033351974e+03
5.539436882589286142e+03
5.219400167107545712e+03
5.467609482850928543e+03
5.469999494061055884e+03
5.344543947888367256e+03
5.547137504303424066e+03
5.508469945947629640e+03
5.455291159616152981e+03
5.598610031260513097e+03
2.647736948293764272e+03
2.329432872315281656e+03
5.402881403261354535e+03
4.660844077013632159e+03
2.944224678586424488e+02
5.478413628657016488e+03
3.500148200111440246e+02
4.931718246483720577e+03
5.581029346284595704e+03
5.622739532006634363e+03
5.636167257562617124e+03
5.558850194614916290e+03
5.304799262028305748e+03
5.492278377009080941e+03
5.651722320306934307e+03
5.711259723602833219e+03
5.744991492748436031e+03
5.623303020641839794e+03
5.611703747575392299e+03
5.661923066718909467e+03
5.661823534741856747e+03
5.669176491676351361e+03
5.765702684459944976e+03
5.735346288253160310e+03
5.708047022440720866e+03
5.747669857500343824e+03
5.751263230769470283e+03
5.768295672478368942e+03
5.730542866440310718e+03
5.748443104047182715e+03
2.079736038043809458e+03
3.284867064860973187e+03
5.642389025845993274e+03
5.719874822463586497e+03
5.651543975801924717e+03
5.599435902562713636e+03
5.812004152378083745e+03
5.756243669546131059e+03
5.783985732617193207e+03
5.694952664600335993e+03
5.743296007143017050e+03
4.867161536760829222e+03
5.788980087546970935e+03
5.756823886099916308e+03
5.886316087786383832e+03
5.701290195353825766e+03
5.798922923933089805e+03
5.576450398708252578e+03
5.774350577225497545e+03
5.700161684676291770e+03
5.639097251997055537e+03
5.828591479068637454e+03
5.561486322270314304e+03
2.661852267216318978e+03
2.687781030976026614e+03
5.715095454060454358e+03
2.648473695362874423e+03
2.773275086108488722e+03
5.848195965734168567e+03
9.512981639833838017e+02
4.529118061119914273e+03
1.558485852547782088e+03
3.903167234960334099e+03
4.172061368376914288e+03
1.164712549057531533e+03
6.282593707323115950e+02
4.863892401414587766e+03
7.642120840389577552e+02
4.570778411832399797e+03
5.292324913686972650e+03
2.547761756683538579e+02
5.678192175242972553e+03
5.658651063842788062e+03
5.840088969347253624e+03
5.850440540095130018e+03
4.735107181402448759e+02
5.090268111798527570e+03
5.762761481507012832e+03
5.906570433538511679e+03
5.896085153925744635e+03
5.743820453595365507e+03
2.362328205905702816e+03
3.033422904150205341e+03
5.944559276630373461e+03
5.865120624111314100e+03
5.973343333744236588e+03
5.956127172974895075e+03
1.083422097908651267e+03
3.136292378089536328e+02
2.874390418817143882e+02
3.120212691459200414e+03
5.935340960606798035e+03
5.919056044702277177e+03
5.256877143382634131e+03
1.621421486093526028e+03
3.700462544968423572e+03
3.438831523821220344e+02
5.334131259407804464e+03
3.643393410299656807e+02
1.191293058899718972e+03
3.495595634630949007e+03
1.479538174673232788e+03
1.190065756370703184e+03
2.128111116684265653e+03
4.618164291637629503e+03
8.551981338820243081e+02
6.007554917093550102e+03
5.913418211282247285e+03
6.008239952919091593e+03
5.969751004239358736e+03
5.968758990406871817e+03
5.819599809850462407e+03
5.922345596186746661e+03
5.438196351967341798e+03
6.056958670439277739e+03
4.334915059271882001e+02
5.054741985790907165e+03
6.046671253815924501e+03
5.891427256419447076e+03
1.173963911543928589e+03
4.221694751308434206e+03
5.951486739864877563e+03
6.024292054448108502e+03
6.038452662943456744e+03
5.720326983912879768e+03
5.975644855039919094e+03
5.840131208735080691e+03
5.860545054097480715e+03
5.900741723767373514e+03
-2.458997960414779804e+00
6.131927285317315182e+03
5.965738403973751701e+03
5.356213688974660727e+03
2.342230122504576855e+02
6.035879090803192412e+03
6.040080948609973348e+03
6.083555590225084416e+03
5.992169889761156810e+03
6.039389272855757554e+03
5.986685906554685062e+03
5.896833542382727501e+03
5.952483525329133045e+03
3.642090403911747671e+03
1.964358999342785410e+03
6.100098321383521579e+03
6.055309367007356741e+03
5.993438780594115997e+03
5.860184400937271676e+03
6.083362451895365666e+03
5.807976934259402697e+03
5.212151462667736268e+03
3.591069451404702022e+02
1.931528683972990621e+03
3.554945997226308464e+03
6.095718537401354297e+03
6.054810528206875460e+03
6.105093357542386002e+03
5.912771936483457466e+03
5.912626579914016475e+03
6.019126259783653040e+03
6.085114255323448560e+03
5.933244153795611965e+03
6.104887406871211169e+03
1.149586641403239128e+03
4.259211254504322824e+03
6.057487133217178780e+03
6.031894880586637555e+03
6.011510012728132097e+03
5.978555567783790138e+03
6.027616065412458738e+03
6.048912445288083291e+03
6.056265670938033509e+03
6.044040629958297359e+03
6.101635052434897261e+03
6.019041852758130517e+03
5.864522030223258298e+03
6.014278482051593528e+03
5.990503316861935673e+03
6.031558575094622938e+03
6.053614137775025483e+03
5.823273889889922430e+03
6.049620120336782747e+03
6.095008327087936777e+03
6.116771813890882186e+03
6.127684291090997249e+03
6.055695745374691796e+03
6.146735150955502831e+03
6.064491836388278898e+03
5.919820876316418435e+03
6.066112646191257227e+03
5.778163098711694147e+03
5.768086478647425793e+03
6.138580793688416634e+03
6.195890721974434200e+03
5.888710197495072862e+03
5.869605704571074966e+03
6.056536835505435192e+03
6.162142565962877597e+03
6.228529359178924096e+03
6.000846140135798123e+03
2.312109391301924916e+03
3.286454162467658534e+03
6.089464697503161915e+03
2.494118248367415617e+03
2.861807357716820661e+03
5.959790939444237665e+03
6.071687546181336984e+03
6.087035837479359543e+03
6.012331054849426437e+03
6.079866690440371713e+03
6.101336678756934816e+03
2.525211888642007580e+03
3.090578759064357200e+03
5.901761404650445002e+03
6.215715601095900638e+03
6.133911476808686530e+03
6.152661619633537157e+03
6.210619816795683619e+03
5.950627828569476151e+03
6.155266945557758845e+03
6.220341899273276795e+03
6.207085457450225476e+03
6.071658460694213318e+03
5.969927440940529777e+03
5.822726566939599252e+03
6.064106869360030032e+03
6.145550820562413719e+03
6.011102117604214072e+03
6.113370275061134635e+03
6.029385580809243947e+03
2.446996273717078566e+03
3.221669029552836946e+03
5.434778489882218366e+01
5.213535753509711867e+03
4.762336926434765701e+03
9.918454075421119569e+02
6.237869562663331635e+03
6.106142398913032594e+03
6.168211117040622412e+03
5.763604828574677413e+03
6.215715911666408829e+03
5.941446472357994935e+03
5.978995739655132638e+03
1.441370251756706239e+03
4.055287965308249568e+03
6.126438287888521700e+03
5.828862473723411313e+03
3.375391080577246612e+03
2.008977962243904130e+03
6.238534874728356044e+03
6.236339599194663606e+03
6.324164678053105490e+03
6.210091910930441372e+03
5.945292837863447858e+03
6.279538788200151430e+03
5.757616530988477876e+01
2.477624927655896045e+03
2.901457052399126496e+03
6.250138424312834104e+03
5.805035229233333666e+03
4.135879536024827274e+01
4.482534297853021599e+03
9.709825995127746410e+02
1.594914581623276717e+03
3.993228889702278138e+03
6.214967882069326151e+03
6.096614957945740571e+03
6.237402185767234187e+03
6.257213122605590797e+03
5.156981239682487228e+01
5.933133402062776440e+03
6.292197056873967995e+03
6.105484425683178415e+03
3.348441411305376647e+01
5.882205245741185536e+03
5.719351978109584707e+03
6.096400438579033107e+03
2.744199245705008707e+03
2.782880036005369675e+03
1.291987526794853693e+03
4.511629236596530973e+03
6.223908551769645783e+03
6.236502666963016964e+03
6.169940411559727181e+03
1.273583278207147714e+03
4.060528712890297811e+03
5.593432561780963624e+03
2.346211425668182358e+02
6.322524063179321274e+03
5.877235655347068132e+03
6.298438182545598465e+03
6.233061500456552494e+03
5.796706158806578912e+00
6.213707866236786685e+03
6.214749083829618939e+03
6.350108558079135946e+03
6.251193330208910083e+03
6.355986796099365165e+03
1.036158014676260109e+03
4.280672044056983395e+03
6.039013970344067275e+03
6.116338062633931258e+03
4.951821542645824593e+03
7.147277238262621495e+02
6.385264637830378888e+03
6.035962645160569991e+03
3.806732274864480132e+03
1.923559509628623346e+03
1.444140321019611065e+03
3.742853798292314877e+03
6.155034440907672433e+03
6.097802691636806230e+03
6.409215512870562634e+03
6.156508018440346859e+03
3.754466830681587908e+02
5.496492964938934165e+03
6.127945337800221751e+03
6.348103014983190405e+03
7.624636216968992812e+02
5.333707486141804566e+01
4.548525886739721500e+03
5.501158720403669577e+03
6.189219237661837724e+03
4.596904343725607760e+03
6.206706799331443563e+02
6.400675585239949214e+03
6.193610184871187812e+03
6.315900760961558262e+03
6.341819708011516923e+03
6.251891171728683730e+03
6.051114443579209365e+03
6.238847742446238044e+03
5.677377415584503979e+03
1.074973323417850906e+03
4.558522931535201678e+03
6.239677416805303437e+03
3.201336113184651367e+03
2.166422776706302557e+03
6.229363659063344130e+03
2.307280715842290192e+03
3.361951852252223034e+03
6.180209122808314532e+03
5.962784251641764968e+03
8.346000743463574736e+02
4.911415698783684093e+03
6.242401462806911695e+03
6.313644977520420071e+03
6.160058069938165318e+03
4.647001954069976819e+03
1.250390675603166301e+03
6.357813491126188637e+03
3.163053836478633457e+03
2.576627172446069835e+03
3.046855367538295013e+03
2.683731810295463220e+03
6.230656360132052214e+03
6.284797952969091739e+02
5.228682605613116721e+03
6.303122435998936453e+03
5.863916251399733483e+03
6.053877054846497231e+03
5.810411481348687630e+03
6.314750649975208034e+03
6.465242271605778114e+03
5.936894469274206131e+03
5.313495910344824551e+03
6.271390717801276878e+03
6.311113594002336868e+03
6.233841425427292052e+03
6.407810641525366009e+03
6.428900606996996430e+03
6.094206351819056181e+03
6.084868991838854527e+03
6.396115634642914301e+03
6.277131042678370250e+03
6.156151029354872662e+03
6.148738084878432346e+03
5.765951416346850237e+03
5.513002531420130254e+03
1.579511584902042287e+01
2.238109205549883143e+02
5.761139759529480216e+03
3.720680321750207440e+03
1.306321625261889949e+03
6.246125057969976297e+03
2.297274599102208867e+02
2.444041390491540369e+03
2.785448149070075942e+03
6.467194604285195055e+03
6.477584782347072178e+03
1.337914216073337492e+01
6.210765975842574335e+03
6.423099750269400829e+03
6.362070721455693274e+03
6.309978248813431492e+03
6.441789286100975914e+03
6.343464563347586591e+03
6.432612736865992701e+03
6.427997512817462848e+03
5.967496147161757108e+03
1.976274950222370308e+03
3.720515241391862219e+03
3.857895011347283344e+03
1.884959454207661565e+03
6.437918035668701123e+03
4.423790633572986735e+03
1.528003643648770776e+03
6.399224031823011501e+03
6.117359787429947573e+03
5.749269092670821919e+03
3.065144298218409631e+02
6.274994158983947273e+03
6.422596967055578716e+03
6.343912938655754260e+03
6.351968555949877555e+03
6.306703464940313097e+03
6.150803056926061799e+03
6.470594606994131937e+03
2.770456662418313044e+03
3.160222572578067684e+03
6.570664014701070300e+03
5.988176059469609754e+03
6.378902305267856718e+03
6.487221290812196457e+03
6.397809619040629514e+03
6.192436877259936409e+03
5.936546736423220864e+03
6.392118892604367829e+03
6.217409379056108264e+03
5.858832418264559237e+03
2.447822543900590233e+02
6.488520814148441787e+03
6.430387109952873288e+03
3.004146852213781926e+02
5.683219217950967504e+03
6.301244012021007620e+03
2.984954637894862117e+03
2.831140687163541315e+03
1.552776480694500606e+03
4.276106614682817963e+03
6.295361123616567966e+03
5.845572027023936243e+03
3.252215552641244358e+03
2.598414224243725585e+03
6.520622805508513011e+03
6.348060673232291265e+03
6.010511847261697767e+03
6.273640898141085927e+03
1.027862027491263916e+03
4.865724009891781861e+03
3.025612008416407662e+03
2.824980377865658738e+03
6.354562805801080685e+03
4.922790971368969622e+03
9.359270087836973744e+02
6.397066818172716921e+03
5.366803197753254608e+03
5.222267198150367449e+02
6.262989790643585366e+03
6.566325530356667514e+03
6.450835346815095363e+03
3.225638616608791835e+03
2.791997318113062192e+03
1.317999085135669247e+03
4.713978262706647001e+03
2.341148333386394370e+03
3.614846956339064036e+03
6.333573495198085766e+03
6.205180901989541780e+03
6.236317164260079153e+03
5.855772779268855629e+03
6.017600440852751490e+03
6.533107039279783748e+03
6.656173021807114310e+03
6.185316479512664046e+03
5.953692650772437446e+03
6.262959703135614291e+03
3.256346866777064861e+03
2.444999524736415879e+03
6.430366614597014632e+03
6.262694620509474589e+03
6.476343629722655351e+03
6.363048593617691040e+03
6.398478888505578652e+03
6.210237091971520385e+03
6.218795477183184630e+03
6.477552549617222212e+03
1.785508438118433105e+03
4.144970672109326188e+03
6.621170668651120650e+03
6.051436722748145257e+03
6.470542661332943680e+03
6.345408967026393839e+03
5.997970166858016455e+03
6.512715907783916919e+03
6.889038199759401095e+02
5.417887170777359643e+03
6.094001907726834361e+03
6.492506246219782952e+03
6.333287808350703017e+03
6.385067103157211022e+03
6.472078963079547975e+03
6.389930460153750573e+03
6.426354412758154467e+03
6.246151925090117402e+03
7.432683962967544176e+02
5.162705575296503412e+03
6.098798481855187674e+03
4.383196716448996085e+03
1.541930943618739775e+03
6.480533417808235754e+03
4.012375189122302345e+03
1.982864291783699855e+03
1.233702340569583612e+03
4.310323838772827912e+03
5.361288848113466884e+03
7.465117230031979716e+02
3.869805238001765247e+03
1.398610906833186391e+03
2.833211565911329330e+02
6.589507202005897852e+03
6.289253813799142335e+03
3.941032087093230530e+03
2.139954527353967478e+03
1.650407973310097532e+03
3.861681250045944580e+03
6.396102093707300810e+03
6.523287498164837416e+03
6.192947469951135645e+03
5.784891898961848710e+03
6.367945706591183807e+03
6.483027446565235550e+03
6.530582784009848183e+03
6.534304746928373788e+03
6.457542763073314745e+03
6.363160006058028557e+03
6.442035841714353410e+03
6.486239826083021853e+02
5.267386821754550510e+03
5.983634179532408780e+03
6.501664087199982532e+03
6.556465391402201931e+03
6.654235985565745068e+03
6.497479008492913636e+03
6.512199619735228225e+03
6.419084636891978334e+03
6.434880532617179597e+03
4.613920833830048650e+03
1.223984426900775361e+03
6.474016765173646490e+03
6.480302009046424246e+03
6.496888868868360987e+03
6.598077473955645473e+03
5.864441215523924257e+03
6.551039976490643312e+03
6.560521831133950172e+02
5.361510943575669444e+03
6.501406564945422360e+03
9.610747142675082841e+02
6.843067270031081080e+02
3.948034343519265349e+03
6.617555784499397305e+03
6.457656037649324389e+03
6.053081941275153440e+03
6.280290698538606193e+02
5.192731909061261831e+03
6.354149392901983447e+03
6.558948838419568347e+03
6.564205661437024446e+02
5.439866562926727056e+03
1.386528737900974875e+03
4.418671569566547987e+03
4.040181100402151515e+03
2.183600680197647307e+03
6.378147656563007331e+03
6.355796675093558406e+03
6.077770855411839875e+03
6.508866230121797344e+03
6.208953357394126215e+03
6.491495810237212936e+03
6.286607614555076907e+03
5.425659334629983277e+03
2.985255254266000975e+02
4.839450092570286870e+03
9.549433077779690393e+02
6.202086620496937030e+03
6.626976570368631656e+03
6.454758937748458266e+03
6.568076019296764571e+03
6.394254584187568980e+03
6.459114966005667156e+03
6.614694097853723179e+03
6.533784598951661792e+03
6.394133294040494548e+03
6.612628297290755654e+03
6.364465019108950401e+03
6.494610829378696508e+03
6.599142135790910288e+03
6.630595842672061735e+03
6.582349925300362884e+03
6.462451960556414633e+03
6.620275438156567361e+03
6.565175661314360696e+03
6.580291227186206015e+03
6.414381617813040066e+03
6.156432739475191738e+03
6.637886391573652872e+03
6.467322749171089526e+03
1.335276906597347306e+03
6.971697859826776948e+02
3.473600872103770143e+03
2.802960063982323391e+03
3.407706458032900628e+03
6.492176715459372645e+03
6.472705137695383200e+03
6.595160077949759398e+03
6.535579833343053906e+03
6.648915394715609182e+03
6.621057601128452006e+03
6.176862594773417186e+03
1.864508482845954518e+02
6.602557943156639340e+03
6.618923364007986493e+03
2.763414932774323461e+03
2.731150120930970843e+03
6.287346593296443643e+03
4.384979295370371801e+03
1.687968183656980727e+03
6.574656436127195775e+03
6.570481468952693831e+03
6.521994262624379189e+03
6.555064877175052061e+03
6.530836928839743450e+03
6.502072600578787387e+03
6.578500424178997491e+03
2.654792774728532549e+03
3.435349840991815654e+03
6.615055746430039108e+03
5.692976503173715173e+03
2.952080204345658103e+02
6.554517127928314039e+03
6.648628729197782377e+03
6.389083276128127181e+03
6.739981492612498187e+03
6.573226521781572956e+03
6.559405872913619532e+03
3.472651836769596230e+03
2.727038358704195161e+03
6.623489644606681395e+03
6.365024070966740510e+03
3.643894582153079227e+03
2.570363537361743056e+03
4.276072240652663822e+03
1.837121706315386291e+03
6.690801859635816072e+03
3.576420209198904558e+03
2.467006418417327041e+03
6.552408271538845838e+03
6.462087077726866482e+03
6.556326686622289344e+03
6.390982729664185172e+03
4.894021023388449976e+03
1.341363289775972589e+03
5.235699546617872329e+03
9.215441726191215821e+02
6.744823709450811293e+03
6.677496581651399538e+03
6.671474713613042695e+03
6.720234538700478879e+03
6.656850767237686341e+03
6.780291125973512862e+03
6.259333998840493223e+03
6.699759014196353746e+03
3.224601545802099167e+01
6.315248331036388663e+03
6.577712686567154378e+03
6.739912553031364041e+03
6.785711676514145438e+03
6.758861690406132766e+03
6.424687797761046568e+03
6.606437357275174691e+03
6.698089145178061699e+03
6.756068368975545127e+03
6.798094370956866442e+03
6.061842018599771109e+03
6.533777764666039729e+03
6.660838861284272753e+03
7.833878870993948418e+00
6.613180651146007222e+03
6.840258155959900250e+03
6.622167395673985993e+03
1.831216965011005726e+01
5.857309383144804997e+03
6.659518266301495714e+03
6.636524555205177421e+03
3.455146572322427801e+03
2.552660532843457077e+03
6.669857805475170608e+03
6.783965629975646152e+03
6.674700773939259307e+03
6.805096907518481203e+03
6.627886871465868353e+03
