8.679999999999999716e+01
1.885000000000000000e+02
1.784000000000000057e+02
1.380999999999999943e+02
1.530999999999999943e+02
1.648000000000000114e+02
1.818000000000000114e+02
1.729000000000000057e+02
1.701999999999999886e+02
1.780000000000000000e+02
1.811999999999999886e+02
1.360999999999999943e+02
1.734000000000000057e+02
1.600999999999999943e+02
1.728000000000000114e+02
1.545000000000000000e+02
1.425000000000000000e+02
1.746999999999999886e+02
4.363000000000000114e+02
3.958000000000000114e+02
4.308000000000000114e+02
1.725999999999999943e+02
3.268000000000000114e+02
3.941999999999999886e+02
3.471000000000000227e+02
2.960000000000000000e+02
4.446000000000000227e+02
3.023000000000000114e+02
1.254000000000000057e+02
1.380000000000000000e+02
1.609000000000000057e+02
1.400000000000000000e+02
5.000000000000000000e+02
3.710000000000000000e+02
5.000000000000000000e+02
5.000000000000000000e+02
5.000000000000000000e+02
5.000000000000000000e+02
5.000000000000000000e+02
5.000000000000000000e+02
5.000000000000000000e+02
5.000000000000000000e+02
5.000000000000000000e+02
5.000000000000000000e+02
5.000000000000000000e+02
5.000000000000000000e+02
4.816000000000000227e+02
3.888999999999999773e+02
4.738000000000000114e+02
2.540999999999999943e+02
2.718000000000000114e+02
4.468000000000000114e+02
3.730000000000000000e+02
4.813999999999999773e+02
4.240000000000000000e+02
4.453000000000000114e+02
5.000000000000000000e+02
4.515000000000000000e+02
4.515000000000000000e+02
5.000000000000000000e+02
5.000000000000000000e+02
5.000000000000000000e+02
4.945000000000000000e+02
2.751999999999999886e+02
2.269000000000000057e+02
3.183000000000000114e+02
5.000000000000000000e+02
2.913000000000000114e+02
3.961999999999999886e+02
5.000000000000000000e+02
5.000000000000000000e+02
5.000000000000000000e+02
5.000000000000000000e+02
5.000000000000000000e+02
4.550000000000000000e+02
4.523999999999999773e+02
4.318000000000000114e+02
4.541999999999999886e+02
4.233999999999999773e+02
5.000000000000000000e+02
4.425000000000000000e+02
4.216000000000000227e+02
2.285000000000000000e+02
3.576000000000000227e+02
4.538000000000000114e+02
4.781000000000000227e+02
3.805000000000000000e+02
4.323000000000000114e+02
4.038999999999999773e+02
4.026000000000000227e+02
5.000000000000000000e+02
5.000000000000000000e+02
5.000000000000000000e+02
5.000000000000000000e+02
3.931999999999999886e+02
5.000000000000000000e+02
4.730000000000000000e+02
4.515000000000000000e+02
4.033000000000000114e+02
