9.900000000000000000e+01
1.321999999999999886e+02
1.963000000000000114e+02
2.000000000000000000e+02
1.899000000000000057e+02
2.000000000000000000e+02
1.680999999999999943e+02
1.275000000000000000e+02
1.590000000000000000e+02
1.589000000000000057e+02
1.421999999999999886e+02
9.840000000000000568e+01
1.391999999999999886e+02
1.551999999999999886e+02
1.991999999999999886e+02
1.533000000000000114e+02
2.000000000000000000e+02
1.899000000000000057e+02
2.000000000000000000e+02
1.775999999999999943e+02
1.035000000000000000e+02
1.944000000000000057e+02
1.615000000000000000e+02
1.918000000000000114e+02
1.975999999999999943e+02
2.000000000000000000e+02
2.000000000000000000e+02
2.000000000000000000e+02
2.000000000000000000e+02
