-1.516210122339557984e+03
-1.525602216831592159e+03
-8.886143240369582372e+02
-8.783449579360856205e+02
-1.000716351242404130e+03
-1.279509487612877365e+03
-9.637368806381306285e+02
-1.770864647469419197e+03
-1.536812448316956306e+03
-9.981288344622950035e+02
-1.858051312621992111e+03
-9.126940884779780845e+02
-1.519808739969303815e+03
-1.325762718000133873e+03
-1.227799746458855225e+03
-1.494051130256984834e+03
-1.521522588532110376e+03
-9.147330177015245454e+02
-1.275053885100028310e+03
-1.243889142900190109e+03
-1.590232475597346365e+03
-1.637478891028768203e+03
-1.654465564220113492e+03
-1.638681958707785952e+03
-1.598096387702708398e+03
-1.628618378596887624e+03
-1.624542478884723096e+03
-1.657424337843057856e+03
-1.651265975107391796e+03
-1.249328643853071299e+03
