-1.755266091761557391e+03
-1.185813617550515573e+03
-1.745836173844951873e+03
-1.470590013312446445e+03
-1.671820831499476071e+03
-1.688182019202837409e+03
-1.512544591574662036e+03
-1.566366586287463406e+03
-1.649847102332045552e+03
-1.387527868080828057e+03
-1.297547655140896040e+03
-1.756061880910583113e+03
-1.482964532096985749e+03
-1.346121553720678548e+03
-1.504355554928377842e+03
-1.114226873296281838e+03
-1.357716124905176684e+03
-1.674073066027932555e+03
-1.455183844340108635e+03
-1.052185224061969166e+03
-1.575967673314698004e+03
-1.650440023730322082e+03
-1.409044579174770206e+03
-1.313560917114264385e+03
-1.104995952335956645e+03
-1.096447048912732271e+03
-1.295357385928691656e+03
-1.235123220831713297e+03
-9.700486550296042196e+02
-1.001380383960627455e+03
-1.097624651066257229e+03
-1.107330241829096622e+03
-7.728348212685507406e+02
-9.270169989437065396e+02
-1.016761772711733329e+03
-1.196558683329608129e+03
-6.504465826987965329e+02
-1.600381808936015432e+03
-1.455915203179944228e+03
-1.534278548371224815e+03
-1.205679265691353066e+03
-1.318719498027802501e+03
-1.279604384731659593e+03
-1.295534698421658959e+03
-1.397960321700020359e+03
-1.402213123589818224e+03
-1.575741234705358465e+03
-6.670798275634410857e+02
-1.033739781963868609e+03
-1.026565230946040174e+03
-1.366375855594590348e+03
-1.242818604835279530e+03
-7.852897587781158109e+02
-8.800433919709048496e+02
-3.928691254416129937e+02
-1.047205832429521934e+03
-5.276603544512355484e+02
-1.227001580638333053e+03
-1.380626825176929970e+03
-8.961682711675128985e+02
-1.421542984518085404e+03
-1.149765316705573923e+03
-9.055199781092500189e+02
-1.390745606099626912e+03
-1.133506390743265229e+03
-1.164763609827839446e+03
-1.400121409342394145e+03
-1.313795370348072083e+03
-9.350077738076972764e+02
-1.198856714912113830e+03
-1.485618872903661213e+03
-1.115648992054349037e+03
-1.078113843967694265e+03
-8.117981219949573415e+02
-1.157859391466498209e+03
-1.158529158699972413e+03
-9.250841729800644089e+02
-5.451574418735871177e+02
-1.098447452468933989e+03
-6.605748997303259102e+02
-1.084678911988598429e+03
-9.053824400006693622e+02
-1.342810604596878079e+02
-7.838956001124097384e+02
-1.475903430827920829e+03
-1.295879054616147869e+03
-1.269646817497006396e+03
-7.599326882962141099e+02
-9.450748738495485668e+02
-1.543177857014609117e+03
-9.318548391394770078e+02
-1.367507866743858642e+02
-1.300225436217110655e+03
-2.675430463510724621e+02
-1.079351007594183102e+03
-1.208936475429486109e+03
-1.380601572657312772e+03
-1.472157271675634320e+03
-5.361565982531039936e+02
-5.444017616171383906e+02
-9.157913839218268777e+02
-1.074960537686313728e+03
-1.065036339631760256e+03
-1.215994541716265303e+03
-1.306895448352644564e+02
-9.378608441640282081e+02
-9.852294726904522122e+02
-1.315769857987000478e+03
-9.251273139648144479e+02
-1.174491968405570333e+03
-1.060723314143245034e+03
-1.326742185977567033e+03
-6.593685026873305333e+02
-1.055033133033544345e+03
-2.622721019779739891e+02
-1.320421156274075258e+02
-1.270955442412982848e+03
-8.995532847922769406e+02
-8.572866737419683432e+02
-9.265022484075310558e+02
-2.518314192576550870e+00
-2.611377845882727797e+02
-6.463521363146128351e+02
-1.342549851541030819e+02
-2.424296669420058059e+00
-1.003402156009692817e+03
-1.345701478475709507e+02
-1.315733056812571476e+03
-5.251409681279544657e+02
-1.289191717175410304e+03
-5.249599615674927691e+02
-5.288719540821845158e+02
-1.352608226359227217e+02
-1.054497242982085709e+03
-8.597558479236402036e+02
-1.127501741370633226e+03
-3.972997830481592132e+02
-2.616226331103878238e+02
-8.672482675008121760e+02
-5.259599045799230908e+02
-1.018482190488296624e+03
-1.337477139078983441e+02
-6.561652415020349736e+02
-9.407041891031454952e+02
-1.320451833723400625e+02
-1.331443163466717863e+02
-3.750873524813838067e+00
-1.056222099436372218e+03
-3.986092374114961672e+02
-2.644591037417295638e+02
-1.561400586020932451e+03
-2.695814707431100032e+02
-5.214257953536811101e+02
-5.253196994609170360e+02
-9.747784523569270050e+02
-9.378891358455756517e+02
-1.204857855388210510e+03
-4.380354595576192445e+00
-2.050344124684785108e+00
-1.318819233571213658e+02
-1.034762885687888684e+03
-2.650084286228024553e+02
-9.242931577721398071e+02
-8.289439837111070801e+02
-1.429639826682994608e+00
-8.576821870292859558e+02
-5.512183832719499605e+02
-2.633277666988864780e+02
-1.304333571053761887e+02
-7.835977632181179615e+02
-1.327203686314893503e+02
-1.935371766327038001e+00
-6.643864005775374153e+02
-3.860433342370089917e+02
-8.864679300764711343e+02
-8.570744102922517413e+02
-1.271808219525871380e+02
-5.819385637959563837e+02
-1.308300214124105025e+02
-6.741847125894586270e+02
-1.331511222166917889e+02
-9.327568602083761107e+02
-1.188645524561720322e+03
-7.895833817666025425e+02
-2.833371515240769245e+00
-3.975066453957317094e+02
-4.065053666945972282e+02
-2.617816110430576373e+02
-3.904336729094255247e+02
-1.735520247894293933e+00
-2.598156560163068320e+02
-2.668328115447177993e+02
-3.902586145832694910e+02
-1.336003010062852354e+02
-1.348479441537369610e+02
-6.639097590491372785e+02
-7.930776790248137331e+02
-4.434985026986078083e+02
-3.867540182005828910e+02
-1.266473037015555747e+03
-2.549444762596125429e+02
-9.152836383676168452e+02
-6.587616168853630825e+02
-5.255559800112445146e+02
-2.616892947888576941e+02
-1.102607477334997643e+00
-8.058222543192821377e+02
-6.584693766052884030e+02
-1.108667203753505191e+03
-1.357064979206382418e+02
-5.306932646633216564e+02
-3.859555302836952819e+02
-7.888232996853255372e+02
-1.050886089384737261e+03
-5.191089801878536036e+02
-1.076326440359738854e+03
-3.953798574975027122e+02
-5.213452397022521154e+02
-8.560826051209980960e+02
-5.294987112616770446e+02
-5.260692135718406917e+02
-1.304951906459449447e+02
-7.590031792032634712e+02
-7.670285663163286527e-01
-6.946207029525327243e+02
-4.118063353961653661e+02
-2.593341092885482908e+02
-1.288280405465190768e+02
-8.642262049016251240e+02
-7.086373752565164068e+02
-4.121481340633462764e+02
-2.599814045949617594e+02
-1.307565256015596447e+02
-1.315526683343421439e+02
-4.022462252817618378e+02
-4.200858724725846969e+02
-3.879589552005867290e+02
-5.221703632958367507e+02
-1.313733231713391660e+02
-5.336109907040674898e+02
-6.401195355165033334e+02
-9.251934201657294352e+02
-1.296935742794320561e+02
-1.304301072102614256e+00
-2.269546865502178878e+00
-2.652281555000227513e+02
-3.969490283200269118e+02
-1.367613688015134983e+02
-6.519497576284753677e+02
-5.169432340485485611e+02
-1.269039324802541779e+00
-7.778884865772485000e+02
-2.631708467573418808e+00
-5.443011191035081993e+02
-9.062557505192843337e+02
-3.903925625616240040e+02
-2.579053330811063471e+00
-5.879947003897467539e+02
-2.594071951913587668e+02
-2.506804662837556066e+02
-5.132557848124771454e+02
-4.234968981811196613e+02
-2.667320533357377599e+02
-2.572498658795664710e+02
-1.284486668129340217e+02
-1.292221435316984923e+02
-4.004794750521389801e+02
-1.314497061497806953e+02
-1.085355026700686494e+03
-1.294620963025257083e+02
-1.301868287074154011e+02
-1.312127745392579072e+02
-6.937454771959850177e+02
-5.200111252691353911e+02
-1.312556252595154547e+02
-3.576459275985401920e+00
-9.834347976258125072e+02
-2.598612835710672471e+02
-2.599108985652264892e+02
-7.294305881685302211e+02
-1.287147120165132606e+02
-6.898085885781472371e+02
-7.173003974534059353e+02
-5.348151396468608709e+02
-3.066099145790912583e+00
-2.620219548079921310e+02
-4.052407491027341848e+02
-5.341097014971988983e+02
-1.299258436987112759e+02
-2.582550364611084319e+02
-1.304328543219042729e+02
-4.045849451288699470e+02
-3.967326479805622625e+02
-1.311944919319880967e+02
-5.292820906995123096e+02
-5.397416841208391816e+02
-1.392987561577397173e+02
-3.099866282802901551e+00
-5.693800857675619227e+02
-2.583258591991382787e+02
-2.692429524564590224e+02
-3.583768018504365216e+00
-4.551744972472816357e+02
-3.868935903606576403e+02
-2.601671736138024471e+02
-3.877877382838680660e+02
-6.046470453389754312e+02
-1.309237977706761740e+02
-2.567793004367791241e+02
-3.902850822083255480e+02
-4.177782209484570899e+02
-2.573050800681792794e+02
-5.254755568676742996e+02
-7.780557726112550654e+02
-3.977219816373986419e+02
-1.310971308045747605e+02
-5.262947384619553759e+02
-6.852369875550060669e+02
-1.342598707120391737e+02
-5.190424640535702565e+02
-5.940575914877010746e+02
-1.299088302406924811e+02
-3.902743524052525892e+00
-2.627003281962710162e+02
-6.237998567716437037e+02
-1.329223225407496329e+02
-3.858771433489954461e+02
-3.904855600734406380e+02
-1.322732499739236403e+02
-2.673713765450407323e+02
-3.927559113417609638e+02
-1.287156034589840488e+02
-6.429677165362871847e+02
-1.304417751728688586e+02
-1.198800891973552885e+00
-5.307865326230156597e+02
-2.606671013983958005e+02
-3.919320745321177242e+02
-2.684220115606010495e+02
-2.613249550687722262e+02
-1.088803109284601334e+00
-1.309667635493896114e+02
-5.351576779630609053e+02
-3.994475612256398449e+02
-1.314640427777385696e+02
-2.620839049395389111e+02
-3.893995152349569935e+02
-3.987432588913483187e+02
-4.073277271008739149e+02
-5.129518259226257442e+02
-6.641175617848374486e+02
-4.173493704761355616e+02
-6.068159608161607821e+02
-3.922625844281088803e+02
-4.066373129041863308e+02
-3.825944087516768377e+02
-2.629084838830522699e+02
-1.299886287241261584e+02
-5.348196465566268216e+02
-1.291769483084818262e+02
-2.588887462082590218e+02
-1.462449740424563771e+00
-2.517755687399598230e+02
-2.624571637820347405e+02
-1.551569890279870689e+00
-3.940784078153301948e+02
-1.562566241057450567e+00
-1.301154689881273043e+02
-2.617421916370591930e+02
-1.866417946280497731e+00
-1.266667833549086026e+02
-1.280779370922923874e+02
-1.250718943100467584e+02
-2.372893878739989582e+00
