-1.561937672840916093e+03
-1.584908230382263355e+03
-1.484018446394847615e+03
-1.501581498703771331e+03
-1.345525474490957095e+03
-1.134619471528760869e+03
-1.165946123830246506e+03
-1.411170328492511089e+03
-1.124201139298215367e+03
-1.174072845233882390e+03
-1.042164983855506307e+03
-1.162282537837620566e+03
-1.237691989619484048e+03
-9.047952470723472516e+02
-9.969469261814954280e+02
-6.648560545156865373e+02
-1.071316912882191446e+03
-7.620995129381989273e+02
-6.303806867619689456e+02
-9.379372204440967380e+02
-8.830033926320381852e+02
-9.630349710419941403e+02
-7.427539075723354927e+02
-6.302570387137403713e+02
-4.377608195364888388e+02
-4.933699603334238191e+02
-1.137593354812657481e+03
-8.738681486908462830e+02
-6.082985565001180248e+02
-5.578146518917845924e+02
-8.857780956619783410e+02
-6.290862538587516610e+02
-8.528013059330685337e+02
-5.583524293131152945e+02
-5.685454005094147760e+02
-6.335189240954796333e+02
-4.866134311196981912e+02
-3.865268584376368608e+02
-5.464187039529058438e+02
-4.553836569341323184e+02
-4.122287784564343269e+02
-7.625396120805742157e+02
-9.697952044658513842e+02
-5.419486608053033478e+02
-6.683897787911475916e+02
-1.960077178216657501e+02
-3.579777926489079505e+02
-4.455133818321117474e+02
-3.268088051015039923e+02
-3.595730927532046621e+02
-4.485009979297621499e+02
-1.466878675280753441e+02
-2.137403043127552280e+02
-3.804699316750338767e+02
-4.333291260722445486e+02
-4.187298667694629444e+02
-2.375933052638860659e+02
-3.686596610581217419e+02
-4.334058688267639923e+02
-2.945573275872347949e+02
-4.351661783563399695e+02
-3.711962310935086862e+02
-3.442083004634141616e+02
-2.848045502758453722e+02
-3.113785944996346871e+02
-2.782489914521705714e+02
-4.098782805981199999e+02
-3.748892190367961348e+02
-2.761266227307232839e+02
-2.224906328285543111e+02
-2.278330362976716401e+02
-2.622348584585449771e+02
-2.645711934540540824e+02
-3.647486569347905743e+02
