9.800000000000000711e+00
2.000000000000000000e+02
1.999000000000000057e+02
2.000000000000000000e+02
1.150000000000000000e+02
1.277999999999999972e+02
1.055999999999999943e+02
1.348000000000000114e+02
9.990000000000000568e+01
1.095999999999999943e+02
2.419999999999999929e+01
1.286999999999999886e+02
1.262000000000000028e+02
1.420999999999999943e+02
1.808000000000000114e+02
1.364000000000000057e+02
2.000000000000000000e+02
1.331999999999999886e+02
2.000000000000000000e+02
1.795999999999999943e+02
2.000000000000000000e+02
2.000000000000000000e+02
2.000000000000000000e+02
2.000000000000000000e+02
