1.244191808358001872e+01
1.242326712042267367e+01
1.235378137566221213e+01
1.241869258651692043e+01
1.254538200107632306e+01
1.239824267449160367e+01
1.217256417597245033e+01
1.233205082530112762e+01
1.261851055448609493e+01
1.027862303884930498e+03
1.051188771586046641e+03
1.741228825781430203e+02
3.470140537957943252e+02
3.781524511469194181e+02
2.400267188622978267e+02
2.577263584462887138e+02
2.182853941939736160e+02
2.560527367238923375e+02
3.997268965898598481e+02
3.528373380204743626e+02
2.366495970119455308e+02
2.659637392988175293e+02
4.176213558590226285e+02
3.915891328273011140e+02
3.635514358257022423e+02
3.930707260865373769e+02
2.998621153981722500e+02
3.629727081596173548e+02
3.770114900993794436e+02
3.954368850812211917e+02
3.607802782518314189e+02
3.509267415684909110e+02
3.539041238851389721e+02
3.567482293932331459e+02
3.575742261446545172e+02
3.413516085125535255e+02
6.751944326917862327e+02
7.459031995446979408e+02
1.039431136276246434e+03
4.251159565123360267e+02
6.979964193859805164e+02
1.162752347161655507e+03
9.694525604944623183e+02
8.288295990280830665e+02
6.543009439926929645e+02
7.388444437133381371e+02
6.344243888076802023e+02
7.975262383050024937e+02
1.144936322578985482e+03
6.750548241546100598e+02
7.019796046593157826e+02
6.921876258099389361e+02
6.032325532474809506e+02
6.041054560327143008e+02
6.637241637891339678e+02
5.936071520593357036e+02
4.165027083123759439e+02
5.615949344335112983e+02
4.568290936288417470e+02
4.607494598942234916e+02
5.567371879536206052e+02
6.802429811475997212e+02
4.624768403575162665e+02
8.245071923673860965e+02
7.457757707052721798e+02
6.286086505928129782e+02
8.369289254876464383e+02
5.314359371098659039e+02
5.281576350399549256e+02
4.974096945056742811e+02
5.942952078636889155e+02
5.340474701153824526e+02
4.821530837488219845e+02
4.499265056140611705e+02
4.772214962483794807e+02
5.657123148085277080e+02
5.889218812753158545e+02
7.184247340909814739e+02
4.994494125251879382e+02
8.171851483114442090e+02
9.489618065327888417e+02
1.498957522429330766e+03
5.112656463213925235e+02
9.893321995089545453e+02
7.808597271045823618e+02
5.251637630515336923e+02
4.325008103645576512e+02
5.754246006367723112e+02
4.224342869502960411e+02
4.731372676402050388e+02
5.821870291786871121e+02
6.491656372621880564e+02
5.187209641644601561e+02
1.548535069798300128e+03
6.850747729269717183e+02
6.763973007176554120e+02
9.647235500653187046e+02
5.869695815588761434e+02
6.644083644655612488e+02
7.891313381124439275e+02
7.615087303496113691e+02
1.268672518781315148e+03
6.837398238268386876e+02
8.533093298174783286e+02
6.927433153666788712e+02
6.298604647081845087e+02
1.245633111385374377e+03
9.641240086643996392e+02
8.514516123862680388e+02
1.140873469092701498e+03
1.230801374431614477e+03
1.416885261388066738e+03
1.610738456953170271e+03
1.870264368739472502e+03
1.360414566248813117e+03
1.408092179272365684e+03
1.322500232158422023e+03
1.310121116471954792e+03
1.263609353379956701e+03
1.442747859194071225e+03
9.563869373244054941e+02
9.744882476926380832e+02
1.338273781112839515e+03
1.157434234794829990e+03
9.788778490216294585e+02
1.059275173826577429e+03
1.020221187200066765e+03
1.763069862218129174e+03
1.366083775671117110e+03
9.995302587383463333e+02
1.020029367570122986e+03
1.329885624539236233e+03
1.150581211002541750e+03
1.322455567081065965e+03
1.305737338181022778e+03
1.047776145449562591e+03
1.739775167528908696e+03
2.091591351989897248e+03
1.189611307397970904e+03
2.888023182093707419e+03
2.006523608136684970e+03
1.853021771105303515e+03
2.387656416887251453e+03
2.909898548851501801e+03
1.566651631029272721e+03
1.034001404427722491e+03
1.613211830324359198e+03
2.271605201935231435e+03
2.997967906596409648e+03
1.863190956468465174e+03
2.445346366125396798e+03
1.781564980100953562e+03
1.644054471486246939e+03
2.042294856140872071e+03
2.370133903545658086e+03
2.422342283491317176e+03
2.637533596738864617e+03
2.882290393278214196e+03
2.336421703013445040e+03
2.940235149216042373e+03
2.561777962264674898e+03
2.387765518112394147e+03
1.211177941179590107e+03
2.299904698684028517e+03
2.218823746381845922e+03
2.176615396288630564e+03
2.665189779928163716e+03
2.575198033020333696e+03
3.175142304325412624e+03
2.475388761947424882e+03
2.931187162338686448e+03
3.322343988951899519e+03
2.684153689930845303e+03
3.267738861799037750e+03
3.245509439854981338e+03
3.212105899399254668e+03
2.492304574736841914e+03
2.293938913958122157e+03
1.544328634206992774e+03
1.285746723827995538e+03
3.393948771897357801e+03
3.215016206801047701e+03
3.372834011113622637e+03
3.045383466352851428e+03
3.272200809705814208e+03
3.006544725069378728e+03
3.334710815272986110e+03
2.874669002644045577e+03
2.178596606585879726e+03
3.160460597339652850e+03
3.445559850921884845e+03
3.180133498611651703e+03
3.457792438808100997e+03
3.428466665986311909e+03
3.384201010499145013e+03
3.483872279254615023e+03
3.411551226131412932e+03
3.574136647829100639e+03
3.474184724507757892e+03
3.437914422863843356e+03
3.323716146556477270e+03
3.128881078550126858e+03
3.353580767975744493e+03
2.886263509156307919e+03
3.307138723892026064e+03
3.380931467103050181e+03
2.571510665795765817e+03
3.204728680944324879e+03
3.590251502363043073e+03
3.376664034712717694e+03
3.261202587997495357e+03
3.101420006581458438e+03
2.453642165639471386e+03
3.102552180369917096e+03
2.371487581059962395e+03
2.889227360177927949e+03
3.388612372786697961e+03
3.427831472535200191e+03
3.252041762458048197e+03
3.594067632555791988e+03
3.416891411580298154e+03
3.642875859834322910e+03
3.318719033082115402e+03
3.657731059888783875e+03
3.475903732415841660e+03
3.672878211266329345e+03
3.615055718226813042e+03
3.286836625968310727e+03
3.544900518994364575e+03
3.557529935247996036e+03
3.527091286389855668e+03
3.420834646829523990e+03
3.328219754743197882e+03
3.579162745626901597e+03
3.410472066355427614e+03
3.544273592869637469e+03
3.431874520121719343e+03
3.540401217704369628e+03
3.546276392551838853e+03
3.725497680036647125e+03
3.641745495118400868e+03
3.625569909237137381e+03
3.688537104196922883e+03
3.638013273724352075e+03
3.641473913238468413e+03
3.681084750648664340e+03
3.797497643985841478e+03
3.755457621782087699e+03
3.613487757439250800e+03
3.686079334988428400e+03
3.776530344842695285e+03
3.725289142224092302e+03
3.755228992535213820e+03
3.607246822913982214e+03
3.799200530788127708e+03
3.934956640999655974e+03
3.572688469201259977e+03
3.953638648055969497e+03
3.910611572628409249e+03
3.785908334161690618e+03
3.811823094268840123e+03
3.738876787430702279e+03
3.947906566547914736e+03
3.722560375485503755e+03
2.968795031695387024e+03
3.535915531844937505e+03
4.024065301700630698e+03
3.863598815173428648e+03
3.628093767129377284e+03
2.523007867786966472e+03
3.924310266712212524e+03
3.987547587398855740e+03
4.097140798310029822e+03
4.046975327353146895e+03
3.965890882124933796e+03
4.063137292634504320e+03
4.089594186146880929e+03
4.038905771256944718e+03
4.052390936585511554e+03
4.004346354590576084e+03
3.981621331773745624e+03
4.079168871292915810e+03
4.151422627085471504e+03
4.022764648543097337e+03
4.094585157894935492e+03
4.122499611421671943e+03
4.211499848656230824e+03
4.082558123294356392e+03
4.119842556077530389e+03
4.106236687408783837e+03
4.028404033811017143e+03
4.069560199922927950e+03
4.115050353379250737e+03
4.107843783875147892e+03
4.166057890156718713e+03
4.197883423816377217e+03
4.201223826661590465e+03
4.075388911475783061e+03
4.199155849417626996e+03
4.130379199061992040e+03
4.240529714110136410e+03
4.166586481775417269e+03
4.199120447689489083e+03
4.304254093860652574e+03
3.858035635070393710e+03
4.194108029634428021e+03
4.196029378295899733e+03
3.403623765180300779e+03
4.008193340744802299e+03
3.879987502167109596e+03
4.242548996769246514e+03
4.246034738375100460e+03
4.328262011267208436e+03
4.090939428021596541e+03
4.398874026166200565e+03
4.318068559509511033e+03
4.242041009589721398e+03
3.346643195309146449e+03
4.321204984923632765e+03
4.320888728674165577e+03
4.281182382571149901e+03
4.259449604385877137e+03
4.349034919380247629e+03
4.440877067807035928e+03
4.422238040687601824e+03
4.551071910122183908e+03
4.390626288632752221e+03
4.414623412018139788e+03
4.497018150529047489e+03
4.482892506760459582e+03
4.499239986630482235e+03
4.429450751957186185e+03
4.222171791261007456e+03
4.570421782307299509e+03
4.549091311804615543e+03
4.498129877802484771e+03
4.357809650891658748e+03
4.520410745297132053e+03
4.335868707567368801e+03
4.570174103504853520e+03
4.477463751932651576e+03
3.652811827165647173e+03
4.467277332292286701e+03
4.526331952713549981e+03
4.546616328201806937e+03
4.512943989772932582e+03
4.539742535564835634e+03
4.486880935221236541e+03
4.551218580200880751e+03
4.639358844056486305e+03
3.683832764860931547e+03
4.528953857346898076e+03
4.134522161389648318e+03
4.561279139520774152e+03
4.632200376826915090e+03
4.552901828634110643e+03
4.568596845998749814e+03
4.115164291343392506e+03
4.675676000166931772e+03
3.347449796201836762e+03
4.538619444018588183e+03
4.571433293726911870e+03
4.572809450637373629e+03
4.607898464021522159e+03
4.583651100289647729e+03
4.577956455369396281e+03
4.516124204051663583e+03
4.613025728013826665e+03
4.625895837968775595e+03
4.215551566139762144e+03
3.847389837831035948e+03
4.711110440425632078e+03
4.176889450734098318e+03
4.669273435653875822e+03
4.707518437910322973e+03
4.648934129638646482e+03
4.590630806621055854e+03
4.671228759155756052e+03
4.293707698516587698e+03
4.624503749355505533e+03
4.652162126866583094e+03
4.588657290393221956e+03
4.649855158027493417e+03
4.205178737589547382e+03
4.598908080090888689e+03
4.564194866015271145e+03
4.452985623528054930e+03
4.713804237112692135e+03
4.597959917264792239e+03
4.731975381505401856e+03
4.815209328840749549e+03
4.726467083484133582e+03
4.810621467898710762e+03
4.181355964025741741e+03
4.692878099166811808e+03
4.701727278944978025e+03
4.836735475479350498e+03
4.638017374390068653e+03
4.835542290804035474e+03
4.787425777305297743e+03
4.544180652050794379e+03
3.288356327323419009e+03
4.651904033763594271e+03
4.910417512300536146e+03
4.683552744402089957e+03
4.766910055077063589e+03
4.744746205767251922e+03
4.956902918517824219e+03
4.828858937902977232e+03
4.820333780607212248e+03
4.722008413780959017e+03
4.754791453180248936e+03
4.964919934063704204e+03
4.865619635231312714e+03
4.945137304795351156e+03
4.913776690096909078e+03
3.457591848599420246e+03
4.705574923462607330e+03
4.810526358052426076e+03
4.806972941179732516e+03
3.046737315745433989e+03
4.580076626980267974e+03
4.371692128116615095e+03
4.761279957998640384e+03
4.805800003807262328e+03
4.916732285452758333e+03
4.812805575437369043e+03
4.861809279669063471e+03
4.892681875241555645e+03
4.860677758553503736e+03
4.686223662517804769e+03
4.709350797983875054e+03
4.909674991563881122e+03
4.936959976728789115e+03
3.667376344036021237e+03
4.305308650800689975e+03
3.972144728287399630e+03
4.794439683340824558e+03
4.847791317877055917e+03
4.904101932460364878e+03
4.754779094843959683e+03
4.874381986764337853e+03
4.688739086698439678e+03
4.885965986269010500e+03
4.844256974614378123e+03
4.837982734886151775e+03
4.746421492589732225e+03
4.805539377580191285e+03
4.903532589339128208e+03
4.193249285847632564e+03
4.861862615240282139e+03
4.877505777587311059e+03
4.967543547393990593e+03
4.849158462457258793e+03
4.874517766793265764e+03
4.803658354775187945e+03
4.284922373953545502e+03
4.803233602467122182e+03
4.752363521237037276e+03
4.800857517211704362e+03
4.797387637210335924e+03
4.843951632905978840e+03
4.836115231380802470e+03
4.573910993448279442e+03
4.827828799097967931e+03
4.787584553382444938e+03
4.948863627774690030e+03
4.064602994525658687e+03
4.876625119868032016e+03
4.760228157893478055e+03
4.543897440277640271e+03
4.904292462831958801e+03
4.089147980331332747e+03
3.073129302672940867e+03
4.985345863607794854e+03
4.541938603733186937e+03
4.612144999030642794e+03
5.051573956242489658e+03
1.628920872423055471e+03
4.849902826746461869e+03
4.483099773027804986e+03
4.156771659696893039e+03
3.038889682872774756e+03
4.051581722878637265e+03
3.449777336454285887e+03
3.868025741046520125e+03
4.806678329232227043e+03
4.099983474416249010e+03
7.091478467309627831e+02
5.051747180649086658e+03
4.951397130926933642e+03
3.204275012480761234e+03
4.897306154534243433e+03
4.768318685537431520e+03
4.877978354492785002e+03
4.396077604947860891e+03
4.341732309024579081e+03
4.900489126705972012e+03
4.845943488489006086e+03
4.821556624157221449e+03
4.848643809592897014e+03
4.848642868000757517e+03
4.797863632372658685e+03
4.864484480861142401e+03
4.858053126040244024e+03
4.878939815525738595e+03
4.188872567304087170e+03
4.814156020621428979e+03
4.817726257850964430e+03
4.884647942215164221e+03
4.926712506824763295e+03
4.843821801293928729e+03
4.991497441860504296e+03
4.787085440241344259e+03
4.766958760156378048e+03
4.810547395637564478e+03
4.702221385337257743e+03
4.916387797447960111e+03
4.955088934785924721e+03
5.016906050778585268e+03
4.865638133081491105e+03
4.789825665300772926e+03
4.764645188597319247e+03
4.869008270962779534e+03
4.770414956949871339e+03
4.873139665015462924e+03
4.803543690907523342e+03
4.961383347310415047e+03
4.959491676846154405e+03
4.886543996978672112e+03
4.918421596025294093e+03
4.801916818228650300e+03
4.801196717896936207e+03
4.944224192473251605e+03
4.866078126773814802e+03
4.925982935725876814e+03
4.856332832924554168e+03
4.931323297838466715e+03
5.014559025395466961e+03
4.905577037834957991e+03
4.887782544617918575e+03
5.040197209139651932e+03
4.322959754091483774e+03
1.276874962409068303e+03
3.613060190472150680e+03
4.566636513279161591e+03
4.913002747719127001e+03
4.889690464619545310e+03
4.679622968214124739e+03
5.046820378744621848e+03
4.051163717242658549e+03
4.827212613341208453e+03
5.085628645193115517e+03
4.060524242003481959e+03
4.590211783360204208e+03
5.098956694357301785e+03
5.100848153820068546e+03
5.073583430586057148e+03
5.055043431981859612e+03
5.072575150005011892e+03
4.966597960189471451e+03
3.993347744665788923e+03
4.983939150361142310e+03
4.954501936876464242e+03
5.108370796508565036e+03
5.042444959357877451e+03
4.247922348578796118e+03
4.985574531418785227e+03
4.049471398161580055e+03
4.987499049722146992e+03
5.025522223474405109e+03
5.058134239069879186e+03
5.087346395429542099e+03
5.083453494842240616e+03
4.263464655674680216e+03
4.855063880260364385e+03
4.945508237475798524e+03
2.747428081651053617e+03
5.065924740355198082e+03
3.682086218507392914e+03
5.084003969580045123e+03
4.986360425874498105e+03
4.183631779151714909e+03
4.181499655933608665e+03
5.129210077625606573e+03
3.883892410062841918e+03
5.107268489869084078e+03
4.823668305357656209e+03
5.137847474890325429e+03
5.055093891721122418e+03
5.087187745059271037e+03
4.832132560491354525e+03
5.008205668741044974e+03
4.760276124452217118e+03
5.121575771581501613e+03
5.089295918314424853e+03
5.124244731789435718e+03
5.135062520573474103e+03
4.331020760637627063e+03
4.143768331665418373e+03
4.493136537730621058e+03
5.147092025920653214e+03
5.086951791339050942e+03
5.060426534800817535e+03
5.070008687340568940e+03
5.113774840097101333e+03
4.647690625115619696e+03
4.169209945983615398e+03
3.209659966839140452e+03
4.778839881580984184e+03
5.065028617402696909e+03
4.991998670925144324e+03
5.157758346271342816e+03
4.731766779753334959e+03
5.144585935685757249e+03
4.778355778961376018e+03
5.105066363335438837e+03
5.017528671250905973e+03
4.736183179196379569e+03
4.793774950151151643e+03
5.134643997319766640e+03
5.178340965139481341e+03
5.081980535534135925e+03
5.081098446130059529e+03
5.121622826937776153e+03
5.110724608282410372e+03
5.147159973729606463e+03
5.123048753234691503e+03
5.102837826361605039e+03
5.124002121593291122e+03
5.082935961905412114e+03
5.054684856115977709e+03
4.638185435471255914e+03
5.108615856162437922e+03
4.983778900344252179e+03
5.079053282428932107e+03
4.435619061770714325e+03
4.592562111747852214e+03
5.038231379316290258e+03
5.161912547804030510e+03
5.022300855019813753e+03
5.147700539972715887e+03
4.253841229149115861e+03
5.097416082115629251e+03
4.803881735815085449e+03
4.723175606245069503e+03
4.595553186257046946e+03
5.101629792078867467e+03
5.142137658870162340e+03
5.082072107891950509e+03
5.109968364130878399e+03
4.663479962053086638e+03
5.125693138648070999e+03
5.166998873783665658e+03
5.126259171276237794e+03
5.104790303438424417e+03
5.066718681848380584e+03
5.027643197460363808e+03
5.111900390802856236e+03
5.165241105084508490e+03
5.139214020371383413e+03
5.148072927960298330e+03
5.040790644299481755e+03
5.106671748493311497e+03
5.102452040526880410e+03
5.135591655863734559e+03
4.841815062893967479e+03
4.672102657973387068e+03
3.976840623478629368e+03
5.092392398493375367e+03
5.108954421817033108e+03
2.745389795587459503e+03
4.202480043883596409e+03
5.099461649465190931e+03
3.260290655563340351e+03
5.150314368727269539e+03
5.177818652773347821e+03
5.127393711771739618e+03
5.183629981705741557e+03
4.614153820057552366e+03
5.183807987257613604e+03
5.170388149856085874e+03
4.202502210064667452e+03
5.103619461888865771e+03
4.614706948291144727e+03
3.149475946045219644e+03
4.773169378645353390e+03
4.399352070757814545e+03
4.616441051950929250e+03
5.130395322399438555e+03
5.067158849790554086e+03
4.625222745091471552e+03
5.153922526471335004e+03
5.145519603533058216e+03
4.578412011303041254e+03
5.154987571353196472e+03
4.664936506227479185e+03
4.620232529891136437e+03
5.121784815654343220e+03
5.169640466473551896e+03
3.252588447652609375e+03
4.335069624014331566e+03
5.157261852640736834e+03
5.180383413611557444e+03
5.117006595366156944e+03
5.169002244844860797e+03
3.687674940742142553e+03
5.059909329675064328e+03
5.121173177363087234e+03
4.568294858225864118e+03
5.157985018788822345e+03
5.122774327726875526e+03
4.243948406248483479e+03
5.203110471797865102e+03
5.168066335650632027e+03
5.118443448794733740e+03
5.157030884558113030e+03
5.050651300170275135e+03
5.155891420937944531e+03
5.127405042718539335e+03
5.116510414561665129e+03
5.098196191060398633e+03
5.135728927678300352e+03
5.167427209655112165e+03
5.133319649378403483e+03
5.165556270076967849e+03
5.113895020256388307e+03
5.144515914738359243e+03
5.120372572854007558e+03
4.062945245013100703e+03
5.081288550724515517e+03
5.120277923851767810e+03
4.656530948109349993e+03
4.951947657993985558e+03
5.099910866472750968e+03
5.064823317652883816e+03
4.846069625684037419e+03
5.031091520873471381e+03
5.065659913454199341e+03
4.693010487191362699e+03
5.142569937520124768e+03
4.680638345791247957e+03
3.523443956736841756e+03
4.289795078391557581e+03
4.888067511127213947e+03
3.410658491271512503e+03
5.192936788381877705e+03
5.163835761555582394e+03
5.163025619480701607e+03
5.199309564010272879e+03
5.184064346916162322e+03
5.148893407557550745e+03
5.112727272521960913e+03
3.648610356025449619e+03
5.193796591607590017e+03
5.173193785505808592e+03
5.161113894456950220e+03
5.188125437334650996e+03
5.162856919930576623e+03
5.099016927024063079e+03
5.145597790747029649e+03
5.209682842060381518e+03
5.187761609933306318e+03
5.167484942736615267e+03
5.144975674108392923e+03
5.121326276931799839e+03
5.198654670298396013e+03
4.794825825914626876e+03
5.145552900386898727e+03
4.316565734089605030e+03
4.741345593747189923e+03
5.155800555177136630e+03
5.122745416670502891e+03
5.131520875500887996e+03
5.130491915356376921e+03
5.225163436401805484e+03
5.152608939157309578e+03
5.215492279399290055e+03
5.125279640838658452e+03
5.121347799146496072e+03
5.171169777144943509e+03
5.159993740635726681e+03
5.189921195319332583e+03
5.163152747952428399e+03
5.009772826710550362e+03
5.187603650357399601e+03
5.182028485373223702e+03
5.085100327139158253e+03
3.474709774696556451e+03
5.204738353023461968e+03
5.184998848416393230e+03
5.111965785806516578e+03
5.115896476505296960e+03
4.529874089876458129e+03
5.196232570781217873e+03
5.138050644012806515e+03
5.178958541503512606e+03
5.211260151940145079e+03
5.070903701232349704e+03
5.211966091246813448e+03
5.175214170258870581e+03
4.629534963077148859e+03
5.167895715387525343e+03
5.175563479119873591e+03
5.124222587237328298e+03
5.167663682583975969e+03
5.184652385647525080e+03
5.134818076828199082e+03
5.199715979732114647e+03
5.124668037798363912e+03
5.181620640947378888e+03
5.139126903751017380e+03
3.908465013415204794e+03
5.118249450565559528e+03
5.132315378745785893e+03
5.136372438258532384e+03
5.156865346865244646e+03
5.182974338062448624e+03
5.164653915635476551e+03
5.039477131592699152e+03
5.194603409794800427e+03
5.164142593535936612e+03
5.101429998496233566e+03
5.189503545684105120e+03
5.177508894651278752e+03
5.122633805273615508e+03
5.215783703743190927e+03
5.165541143772904434e+03
5.145551920388532380e+03
5.136148130311173190e+03
5.200169983484154727e+03
4.016562294869597281e+03
5.204788114679364298e+03
4.790749349707566580e+03
5.057872024337082621e+03
5.138696622989719799e+03
5.198626543218671031e+03
5.173822323109658100e+03
3.655393635885560798e+03
5.153596213960572641e+03
4.857597761021487713e+03
5.195411463094937062e+03
5.086113952863806844e+03
5.182387765302893968e+03
5.211069373434513182e+03
5.174882994549003342e+03
5.135769062940240474e+03
5.189836315404694687e+03
4.632267183337457027e+03
5.232121633271197425e+03
5.178973609971737460e+03
5.241695145502219020e+03
5.206924497642739880e+03
4.001336490312983187e+03
4.859980040237805042e+03
5.149438518312426822e+03
5.123712718591907105e+03
5.149073760777434472e+03
4.906920401206522001e+03
4.905720197486262805e+03
5.146184410021156509e+03
5.118977943142777804e+03
5.146999676452213862e+03
4.394644836395697894e+03
4.970429976909405013e+03
3.997800321101934060e+03
4.785733911750166044e+03
3.874744194825022532e+03
5.158852436105514244e+03
3.712411162142866033e+03
4.958804958113427347e+03
5.060029596071854940e+03
5.132646634909180648e+03
4.629520947691844412e+03
5.113343956474755942e+03
4.392565730696153878e+03
5.184522151200342705e+03
4.602789231736575857e+03
5.144283335496742438e+03
5.113582216620966392e+03
4.844759588702683686e+03
4.846554499864957506e+03
5.108577882450016659e+03
5.165754358388686342e+03
5.189259639219122619e+03
5.067263558980013840e+03
5.150892312928224783e+03
5.101987653034734649e+03
5.179990481228576755e+03
5.147581543577840421e+03
5.213312449537411339e+03
3.478286178751191528e+03
3.640929656303417232e+03
5.030907640334909956e+03
5.060258740795241465e+03
4.436688247428041905e+03
5.184215498718023809e+03
4.838280534810609424e+03
4.787504597309563906e+03
5.218243869738396825e+03
5.218729688666721813e+03
5.203307404071720157e+03
5.160457682788544844e+03
5.168838126357861256e+03
5.237755563815420828e+03
5.200463633164020393e+03
5.104790313690354196e+03
5.192949037862685145e+03
4.301733974920660330e+03
4.775275505567006803e+03
5.139378111096301836e+03
5.168415723887742388e+03
5.193631361585482409e+03
5.194414180879763080e+03
5.051941068681420802e+03
5.208771065495892799e+03
5.164694273234669708e+03
5.205437461804034683e+03
4.916471198294055284e+03
5.035197968418822711e+03
5.217291743116819816e+03
5.195536033139776919e+03
5.249475531664155824e+03
5.136054199990480811e+03
5.178712560512077289e+03
5.041192688229818486e+03
5.151959949351922660e+03
5.225267598458995053e+03
5.185465489742327918e+03
5.181458830666356334e+03
5.179717051552695011e+03
5.175511300607706289e+03
5.221809654094906364e+03
5.167549120541052616e+03
5.137875276239488812e+03
5.220473001228594512e+03
5.221016284423441903e+03
5.235453891619440583e+03
4.745716778272731062e+03
5.221876712847262752e+03
5.192800906887437122e+03
5.186925969055963833e+03
5.150805849973938166e+03
5.197711415730763292e+03
5.157940740108393584e+03
5.219585762082012479e+03
5.227463035536932694e+03
5.206798601612084894e+03
5.215585950065409634e+03
5.208401049611195049e+03
5.240784065199950419e+03
5.215631095712299611e+03
5.213745019207655787e+03
5.171977343100062171e+03
5.233123861446596493e+03
5.213434139769660760e+03
5.194997468442607897e+03
5.098625880217104168e+03
5.209252999664310664e+03
5.227540121423615346e+03
5.201665185597336858e+03
5.215550427889003913e+03
5.229369300798506629e+03
5.123932645096751912e+03
5.197952056348214683e+03
5.218183280943980208e+03
4.885978856765304954e+03
4.756259455291944505e+03
5.256051308847109794e+03
5.204793997118694278e+03
5.240886937905474042e+03
5.211360471299645724e+03
5.196917536224556898e+03
5.224307427291910244e+03
5.203190265713783447e+03
5.212928397146844873e+03
5.232849138342410697e+03
5.224549407084419727e+03
5.253837551570112737e+03
5.176618795988695638e+03
5.209532872831458008e+03
4.801662618878906869e+03
5.211300616177484699e+03
5.152904370399421168e+03
5.159011265102144534e+03
5.204498456609139794e+03
5.257149234806031018e+03
5.097992200687700461e+03
4.917244368256064263e+03
5.198449962711618355e+03
5.046823703128862689e+03
5.215892061519181880e+03
5.202180315497116680e+03
5.205724891967184703e+03
5.178207101619866080e+03
5.228117538573926140e+03
5.221674008949977178e+03
5.231642997252072746e+03
5.084575205155932963e+03
5.221628436042410613e+03
